#src/zombie.py
# GMT Mon Oct  1 05:24:54 2018
# 
263584 263321
16685 22356 16685 4230
6762 20080 41497 6762 31133 5396 31463 50877 174
6720 8447
22356 28634
15605 12874
14907 6908
29075 15576 198385 174
12307 39540
3333 12859
1103 3257
22381 53070 4809
57866 8283 701
29226 2895 20764
6894 2497
3491 64050 41095 174 28513
22652 6453
3356 3549 9002 51185 174 34177 41095 4230 553 14007
29608 20764
680 1299
49605 9002
3549 25933 16735 52873 9304 5392 23106
4809 12956
29686 6453
4230 28513 262757
20932 1299
37468 1299
53067 6939
47692 33891
205206 42525
8896 1299
28634
29222 3303
39392 174 29504
51405 20764
35699 2914
12654 20764 9002
25160 1299
701 174 1280 2497 23148
8359 28917 20764
38001 41095
198290 6661
29680 174
8220 15547 8758 3320
513 6830
12874 3303
52873 52720
8607 6939
39821 28917
264911 6939
34177
28917 1299
42525 3320
33891 3320
5392
196621 8758
9304
56730 31463
6830 174 6830
15576 29691 174 34288 198249
1221 4637 4608
4608
20562 20764
43578 1299
6461 174 8218 7575
20612 1836
263152 6939
23106
23148 25152
34019 6939
25091 2914 6893
1239 6908 174
6893 2613
3257 12779 29140 3252 12586 12637 174
30781 2914 59689
3252
35054 3303
39351 42708
13101 34549 20764
1299 1764 8455 37497 4637 15435 42708 13030 174 49375 8447 8943 29551 1273 13760 12389 14061 15685 52320 5400 50304 13237 1299 6939
1764 35369
198385 174 202194
40191 174 395766
1916 2914
29551 25220
31463
12859 30132 20764
28929 6939
53070
21232 13030
1251 52888 20080
174 12956 7018 19151 12350 3303 286 5511 31742 20764 3320 2914 6453 64463
6939 8426 327960 51395 262317 20764 202032 57111 37640 263075 58299 45896 263508
8943 50763
2895
16735
31742
13237
39540 57118
8222 3320
59414 13030
13193 3320 49463
14061
3320 47147 3303
51395 59891
12779
5400 2110
58299
13760
263321 28329
29691 57118
553
59689
37497
12637
262317
266534 18881
395152 14007
263075
52720
25220
16347 2914
25227 12389
45896
31133 41722
20764 6661 30844
8426
20080
9002 2914
50877
2914 28329 15562 2497 50300
50304
42708
4637
286
50763
30132
202194
25152
25933
49463
15435
29504
7018
15562
52888
5511 48526
6881 15685
198249
1273 6667
59891
47147
37640
5396
48526
4777 2497
57821 12586
12956 28220 18881
6908
34549
37271 6453
41095
51185
31424 13030
24482 6453
3303
49375
28220
19151
8455
327960
6661
8218
202032
6667
262757
15547
395766
2110 39122
6453
8758
64463
50300
28329
41497
13030 1836
64050
12586
57118
12350
7575
34288
30844
14007
15685
35369
8447
39122
52863 52320
2497
41722
12389
1280
29140
57111
2613
263508
52320
1836
28513
8283
18881
