#src/zombie.py
# GMT Mon Oct  1 05:13:12 2018
# 
52873 18881 52720
1916 2914
22548 16735
14061 1299
7018 3257
34781 13030
8447 3320 6720
53070 10429
37239 4809
29075 58308 174 50620
5396 6762
6453 6453 3257 29608
701 2497 4230 702 2914 1280 7738 23148
8468 12859
25220 3320
3252 702
16735 52320 12956 28138
57821 12586
3491 3257
30844 5413
35054 3549
35699 174
2895 3267
29691 57118 15576
3356 3356 680 3549 51185 8426 3257
51405 24611
1853 1764
263321 263584 7738
4777 2497
39821 28917
9189 8422
30132 3257
19151 174
8220 3320 15547
12956 18881 28220 10429 3257
52720
12859 13030 12654 49605 34177 3257 2603 286 16265 48526 41095 2914 20562 8359 16347
5511 30781 3257
50300 31463 174
15435 3257
37271 4809 327995
8222 3320
24611 6661
4230 262757
52863 4809
198385 202194 41562
8426
12874 3303 15605
327995
59689 30781
12350 174
15547
29680 174
3333 1136
20080 2914
5392 174
25933 26615
31463 56730
58299 13030
1103 286 2603 12654
20562
7575 2914
262317 10429
31424 33891
42708 50304 1299
513 3320
57118
50763 8943
41562 15576
12779 174
41095
2914 47872 3320 9002 8455 4589 3257 29686 8607
553 33891
7738
1299 13030 1273 8455 8943 3257 8732 286 52320 13237 62567
8607
198249 15576
8732 20764
2497
263584
4637 1221 3257
26615 6762 16397 26615
29222 3303
13193 3320 49463
15576 196621 3303 34288 8758
14361 3257
62567
25160 174
34177
47872
8943
262757
34288
56730
2613 25091
30781
3320 3320 3257 4809 33891 1764 3303 8422
59891 51395
8455 12654
2603 3267
1836 174
1764 8596
680
13002 20764 25091
8758 20612
8359 20764
8422
20764
1221 4608
5413 12654
49463
28917 174
286 1136 3257
16265 38930
6461 3257 8218
28220
23148 25152
34019 3303
12637 174
13030 51395
41497 174
25152
18881
1273 6667
24482 174
6720
4589
9304 174
33891
202194
48526
4608
50304 57381
20932 174
3549
51185
52320
16397 263075
4134 4809 3257
13237
49605
29140 174
8596 8596
6661 198290 174
28329 6762
9002
12586 3257
22652 3257
57381
174 3257 31122 64396 174
29686
702
29608
198290
28138
38930 8283
15605
8218
51395
263075
3257 6762
1136
6667
4809
6762
10429
196621
12654
64396
20612
16347
58308
31122
50620
8283
25091
3267
3303
1280
