#src/zombie.py
# GMT Mon Oct  1 05:45:00 2018
# 
52873 18881 52720
1916 2914
22548 16735
14061 1299
7018 1299
34781 13030
8447 6720 12654
53070 10429
37239 4809
1267 5413 15605
29075 5413 50620
5396 3356
6453 174
701 702 2914
8468 5413
3252 702
29551 31025 25220
16735 52320 262757 28138
57821 12586
3491 2914
30844 5413
35054 3356
35699 2914
2895 3267
29691 57118 15576
3356 174 29608 2914 25220 3549 1299
51405 24611
1853 20965
263321 263584 7738
7660 22388 9270
4777 2497
6830 513 6830 5413
39821 28917
9189 8422
30132 12859
19151 174
8220 5413 15547 15576
1239 7738 2914
12956 18881 10429 28220 174
52720
12859 25220
6939 1280 5413
50763 8943
15435 5413
37271 4809 327995
8222 3320
24611 6661
262757
52863 4809
198385 202194 41562
43531 24482 5413
8426 5413
327995
59689 58308 30781
52320 2828
15547
59891 51395
3333 1136
20080 2914
5392 3549
25933 3549
51945 39326 56730
58299 13030
1103 5413
13237 5413
20562 5413
7575 24490
262317 10429
31424 13030
42708 57381 50304 5413
513
57118
4637 1221 5413
4589 5413
41562 15576
41095 13002 5413
2914 47872 25220 5413 286 29140 12654 1299 6661 12637 2497 30781 9002 8455 34177 29686 16347 3303 14361
553 33891
39326 5413
7738
1299 4134 174 25220 62567
8607 5413
198249 13030
2497
263584
31025 680 13101
8928 5413 29680
29222 3303
15576 196621 34288 8758
14361
62567
2828 5413 23148
25160 5413
34177
47872
34288
56730
24489 24490 24489 9270
2613 25091
30781 34019
3320 680
8455
8943 5413
1836 13030
680 20965 680 12654 174 8596
13002 25091
8758 20612
8359 20764 5413 28917 12654
9270 9270
20965 11537
20764
1221 4608
5413 20932 6667 12654 12779 8422 13030 31122 50300 33891 49605 9304 51185 3267 6661 48526 16265 8218
49463 8218
28917
286 1136 174
13101 12586
16265 38930
25220 12654
28220
23148 25152
34019
12637
13030 51395
41497 3257
25152
18881
50300
24482
6720
9304
33891
202194
48526
8422
4608
50304
20932
3549 16397
51185
16397 263075
4134 4809
12350 174
49605
29140
11537 22388
24490
6661 198290
28329 6762
8596
9002
12586
22652 3257
57381
174 6762 64396 3257
29686
702
29608
198290
28138
38930 8283
15605
8218
51395
263075
3257
1136
6667
4809
6762 12654
10429
196621
12654
64396
20612
12779
16347
58308
31122
50620
22388
8283
25091
3267
29680
3303
1280
