#src/zombie.py
# GMT Mon Oct  1 05:48:00 2018
# 
52873 18881 52720
1916 52888 2914
22548 16735
14061 1299
7018 2914
34781 13030
198545 29152 174
8447 3320 6720
53070 10429
37239 4809
29075 174 50620
5396 3356
701 286 2497 174 702 2914 701 12956 209
8468 3549
6461 7575 2914 8218
3252 702
48039 8596 3320
37179 41095 327984
57821 12586
3491 2497
30844 6939
35054 3356
174 50304 262589 20932 25160 12779 16735 12350 19151 2914 52320 6661 12637 29680 41497 31122 29140 174 64396 34177 5392 9304 680 6730 28917 15435 35699
35699
2895 29076
29691 15576
3356 20764 2497 29608 51185 8426 3549 31463 15547
51405 24611
52888
1853 21320
58299 13030
4777 2516
13030 2497 1299 1836
9189 8422
30132 12859
19151
6453 2497 22652 2914
1239 2497 7738
12956 18881 28220 10429 2914
41497
12859 2914
262589 28329
3216 20764 1273
5511 30781 48526 2914
29152 58308
50300 2914
15435
37271 4809 327995
24482 4657
24611 6661
198385 202194 41562
8426
12874 3303 15605
327995
59689 30781
52320 16735
15547
4657 2497
29680
3333 1136
20080 6762
5392
25933 26615
31463 56730
6939 1280 51395 2497
263321 263584 7738
1103 286
29076 8359
13237 1299
7575
262317 10429
31424 33891
42708 50304 1299
16735 28138
513 6730
57118 196621
50763 8943
41562 15576
12779
41095 2497
2914 47872 6762 2914 1299 8607 2497 4713 9002 8455 4589 29686 16347 38930 62567
553 680
7738
4837 2497 4809 4837
8607
198249 15576
2497 3257 286 12654 6661 3320 9002 1273 2603 8359 14361 2516
263584
4637 1221 3561
26615 6762 26615
29222 3303
4608 1221
15576 196621 3303 34288 8758
14361
62567
22652
25160
34177
47872
8943 1299
34288
56730
2613 6893
21320 2603
30781
3320 33891 3303 25220 8222 13193 8422
59891 51395
3561 209
8455
2603
1836
1299 1273 12586
6893 25091
680
13002 20764 25091
8758 20612
8359
8422
20764
327984
1221
49463 13193
28917
286 1136
25220
28220
34019 3303
12637
39821 9002
52720
4713 25152
25152
18881
1273 6667
8222
6720
4589
9304
33891
202194
48526
13193
50304 57381
20932
3549
51185
12350
49605 9002
29140
8596
6661 198290
28329
9002
12586
209
57381
6730 6730
29686
702
29608
198290
28138
38930 8283
15605
2516
8218
51395
3257
1136
6667
4809
6762
10429
196621
12654
64396
20612
16347
58308
31122
50620
8283
25091
3303
1280
