#src/zombie.py
# GMT Mon Oct  1 05:57:06 2018
# 
52873 18881 52720
1916 174 12654
22548 16735
14061 1299
7018 174
34781 13030
59891 51395
53070 52863
37239 36937
29075 58308 1299 50620
5396 3257
701 4134 2497 174 702 1280 23148
8468 3549
25220 29551
3252 702
48039 12586 8596
29551 1299
16735 12956 28138
57821 12586
3491 174
30844 6939
35054 3303
35699 174
2895 29076
29691 57118 15576
3356 3356 30781 3549 51185 8426 9002 31463 25160 4809 47872 174 8359 41095 553 680
263651 52863
1853 6720 1764
58299 13030
4777 2497
26592 16397 26615
6830 513 6830 174
39821 9002
9189 8422
1764 174
19151 174
6453 6453 174 29608
12956 18881 28220 174
52720
12859 30132 3257
5511 174 48526
6939 51395 52863
50300 2914
263674 52863
263584 263321
24482 174
24611 51405 6661
262757 52863
52863 264911 4809 6762 12654 14840 28329
198385 202194 41562
8426
12874 3303 15605
327995 37271
59689 30781
12350 1299
15547 1299
14840
29680 3257
3333 1136
20080 2914
5392 3549
25933 3549
31463 56730
263321 7738
1103 3257
29076 174
7575 6461
31424 13030
42708 50304 1299
513
57118
50763 8943
41562 15576
12779 174
30132
41095
15435 1299
553
7738 1299
1299 13030 20932 1273 8455 8943 8732 49605 174 13237 38930 62567
8607 2914
198249 15576
1136 286
2497
37271 4809
4637 1221 4134
6421 36937 9505
26615 6762
29222 3303
4608 1221
15576 196621 3303 34288 8758
14361 3257
62567
2914 174 9002 16347
25160
4589 3257
47872
8943
34288
56730
2613 6893
30781
3320 6762 174 3303 8222 13193 8422
8455
34177 174
1836 13030
6893 25091
680
13002 20764 25091
8758 20612
48526
8422
20764 8732
1221
49463 13193
28917 8359
286 174
13101 12586 174
6461 174 8218
28220 28220
23148 25152
34019 3303
12637 3257
13030
41497 174
25152
18881
1273 6667
8222
64396 174
9304 174
36937
202194
8359
13193
50304 57381
20932
3549
51185
16397 263075
51405
4134 4809 9505
13237
49605
29140 174
8596
6661 198290 174
264911
28329
9002
6720
12586
22652 174
57381
174 3257 6762 174
29686 3257
702
29608
198290
28138
38930 8283
15605
8218
51395
263075
3257 31122
8732
6667
4809 4809
6762
196621
12654
20612
16347
58308
9505
31122
50620
8283
25091
3303
1280
