#src/zombie.py
# GMT Mon Oct  1 05:31:54 2018
# 
262375 52720 22548 3549 14840
7018 174
6720 8447
15605 12874
18747 174 263702
14907 13030
29075 15576 174 1299
202032 6939
3333 12859
52888 1916
20612 1836
4657 38001 3491
6894 2516
3491 174
22652 3356
3356 680 8426 30781 3549 15547 8896 174 20676
29608 6453
680
8365 2914 2857
49605 3257
3549 16735 52873
20495 8455
29686 2914
4230 262757 174
20932 1299
8732 20764 1299
37468 3257
53067 6939
47692 33891
205206 16245
8896
28634 22356
39392 3257 29504
51405 24611
12654 513
1273 6667 1299
38001
198290 6661
29680 3257
2603 30844 21320 12859
559 513 20965
513 6830 513 20965 174 21320 6939
12874 3303
52873
62240 136620 1299
8607 6939
28571 1251
264911 6939
50300 2914
28917 1299
263702
136620 136620 59891
196621 15576
9304 3257
56730 31463
6830 1299
15576 198385 21232 6453 198249
6461 174 8218
29208 2914 15685
263152 6939
23106 10429
34019 3303
25091 2914
20965 1103 21320 27750
29636 2914
3257 31122 41497 29551 31742 31463 12779 174
30781 59689
4844 2914 37989
39351 42708
1299 8943 13030 16245 42708 38930 15435 14061 5400 50304 174
33891 553 3320 34549
198385 202194
29551 25220
50620 174
31463
12859
38930 8283
53070 10429
21232
14840
1251 1916
174 12956 6762 25160 16735 701 57111 3320 2914 58299 6453 64463 286
6939 12956 262317 21320 37640 263075 2613 6939
8943 50763
59891
16735 52320 263508
31742
1916 27750
59414 13030 12307
13193 3320 49463
14061
3320 47147 3303 6661
12779
5400 2110
58299
25160
29691 13030
553
59689
12637 2914
262317
266534 18881
263075
52720
25220
16347 2914
20764 41722
8426
20080 2914
9002 2914
50877 6762
2914 2497 19151 29140 1280 7575 15562 49375 8447
50304
42708
286
50763
8455 13030
202194
25152 2497
2516 701
49463
15435
29504
6762 37271
15562
1103
6881 15685
198249
31122
24611 6661
701 2497
21320
47147
37640
27750
48526 6453
4777 2497
12956 10429 18881
16245
34549
37271 37239
22356 27715
3303
49375
37239
19151
8283
8218
12307
6667
262757
15547
2110 39122
6453 6453 24482
64463
20676 12586
41497
13030 1836 35369 34288
12586 57821
24482
22548
7575
34288
30844
15685
35369
8447
39122
52863 52320
2497
2857
37989
41722
57821
1280
29140
57111
2613
263508
52320
1836
10429 27715
18881
6661
27715
