#src/zombie.py
# GMT Mon Oct  1 04:28:44 2018
# 
52873 18881 52720
1916 2914
22548 3549
14061 19151
7018 3356
34781 13030
59891 51395
2914 3356 6762 174 9002 3320 20080 28513 8607
25160 174
37239 36937
24611 51405 6661
29075 58308 174 50620
30844 9002
5396 3257
8220 3320 15547
8426 3356
4230 28513 262757
701 3356 2497 174 23148
8468 3549
6461 174 8218
263075 16397
20932 3356
3252 9002
57381 50304
30781 3356 59689
3320 3356 33891 3320 513 3303 7738 13193 6661
16735 28138 3549
8455 3257
57821 12586
34177 174
1836 13030
51185 3356
35054 3303
680 553 9002
56730 31463
49605 1299
13002 174 25091
16347 8218
8758 20612 15576
2895 3267
8359 3356 28917
8422 9189 9002
20764 3356
51405
1853 9002
28917 39821
4777 2497
1221 4637 4608
16397 3549
29608 174
49463 13193
39821
53070 10429
286 1136 3356
13101 12586 9002
30132 12859
19151 9304 3356 41095 174 12654 1280 7575
8943 1299 50763
29691 15576
6453 36937 174 9002
25220 3356
28220 12956
9189
12956 18881 174 10429 3356
23148 25152
263321 263584 7738
12637 174
13030 51395 1299 58299
38930 8283 1299
41497 174
25152
12859 9002
1273 6667 1299
24482 174
6720 9002
4589 9002
9304
36937
33891 31424
202194 198385
48526 5511
41095
50300 174
15435 3257
52720
37271 327995 9002
8222 3356
13193
50304 42708
47872 3356
262757
52863 4809
50763
3549 25933 3356 4809 5392
3356 4637 9002 3491 1299 5511 31463 174 3303
64396 174
28513
3491
12874 3303 15605
15547
12350 174
34019 3303
31424
29140 9002
59689
13237 9002
51395
8596 9002
34288 15576
5511
6661 198290 9002
28329 6762
29680 3257
7738
9002 12654 29686 20562 62567
12586
20080
22652 3257
5392
25933
58308
31463
174 3257 12779 29222 1299 3267 6762 35699
29686
58299
1103 3257
198290
28138
20562
15605
8218
7575
262317 10429
327995
42708 1299
513
57118 196621
4637
41562 198385 15576
3257
35699
1136 3333
6667
4809
29222
10429
196621 15576
12654
553
20612
1299 31122
12779
8607
198249 15576
18881
2497
263584
2613 25091
31122
50620
198385
3333
8283
25091
3267
6762
4608
15576 3303
3303
1280
62567
