#src/zombie.py
# GMT Mon Oct  1 04:12:50 2018
# 
52873 18881 52720
1916 174
22548 16735
14061 1299
7018 174
34781 13030
8447 3320 6720
53070 10429
37239 36937
29075 174 50620
5396 6762
6453 5511 174 8468 29686 36937
701 2497 23148 1299 702
8468
25220 3320
3252 702
48039 12586 8596
16735 52320 12956 28138
57821 12586
3491 28513 174 12389
30844 50304
35054 3303
6730 513 3320 6730 6893
35699 174
2895 29076
29691 57118 15576
3356 31463 49605 174 20932 41095 3549 8426 29608 14361 1299
51405 29608
1853 1764
28917 39821 174
4777 2497
13030 31424 51395 58299 29608 1836
9189 8422
30132 50304
45896 174
8220 3320 15547
12956 5511 47872 10429 18881 174 28220
263321 263584 7738
12859 50304
3216 20764 42708
5511 6762 174 4637 2914 29608 3257 1299
6939 1280 29608
1273 1299 48526
15435 50304
37271 327995 1299
24482 174
47872
4230 28513 262757
52863 6762
198385 202194 41562
8426
19151 174
327995
59689 58308 30781
12350 29608
15547
29680 174
3333 1136
59891 51395
5392 174
25933 3549
31463 56730
58299
1103 50304
29076 12389
20562 50304
2613 6893
31424
42708 57381 50304 13101 1299
513
57118
50763 50304
41562 15576
12779 174
41095
2914 8607 20080 4589 9002
553 680
7738 174
1299 50304 31122 174 13237 3320 6461 62567 8422
8607
198249 15576
2497
263584
4637 1221
29222 3303
4608 1221
15576 196621 3303 34288 8758
14361
12874 3303 15605
62567
25160 174
12389
4589
262757
34288
56730
7575 6461
30781 29608
3320 8222 3303 13193
8455 50304
34177 174
1836
6893
680 174
13002 174 25091
8758 20612
48526
8422
20764
1221
49463 13193
286 1136 174
13101 12586
20080
6461 8218
28220
23148 25152
34019 29608
12637 174
39821
41497 174
25152
18881
50300 174
8222
64396 174
9304 174
36937
202194
52720
13193 13193
50304 8283 174 12654
20932
3549
51185 174
52320 174
28513
13237
49605
29140 174
8596
6661 198290 29608
28329 6762
9002
6720
12586
3303
22652 3257
57381
174 3257 6667 6762 174 8218
29686
702
29608 12654 43100
198290
28138
15605
8218 1764 16347
51395
3257
1136
6667
6762
10429
196621
12654
20612
16347
58308
31122
50620
8283
25091
43100
1764
1280
