#src/zombie.py
# GMT Mon Oct  1 04:53:00 2018
# 
52873 18881 52720
1916 174
22548 16735
14061 1299
7018 174
34781 13030
8447 3320 6720
1251 20080 28571
53070 10429
37239 4809
29075 5511 50620
5396 6762
6453 6453 24482 174 29686 29608
701 1280 174 2497 702
8468 3549
6461 7575 174 8218
3252 702
16735 12956 28138
57821 12586
3491 174 12389
30844 6939
35054 3356
35699 174
2895 29076
29691 57118 15576
3356 3356 47872 3320 19151 3549 51185 8426 9002 34177 5511 31463 680 174 28917 2914 20932 14361 8607
51405 24611
52888 28571
1853 1764
263321 263584 7738
4777 2497
13030 51395 1299 1836
9189 8422
30132 12859
19151 286 41095 174 25152
8220 5511 15547
1239 4637 174
12956 18881 10429 28220 174
52720
12859 3257
262589 28329 174
3216 20764 1273
5511 30781 48526
6939 12654 25152
50300 174
5580 174 22652
15435 1299
37271 4809 327995
24482
24611 6661
198385 202194 41562
8426
12874 3303 15605
327995
59689 58308 30781
12350 174
15547
29680 174
3333 1136
59891 51395
5392 3549
25933 26615
31463 56730
58299 174
1103 3257
29076 12389
2613 25091
262317 10429
31424 33891
42708 57381 50304 1299
513 3320
57118
50763 8943
41562 15576
12779 174
41095
2914
553 33891
7738 3320
1299 1273 8943 174 28917 13237 38930 62567 8422
8607
198249 15576
2497
263584
8218
4637 1221
26615 6762 16397 26615
29222 174
4608 1221
15576 196621 3303 34288 8758
14361
62567
25160 174
12389
8943
47872
34288
56730
7575
30781
3320 3320 8222 4809 33891 1764 25220 13193 6661
8455 3257
34177
1836
680
13002 20764 25091
8758 20612
48526
8422
20764
1221
49463 13193
28917 39821
286 1136 174
20080 6762
25220
28220
34019 3303
12637 3257
39821
41497 3257
25152 3257 12654
18881
1273 6667 174
8222
6720
4589 3257
9304 3549
33891
202194
13193
50304
20932
3549
51185
16397 263075
13237
49605 3257
29140 3257
8596 8596 1764
6661 174 198290
28329
9002
12586 3257
3303 174
22652
57381
174 3257 6762 64396 16347
29686
702
29608
198290
28138
38930 8283
15605
28571 28571
51395
263075
3257 31122
1136
6667
4809
6762
10429
196621
12654
64396
20612
16347
58308
31122
50620
8283
25091
1764
1280
