#src/zombie.py
# GMT Mon Oct  1 03:51:27 2018
# 
328206 328145
7018 6939
6720 8447
22356 27715 28634
15605 12874
14907 13030
29075 198385 57111
12307 59414
3333 12859
1103 286
20612 1836
4657 38001 3491
6894 2516
31025 29551 57111
3491 6939
22652 6939
3356 33891 42525 553 14061 60501 37271 8896 2516 8359 6730 6762 6667 6939 39122 25091 3356 29608 680 30781 3549 15547 9002 48526 20676
29608
680 12654 1299
49605 9002
3549 16735 24611 52873 263702
20495 8455
29686 6453
20932 57111
31122 6939
31424 6939
53067 6939
47692 33891
205206 42525
8896
28634
39392 33891 29504
29140 2914
12654 6762 13030 9002 25220 57111
43100 57111
1273 1299
8359 20764
38001
199714 206356 13030
198290 6661
29680 6939
513 6730
12874 3303
52873 52720
62240 136620 6461
8607 6939
28571 1251
206356
264911 6939
50300 31463
28917 1299
263702
42525
196621 15576
9304 15830
56730 31463
15576 6939
6461 8218 6939
35266 6939
6667
263152 6939
23106 52320
34019 3303
29504
25091
29636 2914
3257 15435 6939
30781 59689
4844 37989 7473
39351 42708
1299 8732 13030 50304 174 6939
33891 34549
198385
29551 25220
50620 6939
31463 57111 6762
12859 13030
21232 13030
15830 6939
1251 1916
174 19151
6939 12956 6762 701 37271 262317 266534 202032 263075 25220 24482 29208 8426 262757 4635 2914 6939 42708 64463 7575 328145 286 8943 2497 6453 1280 57111 3320 37640 5396 25160
8943 50763
59891 136620
16735 52320 12989 263508
31742 57111
1916 52888 2914
59414 13030
13193 3320 49463
14061
3320 3303 47147
12779 57111
35369 13030
58299 13030
25160
29691 13030
136620 136620
553
59689
60501
12637 2914
262317
266534
263075
52720
29208 15685
16347 57111
45896 9002
20764 8732 41722
8426
20080 2914
8447 57111
9002 4635 8758
202194 13030
4635 7473
2914 15562
50304 57381
42708
286
50763
8455 8283 13030
25220
50877 57111
25152 2497
2516
49463
57821 12586
6730 6730
6762 41497
15562
52888
328145
6881 15685
198249 13030
8732
24611 51405
701 2497
47147
37640
5396
48526
4777 2497
12956 10429
34549
37271 37239 37468
37468
24482
3303
37239
19151
8283
8218
202032
262757
15547
6453
8758
64463
20676 12586
41497
13030 34288 1836
12586
22548 12989
57381
7575
34288
30844 57111
15685
7473
39122
52863 52320
2497
37989
41722
15435
1280
51405
57111 2857 2613 6661
12989
2613
263508
52320
1836
10429 27715
2857
6661
27715
