#src/zombie.py
# GMT Mon Oct  1 05:15:37 2018
# 
328206 328145
7018 1299
6720 1853
15605 12874
18747 174 263702
14907 13030
29075 34019 174
202032 6939
3333 12859
1103 3257
57866 8283 701
4657 38001 4637
6894 174
3491 6939
22652 6453
3356 8426 6774 3549 3320 6762 47692 6453 6939
29608 174
680 1299
49605 174
3549 52873
20495 8455
29686 6453
20932 174
37468 52720 174
53067 6939
47692 12654 6453 6939
205206 16245
8896 174
28634 22356
39392 174 29504
51405 24611
12654 47147 13030 6939
1273 1299
38001
198290 174
29680 174
513 174
12874 3303
52873
8607 6939
28571 1251
206356 50629
264911 6939
28917 6939
263702
33891 34549 3320
196621 15576
9304 6939
56730 51945
15576 174 21232
50629 174
6461 3320 8218
35266 2914
20612 1836
263152 6939
23106 52320
34019
25091 2914
29636 174
3257 60501 3320
30781 59689 6939
4844 37989 7473
39351 174
1299 42708 8943 701 13030 6453 14061 3320 7473 50304 174 6939 286
1764 35369 174
198385 174 202194
50620 174
51395 59891 174
12859 6939
21232
51945 174
7473
1251 1916
174 29691 12779 553 16245 21320 37271 12637 20764 24482 3303 6667 2857 19151 25512 6661 50877 64463 39122 41497 49463 15435 29140 1836 34288 174 25160 31122 16735 31742 1916 50300 52320 48526 58299
6939 263075 31424 12956 15547 262317 7575 25220 30844 6939 12586 1280 20080 3320 37640 5396 4635 2613
8943 50763
59891
16735 22548 262757 263508 266534
31742
1916 52888
59414 13030
14061
3320 47147 2914 6453
12779
35369
58299
25160
29691 198249 57118
553
59689
60501
12637
262317
266534
263075
52720
25220
16347 2914
20764 41722
8426
6774 328145
20080
9002 2914
202194
4635 4637
2914 2497 8455 15562
50304
42708 57381
4637
286
50763
8455
50877
25152 19151
49463
57821 12586
29504
6762
15562
52888
328145
6881 25512
198249
31122
24611 6661
701 2497
21320 1853
47147 57111
37640
5396
48526
4777 2497
12956 10429
16245
34549
37271 37239
31424
22356 27715
3303
37239
19151
25512
8283
8218
12307 57118
6667
262757
15547
6453
8758 13030
64463
50300
41497
13030
1853
12586
24482
57118
22548
57381
7575
34288
30844
39122
52863 52320
2497
37989
41722
15435
1280
29140
57111
2613
263508
52320
1836
10429 27715
2857
6661
27715
