#src/zombie.py
# GMT Mon Oct  1 04:31:22 2018
# 
52873 18881 52720
1916 2914
22548 3549
14061 1299
7018 701
34781 13030
8447 3320 6720
53070 10429
37239 36937
29075 58308 174 1299
5396 3356
701 3356 2497 3491 12956 286 6762 174 702 2914 6453 6461 1239 1299
8468 3549
25220 3356
3252 34019 20562 174 702 12654
48039 12586 8596
16735 28138 174 3549
57821 12586
3491 28513
30844 20764
35054 3303
35699 9002
2895 3267
29691 57118 15576
3356 3356 47872 1853 3549 51185 41095 19151 2914 15547 6762 3320 9002 22652 12956 5511 31463 680 174 8359 8422
51405 24611
1853
28917 39821 8359
4777 2497
13030 51395 1299 1836 58299
9189 8422
30132 12859
19151 174 25152
6453 8426 36937 9002
1239 4637
12956 18881 10429
263321 263584 7738
12859 41095 9002
37497 20764
5511 48526
1273 6667 1299
15435 1299
37271 327995 9002
24482 174
24611 6661
4230 28513 262757
52863 6762
198385 202194 41562
8426
12874 3303 15605
31424 33891
59689 30781
12350 9002
15547
29680 9002
3333 1136
20080 2914
5392 3549
25933 3549
31463 56730
58299
1103 286
20562
2613 6893
327995
42708 57381 50304 1299
513 21320
57118
50763 8943
4589 2914
12779 174
41095 12654
2914 30781 3320 29686 9002 8455 8607
553 680
7738 174
1299 8943 20485 2603 8732 49605 24785 13237 1280 38930
8607
198249 15576
8732 20764
2497
263584
4637 1221
45896 174
26615 6762 16397
34177 174
29222 3303
15576 196621 3303 34288 8758 41562
14361 9002
62567 9002
25160 174
2603 3267
47872
24785 1136 24785
262757
34288
56730
7575 6461
21320 9002
30781
3320 33891 702 3303 8222
59891 51395
8455
8943
20485 13002
6893 25091
680
13002 25091
8758 20612
8359
8422
20764 20764 13101 174 20932 12654 6661
1221 4608
28513
49463 174
286
13101 12586
6461 8218
28220 3549
34019
12637 174
39821
41497 174
25152
18881
50300 174
8222
64396 174
9304 9002
36937
33891
202194
48526
52720
4608
50304
20932
3549
51185
16397 263075
13237
41562
49605
29140 174
8596
6661 198290 174
28329 6762
9002 12654
6720
12586
22652
57381
174 3257 31122 50620 174 29608 8218
29686
702
29608
198290
28138
38930 8283
15605
8218 16347
1836
51395
263075
3257
1136
6667
6762
10429
196621
12654
20612
16347
58308
31122
50620
8283
25091
3267
3303
1280
