#src/zombie.py
# GMT Mon Oct  1 05:18:04 2018
# 
37468 37271
50620 6939
2857 6939
12989 22548 16735
59689 6939
52720 52873
57821 12586
62567 6939
174 7018 6762 3356 1299 1280 25160 12956 5511 19151 2914 25512 3257 6461 1239 29075 64396 20932 1764 6830
286 6939
12874 3356 15605
198249 15576
28917 1299
22652 3356
8359 20764 3356
10429 23106 53067 53070 12956
56730 31463
41722 9002
2914 29636 2497 4844 20080 1916 7575
15435 6939
1299 13030 42708 1273 14061
12859 6939
1280
513 6830
29608 5511
202194 198385
20080 1251 6939
29691 57118 15576
31463 21396
25512 6881
1257 3333 1239
16347 6939
41497 6762
50300 3356
12586 20676
8218 6461
16735 12956
2497
12779 3257
8607 6939
6830 6830
51395 3257 59891
13002 20764 25091
3356 44217 6939 15547
264911 6939
37271 6939
4844 37989
8763 6939
49463 6939
6661 198290 6939
43531 8596 6939
42708 50304 57381
3257 25152 12637 31122
47872 44217
6881
202032 6939
12307 57118
8596
48526 6939
18881 52873 12956
12637
15576 8220 196621
34019 6939
34288 6939
15605
37989
50304
58299 6939
23106
5511 5511
1103 6939
21396 6762
50763 6939
48166 6939
57118
20612 1836
1251 28571
680 6939
22548
28571
1273 6667 25152 6939
7575
64396
1836 13030
49605 9002
13030
1853 6720 1764
8758 6939
12956 6939
8283 6939
14061
3333
8928 29680 6939
263075 6939
198290
20932
37640 6939
263651 6939
1764 35369
20676 6939
2613 6939
25160
262317 6939
4589 6939
29686 6939
9304 6939
51405 6939
8220 6939
29636
29075 198385 6939
23148 25152 6939
1916
6939 262757 37497 8455 8426 6695 25220 31424 263152 553 25152 19151 29140 30844 24482 12654 6453 5396 9002 37239
25220
52863 6762
41617 9002
5396
6762
31424
25091
59891
44217
263152
198385
553
25152 12654 19151
29680
19151
53067
8455
1239
196621
29140
6720
30844
9189 6695
7018
6667
24482
8426
37497
9002
6453
262757
31122
35369
6695
6461
53070
57381
20764
52873
12654
37239
15547
