#src/zombie.py
# GMT Mon Oct  1 05:17:37 2018
# 
37468 174
50620 174
2857 174
12989 16735 53070
24785 20562 1299
264911 6939
57821 12586
62567 6453
24611 6661 51405
174 64396 3356 19151 174 29140 20932 12637 1299 24482 1280 25160 513 29680 48526 9304 2914 12779 29636 29075 41497 52320 20764 21320 1916 1764
43100 9002
286 3356
198249 13030
28917 1299
22652 1299
2613 6893
198290 6661
56730 31463
41722 20764
2914 29208 3356 4844 25074 20080 25220 6461 4589 6661 12654 30844 7575
15435 1299
8455 8283 13030
12859 9002
1280
513
29608 3356
20080
16347 3356
31463 21396 50300
1257 3333 1239
41497
50300
12586 31025
8218 6461
16735 262757 1299 12956 22548 6939
2497 3356
12779
5539 8763 21385
8607 3356 12654 6939
262757
3356 6762 7018 553 3549 3257 1239 6939 8359 9002 30781
37271 37239 6939
4844 37989
8763
15685 29208 6881
49463 13193
21385 6939
6661 9002
12874 3303 15605
25074 9189
42708 1299 50304 57381
3257 1299 31122 1103
47872 44217
6881
52863 6762
262317 6939
8596 1764
48526
18881 52873 12956
12637
15576 6772 196621
34019 3303
34288 13030
1916 1251
37989
50304
8928 10026
58299 13030
23106 52320
680 6939
1103
50763 8943
34781 13030
28329 3549
20612 1836
15605
1251 28571
52320
22548
28571
14061 1299
31424 6939
9002 49605 44217 20562 12654 6939 6453
30781 59689
7575
64396
1836 13030
49605
13030 35369 202194 1299 6772
1853 21320 6720
8758 6939
12956 6762 6939
8283
41617 8359
3333
8359
3549
9189
263075 6939
21396 6762
13193 3320
20932
198385 29075
37640 6939
263651 6939
1764
29208
59689
25160
51405
4589
29686 6453
9304
7018
52720 52873
29636
29075
3320 1299 3303
6939 263152 31025 8426 37497 59891 53067 202032 12654 5396
25220
202032
21320
5396
6762 1299
6893 25091
25091 13002
59891
44217
10026 1299
263152
20562
553
25152 19151
29680
19151
53067
1299 6453 8943 1273 15547
1239
196621
31025
29140
6720
30844
202194
13002 20764
6667 1273
24482
8426
37497
1273
6772
6453
31122
35369
8943
6461
53070
57381
20764 20764
3303
52873
12654
37239
15547
