#src/zombie.py
# GMT Mon Oct  1 06:14:49 2018
# 
37468 174
50620 174
2857 174
12989 22548 16735
264911 6939
57821 12586
62567 6453
174 6762 3356 25512 16347 49463 19151 29140 286 3257 9304 1239 3303 198290 64396 174 41497 7018 1299 25160 29680 31133 6453 29075 12779 29636 2914 6461 12637 20764 16735 21320 1916 31122
43100 20764
286 8596 1103
12874 3303 15605
198249 13030
29551 25220 1299
28917 1299
22652 6939
8359 20764 41722
52863 6762
56730 31463
41722
2914 4589 20080 9002 4844
20485 13002 4635
15435 6939
8455 8283 13030
12859 9002
1280 1299
37497 6939
31133 31261
20080
12956 3356 18881 10429
31463 21396 50300
25512 6881
15547 3356
1257 3333 1239
41497
50300
12586 20676
8218 6461
16735
2497 3356
12779
5539 8763 21385
8607 6939
7018
3356 1299 8426 44217 553 3549 6939 20764 29608 9002
37271 37239 6939
4844 37989
8763
49463
21385 6939
4635 6939
29140
3257
47872 44217
6881
202032 6939
44217
262317 6939
8596
48526 9002
18881 52873
12637
15576 6772 196621
34019 3303
34288 13030
15605
37989
50304 42708
58299 13030
23106 10429
5511 30781 6939
1103
50763 8943
34781 13030
31261 41617
20612 1836
1251 28571 6939
680 1299
22548
198290
31424 6939
1273 6667 1299
30781 59689
7575 6461
64396
1836 13030
49605 9002
13030 1299 35369 202194 6772
1853 21320 6720
8758 9002
16347
53067 6939
8283
14061 1299
3333
8928 1299
3549 28329
9189 6939
263075 6939
21396 6939
37640 6939
263651 6939
52720 52873
59689
25160
4589
29686 6453
9304
51405 6939
29636
29075 198385
28329
1916
6939 262757 263152 59891 30844 1299 5396 12654
25220
29608
21320
41617
5396
6762
6893 25091 2613
25091 13002
59891
2613
263152
198385
553
25152 19151
29680
19151
42708 1299 57381
1299 6453 20676 8943
1239
196621
28571
20676
6720
30844
202194
13002
6667
24482 6453
8426
9002 12654 6453
6772
6453
262757
31122
35369
8943 8943
6461
53070 10429
57381
20764 12654
3303
52873
12654
37239
10429
