#src/zombie.py
# GMT Mon Oct  1 07:05:52 2018
# 
20612 1836
50620 174
8422 1299 9189
2857 8365
12989 23106 16735
30844 6939
264911 10429
57821 12586
62567 1299
174 64396 3356 49605 12956 6453 29680 19151 286 3257 41497 7018 1299 24482 25160 16347 9304 2914 29075 6461 1916 198385 20764 21320 12779 6830
286 8596 1103
12874 3303 15605
198249 15576
29551 25220 1299
28917 1299
22652 6453
198290 6661
56730 31463
2914 29140 6661 4844 8365 20080 29686 29636 12637 4589 31463 7575 9002 30781 8607 2497
20485 13002 1299
15435 1299
8455 1299
12859 6939
1280 1299
513 6830
29608 3356
31133 1299 31261
20080
16347
31463 50300 21396
15547 1299
41497
50300
12586 20676
8218 6461
16735 22548 12956
2497
12779
5539 8763 21385
8607
6830 6830
13002 25091
3356 6762 3549 37271 3320 6939 20764 680 12956 20932
37271 37239 1299
4844 37989
8763
49463 13193
6939 263651 31424 262317 37640 8758 262757 263152 8426 51405 59891 37497 263075 20764 202032 5396
6661
29140
15685 1299 6881
3257
47872 12713
6881
52863 6762
8365
50304 20764 57381
8596
48526 1273
12637
15576 34288 6772 196621
34019 3303
34288
15605
37989
262317
58299 13030
29680
1103 3333
50763 8943
23106
34781 13030
31261 41617
38930 1299 8283
1251 28571 1916
680
53067 10429
28571
31424
9002
30781 59689
7575
64396
1836 13030
49605
13030 35369 1299 6772
1853 21320 6720
8758
12956 52873 10429
8283
14061 1299
3333
8928 1299
3549 28329
9189
263075
21396 6453
13193 1299
20932
37640
263651
52720 52873
59689
25160
3320 3303
4589
29686
9304
51405
29636
29075 198385
28329
1916
21385 20764
25220
202032
21320
41617
5396
6762
6893 25091 2613
25091
59891
2613
12713 1273
263152
198385 202194
57381
25152 19151
19151
22548
1299 20676 8943 553 1273 31122
196621
6720
20676
202194
7018
6667 1273
24482
8426
37497
1273
6772
6453
262757
31122
35369
8943
6461
53070 10429
553
20764 12654
3303
52873
12654
37239
10429
