#src/zombie.py
# GMT Mon Oct  1 06:56:12 2018
# 
37468 37271
50620 174
8422 9189 174
2857 174
12989 22548 16735 53070
30844 6939
264911 10429
57821 12586
62567 6453
29208 15685 2914
174 64396 701 49605 16347 6453 29680 174 51395 198290 12956 20932 2914 15435 1299 1280 513 9304 29636 29075 1916 50300 16735 21320 12779 6762 3356 12637 49463 19151 29140 3257 31133 41497 7018 6667 24482 25160 5511 52320 20764 3303 1273 31122 1764
286 19151 1103
198249 13030
28917 1299
22652 3257
2613 6893
198290
56730 31463
41722 20764
2914 4844 12956 20080 19151 8607
15435
1299 8943 1273 42708 680 14061 15547
12859 6939
1280
513
29608 5511
31133 31261
20080
16347
31463 50300
15547
41497
50300
12586 20676
8218 6461
16735 262757 12956
15576 6772 196621
12779
5539 8763 21385
8607
51395 59891
13002 20764 25091
3356 20676 44217 6939 3549 9002 30781
37271 37239 6939
4844 37989
8763
15685 6881
49463
21385 6939
12874 3303 15605
42708 50304 57381
3257 25220
47872 44217
6881
52863 6762
262317 6939
8596 1764
48526 6939
18881 52873 12956
12637
2497 701 25152 6939
34019 3303
34288 13030
15605
37989
50304
58299 13030
23106 52320
680 553
5511 5511
1103 3333
50763 8943
34781 13030
31261 41617
20612 1836
1251 28571 1916
52320
22548
28571
31424 6939
1273 6939 13030 25152
30781 59689
7575 6461
64396
701
1836 13030
49605
13030 8455 35369 202194 6772
1853 21320 6720
8758 6939
12956 10429
8283 8455
14061
3333
8928 10026
3549 28329
9189
263075 6939
20932
37640 6939
263651 6939
1764
52720 52873
59689
25160
4589 19151
29686 6453
9304
51405 6939
29636
29075 198385
28329
23148 25152 6939
1916
6939 10026 263152 19151 25152 8426 37497 202032 12654 5396
25220
202032
21320
41617
5396
6762
6893 25091
25091
59891
44217
10026
263152
198385
553
25152 12654 19151
29680
19151 6461
53067 10429
8455
196621
29140
6720
20676
202194
7018
6667
24482
8426
37497
9002
6772
6453
262757
31122
35369
8943
6461
53070
57381
20764 20764
3303
52873
12654
37239
10429
