#src/zombie.py
# GMT Mon Oct  1 04:52:51 2018
# 
328206 328145
7018 174
6720 8447
22356 27715 28634
15605 12874
18747 174 263702
29075 15576 5511 1299
202032 6939
3333 1257
1103 20965
22381 53070 12956
20612 1836
4657 38001 4637 24482
328145 6774
3491 174
22652 1299
3356 8426 49605 174
29608 6453
680 20965
49605
20495 8455
29686 2914
20932 1299
8732 20764 6762
31424 6939
53067 6939
47692 33891
8896 1299
11537 10764 20965 293
28634
39392 3257 29504
51405 24611
12654 513 25091
1273 6667 1299
38001
198290 6661
1257 1239
29680 3257
2603 37271 21320 12859
559 553 20965
513 6830 513 293 21320 174 20965 6939
12874 3303
52873 12956
62240 136620 1299
8607 6939
28571 1251
264911 6939
28917 1299
263702
136620 136620 59891
196621 15576
9304 3257
56730 31463
6830
15576 29691 198385 21232 34288 198249
6461 174 8218
6667
263152 6939
23106 10429
34019 3303
25091 2914 6939
1239 174 4637
20965 27750 21320 24490
29636 2914
3257 12779 31742 12586 174
30781 5511 59689
4844 37989 6939
39351 42708
1299 37468 29551 37271 38930 15435 13030 15685 8943 16735 174 13193 14061 15547 47147 5400 42708
33891 3320
198385 202194
29551 25220
50620 174
31463 6762
12859
38930 8283
53070
21232
1251 1916
174 12956 6762 19151 25160 31122 5511 701 57111 3320 50877 2914 286 6453 64463
6939 263075 58299 262317 16735 21320 22548 2613 263508 5396 6939 37640
8943 50763
59891
16735 262757
31742
1916 52888 27750
59414 13030
13193 49463
14061
3320 3303 6661 8447
12779
35369 13030
58299
25160
29691 57118
553 2857
59689
12637 2914
262317
263075
52720 37468
25220
16347 2914
20764 41722
24490 24490 7575
8426
6774 5511
20080 2914
9002 2914
50877
2914 2497 29140 8455 1280 15562 50300
50304 42708 57381
42708
4637
286
50763
8455
202194
25152 2497
49463
57821 12586
29504
6762 41497 30844
15562
52888
5511 10764 48526
6881 15685
198249
31122
24611 6661
701 2497
21320 6661
47147
37640
27750
5396
48526
4777 2497
12956 10429
293
37271 37239
37468
24482
3303
37239
19151
6661
8218
12307 57118
10764
262757
15547
2110 39122 5400
6453 6453
64463
50300
41497
13030 1836
12586 12586
57118
22548
57381
7575
34288
30844
15685
5400
8447
39122
2497
37989
41722
15435
1280
29140
57111
2613
263508
1836
10429 27715
2857
8283
27715
