#src/zombie.py
# GMT Mon Oct  1 04:06:31 2018
# 
52873 18881 52720
1916 174
22548 16735
14061 3356
7018 174
34781 13030
8447 6720 3257
1251 52888 20080
53070 10429
37239 4809
29075 6762 50620
5396 3257
6453 174
701 3356 1280 174 2497 702
8468 3549
6461 174 8218
3252 702
16735 12956 28138
57821 12586
3491 174 12389
35054 3356
174 3356 25160 3257 12779 286 6762 29140 19151 2914 12350 1239 1299 12956 16347 12637 24482 64396 5392 9304 174 28917 38930 35699 15605
35699
2895 29076
29691 57118 15576
3356 3356 20932 3549 51185 8426 3257 4134 41095 19151 2914 1299 8607 3320 9002 680 6939 34177 12956 5511 29222 47872 29608 14361 8422
51405 24611
52888
1853 1764
58299 13030
4777 2497
13030 1299 1836
9189 8422
1764 3257
19151 43531 6730 25152
8220 3320 15547
1239 4637
12956 18881 10429
41497 3257
12859 2914 30132 3333
3216 20764 1273
5511 30781 48526
6939 12654 51395 25152
50300 5580 31463
5580 3257
15435 1299
37271 4809 327995
24482
24611 6661
52863 4809
198385 202194 41562
43531 8596
8426
327995
59689 58308 30781
12350
15547
29680 3257
3333
59891 51395
5392
25933 26615
31463 56730
263321 263584 7738
1103 286
29076 12389
7575 2914
262317 10429
31424 20612 33891
42708 50304 1299
513 6730
57118
50763 8943
4589 2914
41562 15576
30132
41095
2914 29686 9002 8455 62567
553 33891
7738 3320
1299 1273 8943
8607
198249 15576
2497
263584
4637 1221
26615 6762 26615
34177
6762 28220 20080
4608 1221
15576 196621 3303 34288 8758
14361
62567
25160
12389 25227
263152 10429
47872
34288
56730
2613 25091
30781
3320 4809 33891 3303 8222 25220 13193 6661
8455
8943
1836
680
13002 20764 25091
8758
48526
8422
20764
1221
49463 13193
28917
286
20080 25152
25220
28220
34019 3303
12637
39821 9002
52720
25152 3257 12654
18881
1273 6667
8222
6720
9304
33891
202194
13193
50304 57381
20932
3549 28329
51185
4134 4809
13237 3257
49605 9002
29140
8596
6661 198290
28329
9002
12586 3257
22652 3257
57381
6730 6730
29686
702
29608
198290
28138
38930 8283
15605
8218
51395
3257 31122
6667
4809
29222
10429
196621
12654
64396
20612
12779
16347
58308
31122
50620
8283
25091
3303
1280
25227
