#src/zombie.py
# GMT Mon Oct  1 04:58:17 2018
# 
52873 18881 52720
1916 2914
22548 3549
14061 3356
7018 3356
34781 13030
198545 29152 174
59891 51395
53070 10429
37239 4809
29075 174 50620
5396 3356
6453 62567 29686 7738 12956 30844 22652
701 3356 2497 1280 702
8468 3549
3252 702
48039 12586 8596
16735 52320 28138
57821 12586
3491 3356 12389
24785 1136 174 24785
35054 3303
6730 513 174 6730
35699 174
2895 29076
29691 15576
3356 1853 3549 8426 3257 286 41095 2914 1239 1299 6762 8607 3320 9002 6939 34177 12956 3216 49605 29608 20932 14361 8422
51405 24611
1853 6720 1764
58299 174
4777 2497
13030 1299
9189 8422
1764 174
45896 3549
8220 3320 15547
1239 4637
12956 47872 174 18881 28220 10429
52720
12859 30132 9002
37497 20764
3216 3216 13101 6762 20764 34019
6939 51395
50763 8943
15435 174
37271 327995 174
8222 3320
24611 6661
4230 28513 262757
52863 6762
198385 202194 41562
64396 174
19151 174
327995
59689 8218
12350 174
15547
29680 174
3333 1136
20080 2914
5392 3549
25933 3549
31463 50300 56730
29152 58308
263321 263584 7738
1103 3257
29076 12389
20562 9002
2613 6893
31424 33891
42708 50304 1299
513
57118 196621
4637 1221
41562 15576
12779 174
30132
41095
2914 7575 3320 4713 9002 28513 4589
553 680
7738
1299 8943
8607
198249 15576
2497
263584
34177
29222 3303
4608 1221
15576 196621 3303 34288 8758
14361
12874 3303 15605
62567
25160 174
12389
4589
47872 6762 12654
30844
262757
34288
56730
7575
3320 4809 33891 3303 25220 13193 6661
8455 3257
8943
1836 174
6893 25091
680 174
8426
13002 20764 25091
8758 20612
48526 174
8422
20764 174 12654 6661
1221
49463 13193
28917 174
286
13101 12586
25220
28220
34019
12637 174
39821 9002
41497 174
4713 25152
25152
18881
50300 174
24482 174
6720
9304 174
33891
202194
13193
50304 57381
20932
3549
51185 174
52320 174
28513
13237 3257
49605
29140 174
8596
6661 198290
28329 6762
9002 12654
12586
22652
57381
174 6667 31122 174 38930 8218
29686
702
29608
198290
28138
38930 8283
15605
8218 16347
51395
3257
1136
6667
4809
6762
10429
196621
12654
20612
16347
58308
31122
50620
8283
25091
3303
1280
