#src/zombie.py
# GMT Mon Oct  1 06:09:30 2018
# 
37468 174
50620 174
8422 1299 9189
2857 174
12989 22548 16735
22548
24785 20562 1299
264911 6939
57821 12586
62567 6453
174 6762 3356 25512 5511 50300 1836 19151 286 3257 64396 48526 12637 13002 1299 1280 25160 29680 20932 48039 6453 7018 29075 6461 2914 553 20764 21320 1916
43100 20764
58299 13030
198249 15576
28917 1299
22652 6939
8359 3356 41722 41617
9002 12859 2914 41722
56730 31463
41722 12654
2914 3356 37271 4844 50300 20080 6661 7575
52863 6762
15435 3257
1299 13030 680 14061 8943 38930 6939 42708 13193 1273 15547
12859
1280
37497 6939
20080
12956 6762 18881 10429
31463 50300
25512 6881
15547 34781
41497 3257
50300
12586 3257
8218 6461
16735 3549
2497 701
12779 3257
5539 8763 21385
8607 6939
3320 3303 3356
51395 3257 59891
7018
3356 701 3549 8426 6939 20764
37271 37239 6939
4844 37989
8763
49463 13193
21385 20764
6661 198290
12874 6762 15605
37239
3257 8928 8455 29686 9304 25220 29636 49605 1103 4589 29140 31122 15576
47872 44217
6881
202032 6939
44217 6762
262317 6939
8596 48039
48526
18881 52873
12637
15576 34288 6453 196621
34019 3303
34288
37989
50304 42708 57381
286
23106 10429
5511 29608 5511 30781
1103 3333
50763 8943
34781
38930 8283
1251 28571 1916
680
42708
28571
14061
31424 6939
1273 6667
30781 59689
7575
64396
701 4230 23148
1836 20612
49605
13030 35369
8758 6939
16347 6939
20612
8283
41617
3333
8928
3549
9189
263075 6939
198290
52873 52720
13193
20932
198385 29075 202194
37640 6939
263651 6939
59689
25160
4589
29686
9304
51405 20764
29636
29075
23148 25152
1916
6939 263152 53067 5396 20764 24482 30844
25220
29608
21320 1853
5396
6762
6893 25091 2613
25091 13002
59891
2613
263152
20562 20764
553
25152
29680
15605
53067
8455
196621
29140
6720 1853
30844
202194
13002
6667
24482
48039
4230 262757
12654 20764
8426
6453
262757
52720
35369
8943
6461
53070 10429
57381
20764
3303
19151
1853
31122
10429
