#src/zombie.py
# GMT Mon Oct  1 06:30:09 2018
# 
1916 2914
22548 3549
14061 1299
7018 3356
34781 13030
20080 2914
53070 10429
37239 4809
29075 174 50620
5396 3356
701 2497 4230 702 2914 1280 7738
8468 3549
25220 3356
3252 702
48039 12586 8596
16735 28138 3549
57821 12586
3491 3356
30844 20764
35054 3303
35699 174
2895 3267
29691 57118 15576
3356 3549 51185 8426 25160 22652 49605 20932 30781 9002 1836 12956 31463 680 174 29608 8607 8359 8422 3356 1853 3257 8732 6667 6762 19151 2914 6453 6461 1239 1299 34177 286 50300 8222 3216 3267 33891 48526 41095 14361
51405 24611
1853 6720
263321 263584 7738
4777 2497
6830 513 6830 12956 15547
13030 51395 1299 58299
9189 8422
30132 12859
19151
6453
1239 4637
12956 174 47872 10429
52720 3549
12859 9002
53067 10429
50763 8943
15435 1299
37271 4809 327995
24482 174
24611 6661
4230 262757
52863 4809
198385 202194 41562
8426
12874 3303 15605
327995
59689 58308 30781
12350 174
15547
3216 3216 13101 6762 20764
29680 174
3333 1136
59891 51395
5392 3549
25933 3549
31463 56730
58299
1103 286
20562 9002
7575 6461
31424 33891
42708 50304 1299
513
57118
4637 1221
4589 2914
41562 15576
41095 24785
2914 4134 4713 9002 16347
553 680
7738
1299 28917 13237 8455 8943 62567
8607
198249 15576
8732 20764
2497
263584
29222 3303
15576 196621 3303 34288 8758
14361
62567
25160
8943
47872 6762 3320 12654
24785 1136 24785
262757
34288
56730
2613 25091
30781
3320 3303
8455
34177
1836
680
13002 20764 25091
8758 20612
48526
8422
20764 12654 6661
1221 4608
49463 174
28917 39821 8359
286
13101 12586
6461 8218
28220 3549
34019 3303
12637 174
39821
41497 174
4713 25152
25152
50300
8222
6720
9304 3549
33891
202194
8359
4608
50304 57381
20932
3549 16397
51185
16397 263075
4134 4809
13237
49605
29140 174
8596
6661 198290 174
28329 6762
9002 12654
12586
22652
57381
174 31122 174 64396 12779 38930
29686 3257
702
29608
198290
28138
38930 8283
15605
8218
51395
263075
3257
1136
6667
4809
6762
10429
196621
12654
64396
20612
12779
16347
58308
31122
50620
8283
25091
3267
3303
1280
