#src/zombie.py
# GMT Mon Oct  1 04:28:44 2018
# 
52873 18881 52720
1916 264911 263651 14840 2914 263152 53070 9304 6939 174 19151 12654 11537 263674 28329
22548 16735
14061 2914
7018 3356
34781 13030
198545 29152 174
59891 51395
53070
37239 36937
29075 1299 50620
5396 6762
6453 36937 6762 174 29686 8426 62567
701 4134 174 23148
8468 3549
25220 1299
3252 174
16735 52320 28138 2914
57821 12586
3491 174
30844 6939
35054 3303
6730 513 174 6730
35699 2914
2895 3267
29691 15576
3356 286 4809 41095 174 28917 3549 14361
263651
1853 20965 6720
58299 13030
4777 2497
13030 51395 1299
9189 8422
30132 12859
19151
8220 3320 15547
1239 7738 174
12956 18881 28220 174
52720
12859 3257
3216 20764 1273
5511 174 48526
6939
50300 2914
15435 1299
37271 327995 174
24482 174
24611 51405 6661
4230 28513 262757
52863 4809 6762 12654
198385 202194 41562
8426
12874 3303 15605
327995
59689 30781
12350 174
15547
14840
29680 174
3333 1136
20080 2914
5392 174
25933 3549
31463 56730 2914
29152 58308
263321 263584 7738
1103 286
13237 3257
2613 25091
31424 33891
42708 50304 1299
513
57118 196621
50763 8943
41562 15576
12779 174
41095
2914 47872 51185 28513 25160 34177 4134 6762 29140 16347 12637 2497 30781 9002 8455 4589 6661 8607
553 680
7738
1299 174 38930 8943
8607
198249 15576
2497
263584
4637 1221 4134
26615 6762 16397
29222 3303
15576 196621 3303 34288 8758
14361
62567
25160
34177
47872
8943
262757
34288
56730
263674
7575 11537
30781
3320 6762 3303 8222 33891 8422
8455
263152
1836 174
680 20965
13002 20764 25091
8758 20612
48526
8422
20965 11537
20764
1221 4608
16397 263075
49463 174
28917
286 1136 8596 174
13101 12586 174
6461 174 8218
28220
23148 25152
34019 3303
12637
39821 9002
41497 174
25152
18881
1273 4134 6667
8222
64396 174
4589
9304
36937
33891
202194
4608
50304 57381
20932 174
3549
51185
28513
51405
4134 4809
52320 174
49605 9002
29140
11537 11537
8596
6661 198290 174
264911
28329
9002
6720
12586
22652 3257
57381
174 3257 6762 31122 3267 29608
29686
29608
198290
28138
38930 8283
15605
8218
51395
263075
3257
1136
6667
4809 4809
6762 1280
196621
12654
20612
16347
58308
31122
50620
8283
25091
3267
3303
1280
