#src/zombie.py
# GMT Mon Oct  1 04:21:28 2018
# 
37468 25220 37239 1299
8447 6720 2914
57821 12586
43531 24482 5413
198249 15576
29551 31025 25220
28917 8359
22652 3356
198290 6661
41722 20764
34177 2914
8455 2914
48039 12586 8596
20080 6762 1916 11096
31463 56730 21396
1267 15605 5413
13101 12586 12654
11096 11537
8218 49463 5413
16735 22548 262757 52320
12779 5413
8607 5413
37271 327995 2914
12350 174
7738 263321 8167 3320 1239
3257 3356
47872 2914
263584 263321
41497 174
15576 34288 47176 29691 8220 41562
51185 174
286 3356
23106 52320
50763 8943
28329 6762
38930 8283 16265
9270 24489 7660 9270
22548
1136 24785 3333
30781 34019 59689 2914
2895 29076
7575 24490
64396 174
20965 11537 680
47176 25435
29691
8758 6830 20612 196621
8928 29680 5413
3333
3549 28220 3356 5392 52720
21396 5413
11537 22388
41617 31261
9189 25074
37100 327782 2914
2613 6893
25160 174
9304 174
22388 7660
25074 2914
29075 174
1916 52888
20562 25220
52863 6762
6893 25091
25091 13002
59891 51395
52320 2828
25152 6939
29680
15605
1299 6762 15435 31133 3320 25220 14061 6453 3356 174
1239 6762
2828 5413
25435
7018 3356
327782 327960
30132 12859
5392
4608 24130
53070 10429
553 31025
20764 13002 8359
3303 3356 3320 35054 29222
4777 2497
37239
15547 34781 6830
20940 37497 5413
24489 24490 24489
25933 8167
35054
3252 9002
24785 24785 6939
58299 15623
16265 5413
174 3356 19151
3491 5413
8359 29076 5413
45896 3356
56730
2914 35699 2497 16347 29140 29686 3356 5413 25220 8943 4589 13237 6661 12637
15435
31133 31261 25227
12859 25220
1280 6939
37497
16347
59414 13030
24490
8167
12586
263321
5413 62567 49605 13030 50300 1103 48526 41095 6667 8426 12654 15623 8220 6939 42708 9002 6830
6830
51395 6939
262757
3356 6762 12956 14361 5396 3320 29608 25220
49463
50300
29222
29140
327995
13237
8596
48526
12637
2497
34019
34288
50304 42708 57381
29076
28220
15623
1103
34781
31261
42708
9002 39821
1836 13030
49605
13030 31424
7660
12956 10429
20612
8283
14061
24130 7545
8426
20932 31025
41095
41562 198385
202194 198385
327960
29686
8220
3320 8222
6939 7545
25220 12654 30844
29608
6661
52888
5396
8222
6762 12654
31424
35699
25227
62567
198385
57381
19151
7545
39821
196621
31025 680
6720
30844
59689
6667
24482
14361
680 12654
6453
52720
8943
4589
12654
13002
10429
