#src/zombie.py
# GMT Mon Oct  1 04:36:00 2018
# 
52873 18881 52720
1916 2914
22548 3549
14061 1299
45896 174
34781 13030
8447 3320 6720
12654 19151 9002
53070 10429
49605 3356
37239 4809
47872 12956
29075 58308 174 1299 50620
1836 13030
8220 3320 15547
8426 3356
4230 174 262757
701 4134 1280 174 2497
8468 9002
25220 3356
7018 2914
2613 6893
21320 513 9002
30781 3356 59689
3320 3356 4809 33891 6730 48039 2914 3303 13193 6661
16735 28138 12956
59891 51395
8455 1299
3303 15576 12874
34177 3356
30844 9002
50300 9002
6893 6730
35054 3356
680 553 9002
16347 2914
3252 9002
20932 9002
6730
13002 20764 25091
18881 12956
8758 20612 15576
2895 3267
48526 5511
8422 9189 9002
3356 9002 8222 3549 22652 5511 29222 174 29608 19151 2914 6453 6762
51405 24611
57821 12586
1853 1764
263321 263584 7738
4777 2497
1221 4637 4608
29608
49463 13193
39821 9002
25160 9002
286 7738 174 9002
1764 174
19151 9304 2497 41095 174 4637 20080 13030
8943 1299 50763
6453
6461 7575 174 8218
28220 12956
9189
12956 10429 174
13030 51395 1299 58299
38930 174 8283
52720
25152 3257
12859 30132 9002
35699 174
24482 174
6720
9304
5511
33891 31424
202194 198385
29691 15576
41095
1273 6667 1299
15435 1299
37271 4809 327995
8222
13193
50304 42708
24611 6661
262757
52863 6762
50763
3549 25933
64396 174
3491 174
34288 15576
12874 15605
4134 4809
12350 9002
31424
29140 9002
59689
13237 1299
51395
8596 48039
15547
6661 198290 9002
28329 6762
29680 3257
7738
9002 42708 2914 3257 1136 8607 12586 4589 51945 29686 20562 62567
12586
20080
22652
56730 51945
25933
58308
51945
174 1299 20764 3257 3267 2914 12779
29686
58299
1103 3257
198290
28138
20562
15605
20764 8732
8218
57381 42708
7575
327995
42708
48039
513
57118 196621
4637
4589
3257 28917 31122
41562 198385 15576
8732 1299
6667
4809
29222
10429
196621 15576
2914
553
20612
1299
12779
8607
198249 15576
1136 3333
2497
263584
31122
50620
198385
3333
8283
25091
3267
6762
4608
15576
30132
1280
28917
62567
