#src/zombie.py
# GMT Mon Oct  1 05:52:37 2018
# 
37468 2603 37239 1299
24611 6661 51405
8447 6720 3320
57821 12586
61568 6762 263321
198249 15576
28917 8359 39821
22652 174
198290 6661
34177 2603
8455 3257
48039 12586 8596
4230 262757 174
20080 6762
31463 6762 56730
13101 12586 174
50300 2914
8218 6461
16735 22548 6762
12779 3257
8607 2914
37271 327995 6453
12350 1299
7738 8167 3320
3257 29680 12637 13237 29140 9304 29686 41497 174
47872 1299
202032 35054
263584 263321
41497
15576 34288 47176 8758 196621 3303 29691 8220 41562
51185 3356
3491 12389 174
23106 10429
286 174
50763 8943
33891 31424 3320 553
20612 8758
9270 24489 7660 9270
22548
1136 24785 3333
30781 5511 59689 35054
2895 3267
7575 24490
64396 174
701 2497 174 4134
20965 11537 680 559 513
47176 25435
29691
8758
41722 20764
3216 20764 1273
3333
3549 3356 5392 52720
11537 22388 27750 1103
41617 31261
37100 327782 174
2613 6893
25160 3356
9304
22388 7660
25074 9189 61157
29075 174
28329 6762
1916 52888 27750
20562 2603
52863 6762
21320 2603 20940 513 6661 9002 30844
8426 2603
6893 25091
25091 13002
59891 51395
27750
25152 6939
29680
15605 12874
9189
12389 31261
25435
7018 174
327782 327960
30132 12859
6730 6730 35054 513
1273 6667 8468 1299 174
5392
4608 24130
53070 22381
57381 50304
20764 13002 25227
3303 29222 12874 3320
4777 2497
37239
15547 8220
20940 37497
24489 24490 24489
25933 8167
35054 43100 58299 3356 6939 12654
3252 174
24785 24785 1299
12874
174 6762 3356 12956 5511 19151 45896 2914 1299 513 6453 6461 16347
43100
58299
8359 3356
45896
56730
61157 3320
2914 35699 12859 4589 9002
15435 1299
1299 2603 13030 20932 14061 62567 8943 6939 42708 50304
12859 2603
1280 6939
513 513 559 12654 6830
37497
16347
3267 2603
24490
8167
12586
263321
6830 41095 3356 6453 3320
51395 6939
262757
3356 14361 29608
4134 4809
49463 13193
559
29222
29140
327995
13237
8596
48526 5511
12637
2497
34019 2603
34288
50304 42708
28220 12956
5511
1103
34781 13030
31261
680
42708
9002 49605
1836 13030
49605
13030
7660
12956 10429
14061
24130 7545
13193 13193 3320
20932
41095
41562 198385
2603
59689 58308
327960
29686
51405
8220 3320
3320 6661 25220 8222
6939 7545
25220
29608
6661
52888
5396 6762
8222
6762
31424
35699
25227
62567
198385 202194
553
19151
7545
39821
58308
196621
6720
30844
202194
6667
24482 6453
8468
14361
12654
6453
52720
8943
6461
4809 22381
4589
22381
13002
10429
