#src/zombie.py
# GMT Mon Oct  1 03:52:01 2018
# 
29608 3356
50620 174
2857 6939
12989 22548 16735 53070 6939
22548
264911 6939
57821 12586
62567 1299
174 701 6762 3356 49605 37271 25512 16347 49463 553 19151 29140 51395 286 3257 1239 22652 64396 174 48526 12637 7018 6667 1299 25160 20932 5511 12779 29636 29075 6461 41497 50300 20764 1916 31122
43100 9002
286 34984
12874 3303 15605
198249 13030
28917 6939
22652
198290 6661
56730 31463
2914 3356 20080 6661 4844 7575
8447 6720 6939
20485 13002 4635
15435 1299
8455 8283 13030
12859 9002
1280 701
513 6730
37497 6939
31133 31261 6939
20080
16347
31463 50300
25512 6881
15547 6939
1257 3333 1239
41497
50300
12586 20676
8218 6461
16735 262757 6939
2497 701
12779
5539 8763 21385
8607 6939
51395 59891
7018
3356 701 20676 1299 6453 3257 3549 3320 6939 20764 9002
37271 37239 1299
4844 37989
8763
34288 13030
49463
21385 6939
6661
4635 9304 6939
29140
37239
3257 4589 1103
47872 44217
6881
52863 6762
44217 34984
262317 6939
8596 48039
48526
12637
15576 6772 196621
34019 3303
1916
37989
50304 42708
58299 13030
23106 10429
5511 30781
1103
50763 8943
34781 13030
31261 41617
20612 1836
15605
1251 28571 6939
42708 1299 57381
28571
31424 6939
9002 31025 12654 6453
30781 59689
7575
64396
701
1836 13030
49605
13030 35369 6939 6772
8758 6939
12956 6762 10429
8283
14061 1299
3333
8732 20764 1299
3549 52720
9189 6939
263075 6939
8426 6939
20932
37640 6939
263651 6939
34984
59689
25160
4589
29686 6939
9304
51405 6939
29636
29075 198385
28329 6939
3320 6730 3303
6939 10026 263152 25220 30844 1299 24482 20764 53067 202032 12654 5396
25220
202032
41617
5396
6762
8928 29680 10026
25091 13002 6893
59891
2613 6893
10026
263152
198385 202194
553
19151 25152
29680
25152
53067
1299 6453 680 8943 1273
1239
196621
31025 48039
20676
6720
30844
202194
13002
6667
24482
48039
1273
6730 6730
680
6772
6453 3303
262757
52720
35369
8943 8943
6461
53070
57381
20764 12654
3303
6893
12654
31122
10429
