#src/zombie.py
# GMT Mon Oct  1 05:52:57 2018
# 
263584 263321
16685 22356 16685 4230
7018 174
6720 1853
22356 28634
15605 12874
14907 1299
29075 198385 174
202032 35054
3333 12859
1103 11537
22381 53070 4809
20612 1836
29226 2895 9002
15935 6830 29504
8167 7738 25933
3491 7738 41095 174 28513
22652 174
3356 8426 3549 37497 41095 35054 8896 174 37271 51185
680 20965
49605 9002
3549
4809 1299
29686 2914
11096 20080 11537
4230 262757 28513
6939 63297 202194 51395 1280 35054 13760 1299
20932 1299
28634
6894 2497
31424 13030
22388 7660 11537
47692 33891
205206 42525
8896
11537 27750 20965
37100 327782 174
29222 3303
34549 13101
51405 24611
35699 174
24611 6661
12654 35054 513 3303
1273 3216 1299 12389
38001 41095
39351 174
29680 8220
8220 35054
2603 20562 13101 30844 50304 21320 12859 6667
559 513 20965
513 513 174 20965 21320 6830
12874 3303
8607 2914
327782 327960
39821 28917
34177 174
28917 1299
42525 1299
5392 174
196621 8758
9304 3257
56730 51945
6830 3257 15435 8758 174 2914
1221 4637 4608
4608
20562
61568 263321 6762
43578 174
6461 174 8218
6667
23106 52320
25091 2914 6893 35054
3257 3252 41497 12586 31742 12779 174
30781 2914 59689
3252
35054 9002 1836 13237 8218
198290 6661
13101
1299 33891 37468 8455 51945 48526 13030 174 49375 39122 8943 16735 29551 13193 14061 15547 52320 47147 12350
33891 553
198385
40191 174 395766
29551 25220
20965 1853 21320
51395 59891
12859 30132
53070
21232 13030
51945
174 12956 6762 4637 12637 19151 2914 286 16735 701 6661 37468 3320 50877 6453 64463 50300
286
8943 50763
25933
16735 266534
31742
13237
1916 52888 20080 27750
59414 13030
13193 49463
14061
3320 3303 8222
12779
35369 8218
58299 13030
13760
25160 2914
29691 13030 57118
553
59689
37497
12637
266534
395152 63297
52720 37468
25220
16347 2914
25227 12389
9270 9270 7660 24490
20764 8732 3216 41722
24490 24490 7575
12389
8426
20080 2914
9002 2914
50877
2914 2497 29140 64050 15562
50304
4637
50763
63297
8455 8283
202194
25152 19151
2895
49463
7738
29504
6762 8732 5396
15562
52888
6881 21320
198249 13030
8732
3216
701 2497
59891
21320
47147
27750
5396
48526
7660
4777 2497
57821 12586
12956 28220
8222
37271
41095
51185
37468
6893 2613
3303
49375
28220
19151
30132
327960
8283
8218
12307 57118
262757
15547
395766
6453 24482
8758
64463
50300
41497
13030 34288 1836
1853
64050
12586
24482
57118
12350
7575
34288
30844
263321
39122
52863 52320
2497
41722
15435
1280
29140
2613
52320
1836
28513
6661
