#src/zombie.py
# GMT Mon Oct  1 06:23:26 2018
# 
37468 174
24611 8218 51405
57821 12586
34288 15576
263584 263321
198249 15576
29551 25220 3320
28917 8359
22652 3356
198290 6661
34177 3320
8455 2914
48039 12586 8596
4230 701 262757
20080 6762 1251 2914
31463 56730 3356
13101 12586 6461
50300 174
8218 6461 3320 49463 1764 59689
16735 22548 52320
12779 174
8607 2914
37271 327995 6461
12350 174
7738 8167 1239
12654 8387 13237 12654 6939
12874 3303 15605
3257 4589 15435 1299 174
47872 174
202032 1764
61568 263321 18881
18881 12956
41497 174
15576 47176 8758 196621 3303 29691 41562
51185 3356
286 1103 174
23106 52320
50763 8943
28329 6762
20612 8758
52320 1299
22548
1136 24785 3333
2895 3267
7575 6461
64396 174
6762 1299 52863 174
53070 22381
47176 25435
8758
41722 20764
3216 20764 31261 3320
1764 8387 58299 3356 20562 35054 1853 174
41617 31261
3333
3549 3356 5392 52720
29222 3303
37100 327782 3320
2613 6893
25160 174
9304 174
25074 9189 61157
29075 3320 16347
1916 2914
20562
52863
6893 25091
25091 13002
59891 51395
25152 6939
29680 174
15605
9189
1239 174
25435
7018 174
327782 327960
1280 6939
1273 6667 1299 8468
5392
4608 24130
33891 31424 3320 553
57381 50304
20764 13002 25227
3303 48526 3320
4777 2497
1853 6720
37239 13237
15547 8220
29691
25933 8167
35054
3252 174
24785 24785 1299
58299
1836 13030
174 701 3356 12956 6453 174 51395 20932 1299 24482 513 37497 6461 2914 19151
3491 2914
8359 3356
45896 3356
56730
61157 3320
2914 62567 14361 29686 35699 1299 12637 13237 29140 9002
15435
1299 2603 3356 13030 12956 14061 8943 3320 42708 13237
12859 13237 30132
30132
513
37497
16347
3267 2603
8387
8167
12586
263321
51395
262757
3356 3356 8426 680 49605 29608 41095 5396
49463
29140
327995
13237 3320 30844
8596
48526
12637
2497 701
34019 3320
50304 42708
28220 28220 12956
1103
34781 13030
31261
1251 52888
42708
9002 39821
62567
49605
13030
12956 4809
14061
24130 7545
8426
20932
41095
41562 198385
2603
202194 198385
327960
29686
51405
8220 3320
3320 59689 6661 8222
6939 7545
25220
29608
6661
52888
5396
8222
701
31424
35699
25227
198385
553
19151
7545
39821
58308 59689
196621
6720
30844
59689
6667
24482
8468
14361
680
6453
52720
8943
6461
4809 22381
4589
22381
13002
