#src/zombie.py
# GMT Mon Oct  1 04:31:22 2018
# 
52873 18881 52720
1916 20080
22548 16735
14061 1299
7018 3320
34781 13030
59891 51395
559 20965 513
53070 10429
37239 36937
29075 58308 50620 1299 16347
5396 6762
701 2497 6830
8468 3549
25220 3356
3252 702
48039 12586 8596
16735 262757 12956 28138
57821 12586
3491 3356
30844 21320
35054 43100 202032 9002 12350 3303 12654
35699 2914
2895 3267
29691 57118 15576
3356 3356 1853 3549 51185 8426 6830 25160 8732 41095 15547 8607 30781 3320 9002 50300 8222 34177 31463 680 29608 8359
51405 24611
1853 6720 1764
58299 13030
7660 22388 9270
4777 2497
6830 513 174 3257 6762 1764 2914 6453 14361 1239 1299
13030 31424 51395 1299 1836
9189 8422
1764
202032
45896 174
8943 1299 50763
6453 36937 3320 62567
1239 4637
12956 47872 10429 18881 3320 28220
52720
12859 30132 2603
3216 20764 21320
6939 1280 1299
50300
15435 1299
37271 327995 2603
8222
24611 6661
262757
52863 6762
198385 202194 41562
8426
12874 3303 15605
327995
59689 30781
19151 174
15547
29680 3257
3333 1136
20080 11096 2914
5392 3549
25933 3549
31463 56730
263321 263584 7738
1103 11537
13237 1299
20562 2603
7575 24490
31424
42708 57381 50304 1299
513 20965 21320 3320 12654 513
57118
50763
41562 15576
12779 174
30132
41095
2914 3320
553 680
7738 3320
1299 3320 1273 49605 24785 3267 38930 8422
8607
198249 15576
8732 20764
2497
263584
4637 1221
29222 3303
15576 196621 3303 34288 8758
14361
62567
25160
2603 21320 13101
47872
24785 1136 24785
34288
56730
24489 24490 24489 9270
2613 6893
21320 6661
30781
3320 3257 286 6762 174 702 3303 6461 34019
8455 3257
34177
1836
6893 25091
680 20965
11096 11537
13002 20764 25091
8758 20612
48526 1273
8422
20965 11537
20764
1221 4608
49463 174
28917 8359
286
13101 12586
6461 8218
28220
34019
12637 174
39821 9002
41497 3257
25152 1273
18881
1273 6667
24482 174
64396 174
4589 3257
9304 174
36937
202194
8359
9270 9270
4608
50304
3549 16397
51185
16397 263075
12350
49605
29140 174
11537 22388
8596
6661 198290 174
28329 6762
24490
9002
6720
12586
22652 3257
57381
174 174
29686 3257
702
29608
198290
28138
38930 8283
15605
8218
51395
263075
3257 31122
1136
6667
6762
10429
196621
12654
20612
16347
3267
58308
31122
50620
22388
8283
25091
43100
3303
1280
