#src/zombie.py
# GMT Mon Oct  1 04:24:33 2018
# 
20612 1836
50620 174
2857 13030
12989 23106 22548 16735 53070
264911 6939
57821 6939
62567 6453
174 701 6762 3356 1299 5511 16347 6453 9304 19151 3257 6461 29075 64396 20932 2914 6830
43100 9002
286 9002
198249 15576
28917 1299
22652 6939
8359 20764 3356 41617
198290 6661
56730 9002
2914 8455 20080 6661 7575 30781 1916
15435 1299
8455
12859 9002
1280 701
513 6830
29608 9002
20080 1251
16347
41497 9002
50300 9002
8218 6461
16735 1299 4809
2497 701
12779 3257
8607 9002
6830 6830
51395 3257 59891
13002 20764 25091
3356 3549 3320 8426 6939 9002 15547
37271 37239 1299
4844 37989 6939
8763 6939
49463 13193
6661
28666 262757 4809
29140 9002
3257 29680 9002 31122 1103
47872 6939
6881 6939
202032 6939
262317 6939
8596 9002
48526 1273
12637 9002
15576 6772 196621
34019 3303
34288 6939
1916
37989
50304 6939
58299 13030
23106
5511 29075
1103
50763 8943
34781 13030
28329 3549
38930 1299 8283
15605 9002
1251 28571
680 9002
22548
28571
1273 1299 25152
30781 59689
7575
64396
701
1836 13030
49605 6939
13030 1299 29636 6772 12654 9189
8758 6939
31424 6939
8283
14061 1299
3333 9002
8928 1299
3549 52720
9189
263075 6939
13193 1299
20932
37640 6939
263651 6939
52720
59689
25160 6939
4589 9002
29686 6939
9304
51405 6939
29636
29075 198385
3320 3303
6939 7018 263152 57381 19151 30844 37497 553 53067 12654 5396
25220 9002
52863 6762
41617
5396
4809
6762
6893 25091 2613
25091
59891
2613
263152
198385 202194
57381
19151 12654
29680
25152
53067
1299 8943
196621
6720 9002
30844
202194
7018
6667 9002
24482 6453
8426
37497
9002 35369 12654
6772
6453
262757
31122
35369
8943
6461
53070
553
20764
3303
12654
37239
15547
