#src/zombie.py
# GMT Mon Oct  1 04:06:55 2018
# 
37468 174
50620 174
8422 9189 174
2857 174
12989 22548 16735 22381
22548
24785 20562 1299
264911 6939
12874 3303 15605
29208 15685 51405
174 1916 49605 37271 10026 49463 52320 19151 29140 31133 3303 198290 174 48526 12637 15576 6667 15435 1299 24482 1280 29680 20932 5511 29075 41497 553 20764 16735 21320 12779 1764
43100 29608
286 1299 1103
57463 29686 6939
198249 6939
29551 25220 31025
28917 6939
198290
56730 50304
49605
2914 4589 1299
15435
8455 13030
12859 50304
1280
37497 6939
31133 31261
20080 6939
16347 42708
41497
15685 6881 6939
8218 6461
16735 262757
2497 701
12779
5539 8763 21385
8607 6939
262757
3356 1299 680 8426 6939 5511 9002 30781 15547
37271 37239
37640 6939
8763
49463
6939 64396 31424 59891 8758 12956 263152 198385 53067 263075 196621 12307 202032 30844 263651 50304 202194 25160 58299 262317 29636 20612 29608 5396 7575
29140
3257 1299
47872 44217
29608 12654 13030 5511
44217 42708
12307
8596 1764
48526
18881 52873 12956
12637
15576 34288
34019 3303
34288
15605
50304 1299 42708 20562 12654
58299
23106 52320
5511
1103
50763 8943
48166 42708
31261 41617
38930 1299 8283
1251 28571 1916
52320
42708 1299 21385 31025 20562 31122
202032
9002
30781 59689
7575
64396
701 1299
8928 10026
680
13030
8758
31424
20612
8283
14061 1299
29680
41722 20764
9189
263075
12956
20932
24482
198385
22381 53070
263651
1764 35369
52720 52873
59689
25160
262317
4589
29686
51405
29636
29075
1916
21385
25220
52863 6762
21320 1853
41617
5396
6762 1299
6893 25091 2613
25091 13002
59891
2613
10026
263152
20562
25152 19151
19151
53067
1299 8943 6453 6461 1273
196621
31025
28571
6720 1853
30844
202194
13002 20764
6667
6881 12654
8426
1273
1853
6453
31122
35369
8943
6461
53070
553
20764 20764
3303
52873
12654
37239
15547
