#src/zombie.py
# GMT Mon Oct  1 04:51:33 2018
# 
263584 263321
16685 22356 16685 4230
6762 52863 20080 3320 3491 62663 50877 174
6720 1853
22356 28634
15605 12874
14907 6908
29075 15576 174 1299
12307 39540
3333 12859
1103 3257
22381 53070 4809
57866 8283 1299
8167 7738 25933
3491 64050 41095
22652 3257
3356 33891 42525 11478 8455 1853 8896 41095 51185 29222 37468 25220 174 34177 25160 8359 8220 25091 12874 3356 680 3549 9002 553 1836 5400 1764 1299
680
49605 3257
3549 28220 28329 16735 52873 9304 174 5392 28513 23106
4809 4134
29686 3257
4230 28513
20932 174
28634
31424 33891
53067 52720
47692 33891
205206 42525
8896
37100 327782 2914
29222
39392 174 29504
51405 24611
35699 2914
12654 52720 52863 1916
25160
1273 6667 12389 1299
8359 20764 28917
38001 41095
39351 174
29680 174
8220 15547
513 6830
12874
52873
62240 136620 3257
8607 2914
327782 327960
39821 9002
14840 52720
34177
28917
42525
1764 35369
5392
196621 8758
9304
56730 31463
6830 174 6830 59414
15576 29691 198385 21232 8758 34288 198249
1221 4637 4608
4608
20562 52320
43578 1299
20612 1836
263152 1916
23106
3267 2895 174 3267
25091 6893
1239 6908 174
6893 2613
3257 12779 41497 12586 31463 12637 29140 31742 3252 174 5396 13237
30781 2914 59689
3252
35054 3303
198290 2914
1299 25512 8943 50304 13030 174 8222 49375 15435 14061 48526 52320 47147 6939 6453 701
33891
198385 202194
31463
12859 52320 30132
53070
21232
1251 52888 20080
174 37497 4637 19151 12350 7018 24482 286 1916 8218 3320 52320 2914 58299 13760 64463
6939 25152 1916 1280 63297
8943 50763
2895
16735
31742
13237
39540 57118
8222
59414
13193 3320 49463
14061
3320 3303
12779
5400 2110
58299
13760
263321 28329
29691 57118
136620 59891
553
59689
37497
12637
262317 52720
266534 52863
62663 7738
395152 63297
263075 52863
52720 52863
25220
16347 8218
25227 12389
20764 41722
8426 6453
20080
9002
202194
2914 15562 2497 37271 7575 52320 30844 50300
50304
4637
286
50763
63297
30132
50877
25152
25933
49463
7738
29504
7018
15562
52888
6881 25512
198249
24611 6661
701 4134
59891
4134
47147
5396
48526
4777 2497
57821 12586
6908
1916 1916
37271
41095
51185
37468
24482
3303
49375
28220
19151
8455
327960
8283
8218
12389
6667
15547
395766 11478
2110 39122
6453
8758
64463
50300
28329
11478
41497
13030
1853
64050
12586
57118
12350
7575
34288
30844
35369
25512
39122
52863 263508 52320
2497
41722
15435
1280
29140
57111 52320
2613
263508
52320 6661
1836
28513
6661
