#src/zombie.py
# GMT Mon Oct  1 05:07:16 2018
# 
50620 174
8422 9189 6939
2857 174
12989 22548 16735
52720 52873
57821 12586
62567 6453
29208 15685 2914
174 64396 51395 29680 12637 553 19151 174 37271 29140 41497 6667 24482 25160 513 680 12779 29636 29075 2914 52320 20764 1916 1764
58299 13030
57463 29686 6939
198249 13030
29551 25220 3320
28917 6939
22652 3356
52863 6762
56730 31463
29140
49605 9002
14061 1299
2914 6762 701 2603 4844 15830 8943 1299 6453 7018 286 3257 6461 1239 6939 2497 2914 3320
15435 6939
8455 8283 13030
12859 3257
15830 9304
513
37497 6939
31133 31261 3320
20080 6939
16347 6939
31463 50300 21396
15547 6939
1257 3333 1239
12637
50300
12586 20676
8218 6461
16735 262757 6939 12956
15576 6772 196621
12779
5539 8763 21385
8607 6939
51395 59891
7018
3356 20676 37271 8426 21385 2497
264911 6939
37271 37239
4844 37989
8763
34288 13030
49463 13193
21385
6661 198290 2497
12874 3303 15605
15685 6881
3257
47872 44217
6881
202032 6939
44217 6762
262317 6939
8596 1764
48526 2497
18881 52873 12956
41497
2497 2603 13030 10026 9002 6453 12654 3320 6939 4589 30781
34019 3303
1916
37989
50304 42708 6939 57381
286
23106 52320
263651 6939
1103 2603
21396 6939
50763 8943
34781 13030
31261 41617
20612 1836
1251 28571 6939
52320
22548
28571
19151
9002
30781 59689
7575 6461
64396
6762 12956
1836 13030
680 680
13030 35369 6772
12956 10429 6939
8283
41617
3333
8928 10026
9189
263075 6939
198290
13193 3320
20932 6939
37640 6939
2603 21320
1764
59689
25160
4589
29686
9304
51405 6939
29636
29075 198385 6939
28329 6939
23148 701 25152
3320 3303
6939 263152 30844 53067 31122
25220
29608 6453
21320 1853
701 1280
6893 25091 2613
25091 13002
59891
2613
10026
263152
198385 202194
553
25152
29680
15605
42708 1299
1299 1273
1239
8426
196621
53067
20676
6720 1853
30844
202194
13002 20764
6667
24482
1280
1273
12654
6772
6453 6453
262757
31122
35369
8943
6461
53070 10429
57381
20764 20764
3303
52873
1853
37239
10429
