#src/zombie.py
# GMT Mon Oct  1 05:14:39 2018
# 
263584 263321
16685 22356 16685 4230
7018 174
6720 8447
22356 28634
15605 12874
14907 38930
29075 15576 198385 1299
202032 6939
3333 12859
1103 3257
20612 1836
29226 2895 20764
15935 29504 1299
8167 7738 25933
3491 64050 7738 174 28513 38001
22652 1299
3356 3549 701 9002 25091 41095 35054 16347 174 20764 6939
29608 20764
680 1299
49605 1299
3549 52873
29686 6453
4230 262757 174 28513
6939 63297 53067 51395 262317 28929 264911 263075 6461 45896 263152 34019 20764 57111 8426 8607 263508 14840 58299 1299 37640
20932 1299
28634
31424 13030
53067
47692 33891
205206 16245
8896 1299
37100 327782 6453
29222 3303
51405 20764
12552 39351 1299
35699 174
12654 20764 9002
25160 1299
1273 6667 1299
38001
198290 6661
29680 174
8220 3320 15547
513 6730
12874 3303
52873
8607
327782 327960
39821 28917
264911
34177 174
28917 174 1299
1764 35369 1299
5392 174
196621 15576
9304 174
56730 51945
15576 29691 21232 8758 34288 198249
1221 4637 4608
4608
20562 20764
61568 263321 18881
43578 1299
6461 7575
6667
263152
23106 52320
34019
25091
6893 2613 6730
3257 174
30781 5511 59689
3252 174
35054
39351
1299 37468 29551 37497 12586 37271 38930 15435 553 12350 13030 174 49375 8447 8943 16735 8455 15685 8222 12389 13193 14061 52320 48526 5400 50304 13237 1299 51945
33891 3320
198385 202194
40191 174 395766
29551 25220
51395 59891
12859 30132 20764
28929
38930 8283
53070 10429
21232
51945
14840
1251 52888 20080
174 41497 16245 4637 12637 51185 20764 29140 37468 6730 6762 12956 5511 174 286 19151 31742 6453 6661 1916 8218 3320 50877 12779 2914 13760 64463
286
8943 8943 50763
2895
16735
31742
13237
39540 57118 12307
8222
59414 13030
13193 49463
14061
3320 47147 9002 3303
12779
5400 2110
58299
13760
263321
29691 57118
553
59689
37497
12637
262317
266534 18881
395152 63297
263075
52720 37468
25220
16347
25227 12389
45896
20764 41722 30844
12389
8426
20080 6762
9002 12956
50877
2914 15562 50300
50304
4637
50763
63297
30132
202194
25152 19151
25933
49463
7738
29504
6762 5396
15562
52888
5511
6881 15685
198249
701 2497 1280
59891
47147
37640
5396
48526
4777 2497
57821 12586
12956 28220 10429 18881
16245
1916
37271
41095
51185
37468
24482 6453
3303
49375
28220
19151
8455
327960
8283
8218
12307
262757
15547
395766
2110 39122
6453
8758
64463
50300
41497
13030 1836
64050
12586
57118
12350
7575
34288
30844
15685
35369
8447
39122
52863 52320
2497
41722
15435
1280
29140
57111
2613
263508
52320
1836
10429
18881
28513
6661
6730 6730
