#src/zombie.py
# GMT Mon Oct  1 05:45:00 2018
# 
52873 18881 52720
1916 2914
22548 16735
14061 1299
7018 2914
34781 13030
198545 29152 174
59891 51395
53070 10429
37239 4809
29075 1299 50620
5396 3356
6453 3356 8426 24482 15576 2914
701 2497 4230 702 2914 1280 23148
8468 13101 12654 13237 56730 8359 6661
25220 29551
3252 702
29551 1299
16735 12956 28138
57821 12586
4589 2914
24785 1136 41095 24785
35054 3356
29467 197264 1299
6730 513 6730 1299
35699 174
2895 3267
29691 57118 15576
3356 20764 3549 51185 22652 41095 3356 2914 1239 12956 20932 3320 9002 34177 1299 680 174 15576 14361 8607
51405 24611
1853 9002
263321 263584 7738
4777 2497
13030 198249 31424 51395 58299 1299 1836
9189 8422
30132 12859
19151 174
8220 5511 15547
1239 4637 7738 2914
12956 47872 10429 2914 18881 28220
52720
12859 9002
5511 30781 48526 2914
29152 58308
1273 6667 1299
15435 1299
37271 4809 327995
8222 3320
24611 6661
4230 262757
52863 4809
198385 202194 174 41562
8426
3491 2914
12874 3303 15605
327995
59689 30781
13237
15547
29680 174
3333 1136
20080 2914
5392 174
25933 3549
58299
1103 3257
20562 9002
2613 25091
262317 10429
31424
42708 57381 50304 1299
513
57118
50763 8943
41562 15576
12779 3257
41095
2914 6461 3257 4134 6762 12654 1299 8607 12637 3320 9002 50300 8455 174 29686 16347
553 680
7738
1299 49605 8943 8732 3267 38930 62567
8607 12654
198249
8732 20764
2497
263584
4637 1221
26615 6762 16397
29222 3303
4608 1221
15576 34288 8758
14361
62567
25160 9002
34177
47872
262757
34288
56730
7575 6461
30781 34019
3320 3303 13193 8422
8455
8943
1836 20612
680
13002 20764 25091
8758 196621
8359 28917
8422
20764
1221
49463 13193
28917 39821
286 9002
13101 12586
6461 8218
28220
23148 25152
34019
12637
39821
41497 3257
25152
18881
50300
24482
6720 9002
9304 174
202194
48526
13193
50304
20932
3549
51185
16397 263075
4134 4809
12350 174
49605
29140 3257
8596 9002
6661
28329 6762
9002 12654
12586
22652
57381
174 29608 64396 3303
29686
702
29608
198290 197264
28138
38930 8283
15605
8218
51395
263075
3257 31122
1136
6667
4809
6762
10429
196621
12654
64396
20612
16347
58308
31122
50620
197264 197264
8283
25091
3267
3303
1280
