#src/zombie.py
# GMT Mon Oct  1 05:59:19 2018
# 
37468 6453
198385 174
24611 3549 51405
12989 22548 16735
37640 6939
24785 20562 1299
264911 6939
57821 12586
62567 3356
174 64396 51395 29680 49605 37271 25512 10026 12637 19151 3257 2857 1916 1299 24482 25160 1280 9304 29075 41497 52320 12779
286 1299 12859 1103 6939
198249 13030
28917 6939
22652 3356
8359 3356 41617
10429 53070 12956
56730 31463
41722 20764
2914 29636 20080 1299 6661 4844
8447 6720 6939
34288 13030
15435 6939
8455 8283 13030
12859 2603 3257 6939 20562 12654
1280
513 21320
37497 6939
20080
16347 6939
31463 3356 21396 50300
25512 6881
1257 3333 1239
41497
50300
12586 20676
8218 6461
16735 262757 3549 6939
2497 701
12779
5539 8763 21385
8607 6939
51395 59891
13002 20764 25091
3356 44217 14061 20676 8732 3257 48526 6667 1299 8426 48166 680 3549 25074 15547 553 25220 29608 9002 30781 1764
37271 37239
4844 37989
8763
50620 6939
49463 13193
21385 3257
6661 198290
12874 3303 15605
25074 9189
37239
3257 1299 4589 31122
47872 44217
6881
52863 6762
44217
50304 42708
8596 1764
48526
18881 52873 12956
12637
15576 6772 196621
34019 3303
1916 1251
37989
12307 59414
58299 13030
23106 52320
1103
21396 6939
50763 8943
48166
29608
20612 1836
15605
1251 28571
52320
42708 1299 57381
28571
31424 6939
9002
30781 59689
7575 6461
64396
701 1299
1836 13030
49605
13030 1299 35369 202194 6772 59414
8758 6939
12956 1299
8283
14061
3333
8732 20764
8928 10026
3549
9189
263075 6939
198290
52873 52720
13193 3320
20932 6939
59414
263651 6939
1764
20676
59689
25160
262317 6939
4589
29686 6939
9304
51405
29636
29075
3320 1299 3303
6939 263152 202032 29140 30844 1299 5396 53067 12654
25220
202032
21320 2603
41617
5396
6762 1299
2603
25091 6893
59891
2613 6893
10026
263152
20562
553
25152 19151
29680
19151
22548
2857
1299 7018 6453 8943 6461 1239 1273
1239
196621
53067
29140
6720
30844
202194
7018
6667
24482
8426
1273
680
6772
6453
262757
52720
35369
8943
6461
53070
57381
20764
3303
6893
12654
31122
15547
