#src/zombie.py
# GMT Mon Oct  1 04:08:31 2018
# 
37468 174
50620 174
2857 174
12989 22548 16735
37640 6939
24785 20562 1299
264911 6939
57821 12586
62567 6453
29208 15685 6939
174 6762 49605 50300 19151 174 64396 29140 48526 1916 13002 1299 24482 48039 513 9304 29075 2914 553 20764 16735 12779
43100 9002
286 2914
198249 13030
29551 25220 3320
28917 6939
15685 6881
9002 8758 3356 12637 12859 2914 20562 56730 8607 12654 41497
56730
41722 20764
2914 6762 3356 1299 4844 1280 16347 12654 6461 3320 6939 4589 6661
8447 6720 6939
15435 6939
34019 3303
12859
1280
513
29608 3356
1299 7018 6762 3356 13030 10026 14061 6453 8943 3257 1239 42708 37271 1273 3320
20080 6939
16347
15547 6939
1257 3333 1239
41497
50300
12586 3320
8218 6461
16735
2497 701
12779
5539 8763 21385
8607
7018
3356 6762 701 8426 44217 680 22652 48166 6939 20932 30781
37271
4844 37989
8763
49463 13193
21385 680
6661 198290
29140
25074 9189 6939
42708 50304 57381
3257 1103
47872 44217
6881
52863 6762
44217
50304
8596 48039
48526
18881 52873 12956
12637
15576 6772 196621
34288 13030
1916 1251
37989
12307 59414
58299 13030
23106 10429
1103
50763 8943
48166
31261 31133 41617
20612 1836
15605 25220
1251 28571
22548
28571
14061
31424 6939
1273 6667
30781 59689
31133 3320
7575 6939
64396
701
1836 13030
49605
13030 8455 202194 29636 6772 35369 6939 12654 31122 59414
8758
12956 6762 6939 10429 22381
8283 8455
41617
3333
8928 10026
9189
198290
13193 3320
20932
198385 29075
59414
263651 6939
52720 52873
59689
25160 6939
262317 6939
4589
29686 6453
9304
51405 6939
29636
29075
3320 6762 3303
6939 6762 263152 29680 59891 30844 5396 262757 37497 53067 202032 12654 37239
25220 20562 12654
202032
22381 53070
5396
6762 12654
6893 25091 2613
25091 13002
59891
2613
10026
263152
20562
553
22652
25152 19151
29680
19151
53067
8455
1239
8426
196621
6720
30844
202194
13002
6667
24482
48039
37497
680 12654
6772
6453
262757
31122
35369
8943 8943
6461
53070
57381
20764
3303
52873
12654
37239
10429
