#src/zombie.py
# GMT Mon Oct  1 03:58:29 2018
# 
1916 6939
14061 6939
7018 1299
34781 13030
8447 6939 6720
2914 19151 9002 8455 4844 8943 62567
25160 174
263152 6939
37989 4844
1836 174
5396 6939
701 2497 1280 703 1273
56730 31463
52863 6939
2613 6939
21320 3356 1853
16735 6939
59891 6939
8455
57821 12586
8943 50763
8763 6939
50300 5580 31463
680 553 6939
8426 6939
174 50304 29680 6730 1273 29636 1299
13002 20764 25091
16347 6939
48526 6939
29636
3356 6939 19151 29608 37271 20676 22652
51405 6939
52888 6939
1853
28917 6939
29608
49463 6939
53070 6939
286 6939 8596 19151 1103
34288 6939
202032 6939
19151 4657 13030 6939 25152
6453 1299
25220 6939
37239 6939
4844
34019 6939
13030 35369 1299
15685 6881 6939
41497 6939
25152 1273 6939 3257 12654
12859 6939 3333
1273 1299
24482 4657
6720
15605 6939
9304 6939
6939 6695 47872 49605 29075 30844 59689 8607 29691 15547 7575 264911 28329 31424 29140 20080 15435 29686 58299 50620 20932 6661 198249 8218 20764 262317 42708 263651 263075 57118 4589 12779 6667 10026 37640 12654 20612 31122 198385 64396 703 202194 28571 15576 52720 2857
202194
29691
50763
5580 3257
29075
52720
37271
8928 10026
6695 9189
50304 57381
47872
20932
20764 20764
64396
35369
263651
49605
29140
59689
8596
15547
6661 198290
4657
264911
28329
20676 12586
9002
12586
20080
22652
57381
263075
31463
9189
6730 513 6730
30844
58299
1103
198290
38930 8283 1299
703
8218
7575
262317
31424
42708
513
57118
4589
3257
12779
6667
10026
37640
196621 15576
12654
553
15435
20612
1299 6762
8607
198249
2497
6881
29680
31122
50620
29686
198385
3333
8283
25091
6762
28571
15576
1280
2857
62567
