#src/zombie.py
# GMT Mon Oct  1 05:06:22 2018
# 
20612 1836
8422 1299 9189
2857 174
12989 22548 16735 53070 6939
30844 6939
264911 10429
57821 12586
62567 3356
174 6762 64396 3356 174 16347 29140 9304 52320 29680 19151 3257 1299 1239 198290 37271 3303 48526 41497 15576 13002 15435 31133 24482 1280 25160 6730 680 6453 29075 25512 29636 2914 12637 50300 20764 29608 21320 1916 31122 1764
43100 9002
286 3356 1103
198249 15576
28917 1299
22652 6939
198290
56730 31463
49605 20764
2914 3356 8455 4844 20080 9002
15435
1299 3356 13030 14061 6453 8732 8943 6461 38930 42708 16735 1273
12859 6939
1280
513 6730
29608
31133 31261
20080
12956 3356 18881 10429 6939
31463 50300
25512 6881
15547 3356
1257 3333 1239
16347
41497
50300
12586 20676
8218 6461
16735
2497 701
12779 6939
5539 8763 21385
8607 6939
13002 25091
3356 7018 701 3549 25220 3257 6461 3320 6939 20764 20676 9002 30781 15576
37271
4844 37989
8763
49463 13193
21385 6939
28666 262757 6939
12874 3303 15605
42708 50304 57381
3257 4589
47872 44217
6881
52863 6762
44217 6939
262317 6939
8596 1764
10429
48526
18881 52873
12637
15576 34288 196621
34019 3303
34288
1916 1251
37989
50304
58299 6939
23106 52320
1103
50763 8943
34781 13030
31261 41617
38930 8283
15605
1251 28571
52320
22548
202032 6939
14061
1273 6667
30781 59689
7575 6461
64396
701
1836 13030
680 680 553
13030 35369
1853 21320 6720
8758 6939
31424 6939
8283
41617
3333
8732 20764
41722 20764
8928 10026
3549 28329
9189
263075 6939
13193 3320
20932 6939
37640 6939
263651 6939
52720 52873
59689
25160
4589
29686 6939
9304
51405 6939
29636
29075 198385
28329
3320
6939 59891 263152 10026 8426 37497 37239 5396 53067 50620 12654
25220
50620
21320
5396
6762
6893 25091 2613
25091
59891
2613
10026
263152
198385 202194
553
25152 19151
29680
19151
53067
8455
1239
196621
28571
29140
6720
20676
202194
7018
6667
24482
8426
37497
6730 6730
9002 6453 12654
6453
262757
31122
35369
8943 8943
6461
53070
57381
20764 12654
3303
52873
12654
37239
1764
