#src/zombie.py
# GMT Mon Oct  1 05:20:28 2018
# 
262375 3549 37468 1916 52873 14840
328206 328145
6762 8732 3257 41497 50877 60501 12874 174 8447
6720 8447
15605 12874
18747 174 263702
14907 13030
29075 34019 174
202032 6939
3333 12859
52888 1916
20612 1836
4657 38001 4637 24482
6894 174
3491 174
22652 6453
3356 8426 30781 3549 174 5400
29608 6453
680 1299
8365 2857 1299
49605 174
3549 22548 23106
20495 8455
29686 6453
4230 262757 174
20932 174
8732 20764
31424 6939
53067 6939
47692 33891
205206 16245
8896 174
39392 174 29504
51405 6939
12654 52720 52863
38001
199714 206356 13030
198290 6661
29680 174
8220 15576 6939
513 6830
12874
52873 52720
8607 6939
28571 1251
206356
14840
20676 12586 1299
28917 1299
263702
196621 15576
9304 4635
4637 1239
6830 174 6830
15576 198385
6461 174 8218 7575
35266 2914
6667 1273
263152 6939
23106
23148 25152 2828
34019
25091 2914
1239 174
29636 2914
3257 52320 1103 174
30781 59689
4844 37989 7473
39351 174
13101 34549 174
1299 8943 16735 1273 29551 13193 42708 15435 14061 15547 15685 52320 50304 174 553 6939
33891 3320
198385
29551 25220
50620 174
31463 56730 50300
12859 52320
21232 13030
7473 4635
1251 1916
174 12956 16245 37271 19151 2828 7018 12779 174 25160 31122 31742 29140 6774 3320 52320 48526 2914 286 6453 64463 6661
6939 59891 13030 263075 57111 52320 2613 37640 5396 4635 50300 6939
8943 50763
59891
16735 52320 52720 263508
31742
1916
59414 13030 12307
13193 49463
14061
3320 3303 47147
12779
5400 2110
58299 13030
25160
29691 13030
553
59689
60501
12637 3303
266534 18881
263075
52720
25220
16347 2914
20764 41722
8426
6774 328145
20080 2914
9002 4635
50877
4635
2914 15562 2497 1280 30844
50304
42708 57381
56730
286
50763
8455 8283 13030
202194 13030
25152
49463
57821 12586
29504
7018
15562
1103
328145
6881 15685
198249 13030
31122
1273
2828
47147
37640
5396
48526
4777 2497
12956 18881
16245
34549
37271 37239
37468
24482
3303
37239
19151
6661
8218
12307
262757
15547
2110 39122
6453 6453
64463
50300
41497
13030 34288 1836 35369
12586
22548
57381
7575
34288
30844
15685
35369
8447
39122
52863 52320
2497
37989
41722
15435
1280
29140
57111
2613
263508
52320
1836
2857
8283
18881
