#src/zombie.py
# GMT Mon Oct  1 04:58:48 2018
# 
37468 37271
50620 174
8422 1299 9189
2857 174
12989 22548 16735 53070
264911 10429
57821 12586
62567 6453
174 6762 7018 3356 1299 701 25160 16347 5511 20932 1764 6453 19151 286 3257 2914 64396 12779 1916
43100 49605
286
198249 13030
29551 25220 3257
28917 1299
22652 3257
198290 197264
56730 31463
41722 20764
2914 20080 9002 4844
8447 3257 6720
15435 3257
8455 8283 13030
12859 6939
1280 1299
513 6730
29608 3356
31133 1299 31261
20080
16347
31463 50300 21396
25512 1299 6881
15547 1299
41497 3257
50300
12586 20676
8218 6461
16735 6939 262757 1299 12956
2497 701
12779 3257 6939 12654
5539 8763 21385
8607 6939
3320 3303 3257 6939
51395 3257 59891
7018
3356 3549 49605 8426 6939 1299 12956 9002 30781 20676
37271 37239 6939
4844 37989
8763
49463 13193
21385 6939
12874 3303 15605
42708 1299 50304 57381
3257 29680 9304 1103 29636 4589 29140 31122 12637
47872 44217
6881
52863 6762
44217 6939
262317 6939
8596 1764
197264 29467
48526 5511
18881 52873 12956
12637
15576 6772 196621
34019 3303
34288 13030
37989
50304
58299 13030
23106 10429
5511
1103 3333
50763 8943
34781 13030
31261 41617
20612 1836
1251 28571 6939
680 1299 553
22548
28571
31424 49605
1273 6667 1299 25152
30781 59689
7575 6461
64396
701
1836 13030
49605 1299 8758 9002 12654 51405 5396
13030 35369 202194 6939 6772
8758
12956 6762 10429
8283
14061 1299
3333
8732 20764 1299
8928 10026
3549 28329
9189
263075 6939
21396 6453
52873 52720
13193 1299
20932
37640 6939
263651 6939
1764
52720
20676
59689
25160
4589
29686 6453
9304
51405
29636
29075 6762 198385 6453
29467 1299
1916
6939 10026 263152 12654 37497 202032 30844
25220
202032
41617
5396
6762
6893 25091 2613
25091 13002
28329
59891
2613
10026
263152
198385
553
25152
29680
15605
53067 10429
1299 6730 8943 6461
196621
29140
6720
30844
202194
13002 20764
6667
24482 6453
8426
37497
6730 6730
9002
6772
6453
262757
31122
35369
8943
6461
53070
57381
20764
3303
19151
12654
37239
10429
