#src/zombie.py
# GMT Mon Oct  1 03:50:17 2018
# 
50620 6939
2857 174
12989 22548 53070 6939
264911 6939
57821 12586
62567 6453
24611 3549 51405
174 6762 64396 1836 680 174 16347 9304 50300 3356 19151 51395 286 1239 29140 48526 41497 1299 24482 25512 25160 6730 20932 6453 12779 29075 2914 52320 20764 16735 1916 31122
286
198249 29691
28917 6939
22652 6453
8359 3356 41617
9002 2914
56730 31463
61157 25074 3320
2914 1299 37271 4844 29636 20080 14061 25220 4589 6661 30781 2497
12713 47872 3320
15435 6939
8455 6939
12859 6939
1280 701
513 6730
37497 6939
20080
29691 15576
31463 3356 50300
25512 6881
1257 3333 1239
16347
41497
50300
12586 20676
8218 49463 6461
16735 6762 28329 1299 13030 4809 6939 14840
2497
12779
5539 8763 21385
8607 6939
51395 59891
7018 1299
3356 3549 1299 680 15576 20676 15547
14840
37271 37239
4844 37989
8763
49463
21385 6939
6661 198290
29140
25074 9189
3257 1299
47872
29608 6453
6881
8596 6939
48526
12637 6939
15576 34288 6453 196621
34019 3303
34288
1916 1251
37989
50304 42708
58299 6939
23106 52320
1103 6939
50763 6939
34781 13030
28329 12654 6939
20612 1836
15605 6939
1251 28571
52320
22548
202032 6939
1273 6667 1299 6939
30781 59689
7575 6461
64396
6762 6453
1836
49605 6939
13030 35369 1299
1853 6720 6939
8758 6939
31424 6939
8283 1299
14061
3333
8928 6939
3549 52720
9189
263075 6939
198290
20932
37640 6939
263651 6939
52720
59689
25160
4589
29686 6453
9304
51405
29636
29075 198385 6939
3320 1299 3303
6939 29680 5396 1299 8426 30844 53067
25220
52863 12654 4809
41617
53067
5396
4809
701 1299
6893 25091 2613
25091 13002
59891
2613
198385 202194
57381 42708
25152 19151
29680
19151
42708 1299
1299 6461
1239
196621
28571
20676
6720
30844
202194
13002 20764
6667
24482
8426
6730 6730
680 680 553
6453 6453
31122
35369
6461
53070
553
20764 20764
3303
12654
37239
15547
