#src/zombie.py
# GMT Mon Oct  1 05:06:27 2018
# 
52873 18881 52720
1916 52888 174
22548 16735
14061 1299
7018 2914
34781 13030
198545 29152 174
8447 6720 3257
53070 10429
37239 36937
29075 174
5396 6762
701 1280 23148 2497 702 2914
8468 3549
6461 7575 2914 8218
3252 702
48039 12586 8596
16735 12956 28138
57821 12586
3491 12389 2914
30844 5413
35054 3303
174 50304 262589 20932 6730 49463 25160 12779 1764 24785 19151 2914 12350 38930 6661 12637 29140 29680 41497 50620 50300 24482 174 64396 34177 1836 5392 9304 680 37100 29608 15435 13002 37271 35699 48526
35699
2895 29076
29691 57118 15576
3356 47872 3549 51185 8426 9002 30781 41095 2914 25220 14361 15547 8359 8607
51405 24611
52888
1853 1764
263321 263584 7738
4777 2497
13030 31424 51395 1299 58299
9189 8422
30132 1299
19151
8943 1299 50763
6453 36937 29686 62567 2914
1239 7738 2914
12956 18881 28220 10429 2914
52720
12859 286 13101 12654 20562 2914
262589 28329
3216 20764 1273
29152 58308
37100 327984
50300 31463
15435
37271 327995 2914
24482
24611 6661
198385 202194 41562
8426
12874 3303 15605
327995
59689 30781
12350
15547
29680
3333 1136
20080 6762
5392
25933 6762
31463 56730
58299
1103 286 2603 3257 12654
29076 12389
20562
2613 25091
31424
42708 50304 1299
513 6730
57118
50763
41562 15576
12779
41095
2914 3320 209 3257 1299 286 6762
553 680
7738
1299 1273 8455
8607
198249 15576
2497
263584
4637 1221 3561
34177
29222 3303
15576 196621 3303 34288 8758
14361
62567
25160
12389
4589 3257
47872
24785 1136 24785
34288
56730
7575
30781
3320 3303 8222 8422
59891 51395
3561 209
8455
2603
1836
680
13002 25091
8758 20612
48526
8422
20764
327984
1221 4608
5413 12654
49463
28917 8359
286
13101 12586
25220
28220
23148 25152
34019 3303
12637
39821 9002
41497
25152
18881
1273 6667
8222
64396
9304
36937
202194
8359
209
4608
50304 57381
20932
3549
51185
13237 3257
49605 3257
29140
8596
6661 198290
28329
9002
6720
12586 3257
3303
22652 3257
57381
6730 6730
29686
702
29608
198290
28138
38930 8283
15605
8218 16347
51395
3257 31122
1136
6667
6762 6762
10429
196621
12654
20612
16347
58308
31122
50620
8283
25091
1764
1280
