#src/zombie.py
# GMT Mon Oct  1 06:19:01 2018
# 
37468 49605
29691 49605
25933 3549
8447 49605 6720
35054 3356
3252 49605
57821 12586
62567 2914
174 3491 12779 1916
43100 49605
58299 49605
198249 49605
28917 49605
22652 3356
2613 49605
198290 49605
56730 49605
41722 49605
34177 49605
2914 6762 35699 19151 20080 14061 12637 7575
15435 49605
1299 7018 49605 8222
12859 49605
1280 3356
29608 49605
202194 49605
20080 1251
16347 49605
15547 49605
1764 8596 49605
41497 49605
50300 49605
12586 31025
8218 49605
16735 262757 52320
12779 6667 3257 37271 8426 680 12779 12654 41095 30844
8607 49605
262757
3356 286 3549 49605 12956 20764 45896 6453 2497
37271 327995
12350 49605
7738 3257 263321
49463 49605
29222 49605
3333 49605
37239 49605
3257 6762 29680 8455 14361 25152 2497
327995
47872 49605
52863 6762
263584 263321
13237 49605
8596
48526 49605
12637 9002 5392 12654 5396
2497 4777
34019 49605
34288 49605
50304 49605 57381
3491
28220 3549
1221 4637 4608
1103 49605
50763 49605
23106 49605
34781 49605
28329 6762
20612 49605
1251 52888
52320 49605
22548 3549
9002 49605
2895 49605
7575
64396 49605
1836 49605
49605 29686 13030 8758 59689 8283 41617 25091 4637 20932 198385 9189 37100 30132 9304 51405 24482 29075 25435 25220 202032 59414 20562 31424 59891 25227 553 39821 196621 31025 29140 25160 37497 12654
13030
8758
12956 10429
8283
14061
35699
286
3549 52720
45896
4637
8426
20932
41095
41617
9189
37100 327782
59689
25160
263321
327960 327782
29686
9304
51405
24482
29075
1916
198385
25220
202032
59414
52888
5396
8222
6762
31424
25091
59891
25227
20562
553
25152
29680
19151
39821
8455
196621
31025
29140
6720
30844
25435
7018
6667
327782
30132
14361
680
5392
6453
4608
37497
53070 10429
57381
20764
4777
12654
52720
10429
