#src/zombie.py
# GMT Mon Oct  1 04:08:51 2018
# 
328206 328145
6762 174 31463 41497
6720 8447
15605 12874
29075 15576 34019 57111
202032 6939
3333 1103
1103 286
22381 53070 12989
20612 1836
4657 38001 4637
31025 29551 57111
3491 174
22652 3356
3356 3549 14061 12586 8896 174 62240 6939 29608
29608
680 1299
49605 9002
3549 16735 263702
20495 8455
6939 263075 12654 13030 53067 8607 7575 262317 12859 57111 22548 264911 37640 5396 4635 328145 263152
20932 57111
12637 3257
53067
47692 33891 8758 12654 64463
8758
8896
28634 22356
39392 174 29504
51405 57111
12654 12779 9002 57111
43100 57111
1273 6667 1299
8359 20764 57111
38001
198290 6661
29680 3257
513 6830
12874 57111
52873 57111
62240 136620
8607
28571 1251
264911
28917 57111
263702
136620 136620 59891
196621 15576
9304 4635
6695 8426 57111
6830 174 6830
15576
6667
263152
23106 52320
34019
25091 57111
29636 3257
3257 174
30781 59689 57111
4844 2914 37989
39351 42708
1299 8943 15435 42708 5400 174 37271
33891 33891 57111
198385 57111
29551 25220
50620 57111
29686 6453
12859
53070
21232 13030
1251 52888 1916
174 19151 12956 31742 57111 7018 50877 12779 2914 25160 6453 701
286 57111
8943 50763
59891
16735 262757 12989 263508
31742
1916 2914
59414 13030 12307
13193 49463 57111
14061
12779 57111
35369 13030
58299 13030
25160
29691 13030
553 57111
59689
34288 13030
262317
263075
52720 37468
29208 15685 57111
16347 57111
45896 9002
20764 41722
8426
20080 2914
9002 57111
202194 13030
4635 4637
2914 15562 1280
50304 42708
42708 57381
56730 31463
50763
8455 8283 13030
25220
50877
25152 19151
49463
57821 12586
29504
7018
15562
52888
328145
6881 15685
198249 13030
31122 57111
31424 57111
701 2497
47147 57111
37640
5396
48526 57111
4777 2497
12956 10429
37271
37468 37239 57111
22356 27715
37239
19151
8283
8218 57111
12307
262757
15547 57111
4637
2110 39122 5400
6453
64463
50300 31463
41497
13030 1836
31463 57111
12586 12586
24482 57111
22548
57381
7575
30844 57111
15685
5400
8447 57111
39122
2497
37989
41722
15435
1280
29140 57111
57111 2857 6661 2613 52320
12989
2613
263508
52320
1836
10429 27715
2857
6661
27715
