#src/zombie.py
# GMT Mon Oct  1 04:46:29 2018
# 
37468 37239 1299 174
24611 6661 51405
8447 6720 3320
57821 12586
198249 15576
29551 25220 1299
28917 8359
22652 174
198290 6661
34177 3356
8455 1299
48039 8596 3257
25074 3356 9189
4230 262757 28513
20080 6762 1251
31463 6762 56730
50300 2914
8218 6461
16735 22548 52320
12779 174
8607 2914
30132 12859
37271 6762 1299 327995
12350 174
7738 701 263321 8167 286
12654 25152 6939
3257 29686 12859 5396 12586 29140 9304 25152 12637 174
47872 1299
263584 263321
50304 42708
41497 6762
15576 34288 47176 8758 196621 29691 8220
51185 3356
286 1103 174
23106 10429
50763 8943
28329 3549
38930 8283 174
52320 1299
22548
1136 24785 3333
30781 3356 59689
2895 3267
4777 2497
64396 174
6762 52863 174
47176 25435
8758 20612
41722 20764
1221 4637 4608
41617 31261
3333
3549 3356 5392
4637 1299
29222 3303
37100 327782 174
2613 6893
25160 3356
9304
59414 13030
29075 198385 1299 58308
31261 3216
1916 2914
52863
6893 25091
25091 13002
59891 51395
25152 19151 6939
29680 174
15605 12874
34019 3303
25435
9189
7018 174
327782 327960
8426 3356
1273 6667 2914 3216
5392
4608
28513 3491
53070 22381
57381 42708
20764 3216 25227
3303 12874 3320
52873 52720 12956
7575 6461
37239
15547 8220
25933 8167
35054 3356
3252 9002
24785 24785 1299
52720
58299 13030
12874
174 701 3356 49605 12956 6453 19151 35699 20932 2914 1299 5511 6461 3320 6661
3491 2914
8359 3356
45896 3356
56730
2914 3356 4134 9002 16347 19151 3320 4589
15435 1299
1299 62567 13030 553 14061 1299 13237 2603 680 8943 6939 42708
12859
1280 701
29691 57118
3267 2603
8167
3216
12586
263321
51395 6939
262757
3356 14361 8220 29608
4134 4809
49463 13193
29140
327995
13237
8596
48526 5511
12637
2497 701
34288
12307 57118
28220 28220 12956
5511
1103
57118
1251 52888
42708
9002 39821 19151
62567
49605
13030 31424
12956 10429
20612
8283
14061
13193 3320
20932
41095 13002 19151
2603
202194 198385
327960
29686
51405
8220
3320 8222
6939 30844
25220
29608
6661
52888
5396
8222
701
31424
35699
25227
198385
553
19151
39821
58308
196621
6720
30844
59689
6667
24482 6453
14361
680
6453
16347
8943
6461
4809 22381
4589
22381
13002
10429
