#src/zombie.py
# GMT Mon Oct  1 05:38:21 2018
# 
263584 263321
16685 22356 16685 4230
7018 174
6720 1853
22356 28634
15605 12874
29075 15576 16347 3320 1299
202032 6939
3333 12859
1103 3257
22381 53070 4809
57866 8283 1299
29226 2895 3216
8167 7738 25933
3491 64050 7738 41095 174 9002
22652 3257
3356 8359 553 1853 37271 41095 51185 37100 29222 8426 30781 3549 3320 9002 174 4134 6939
29608 20764
680 1299
49605 3257
3549 28220 16735 9304 61568 52720 174 5392 28513 23106
4809 4134
29686 2914
4230 28513 262757 9002
6939 37239 14840 53067 51395 262317 20764 52873 57111 28929 264911 37640 263075 34019 15685 45896 263152 263508
20932 1299
28634
37468 1299
53067
47692 33891
8758 15576 196621
8896 174
37100 327782
29222
39392 3257 29504
51405 24611
35699 2914
24611 6661
12654 20764 9002
25160 174
1273 3216 6667 12389 1299
8359 28917 20764
38001 41095
198290 6661
29680 174
8220 3320 15547
513 6830
12874 3303
52873
8607 2914
327782 327960
39821 28917
264911
34177 174
28917
5392
196621
9304
56730 31463
6830 174 6830 59622 59414
59622 9044
15576 29691 198385 21232 34288
1221 4637 4608
4608
20562 9002
61568 263321
43578 1299
6461 174 8218 7575
20612 9044
263152
23106
23148 25152 701
34019
25091 6893 20764
3257 31742 12586 12779 12637 174 29140
30781 59689
3252 174
35054 3303
39351 42708
1299 33891 8455 8943 13237 4637 52320 174 1299 29551 15435 14061 12350 13030 42708
33891
198385 202194
29551 25220
31463 6762
12859 30132 20764
28929
53070
21232
14840
1251 52888 20080
174 6762 37497 19151 701 24482 13760 6661 20764 3320 64463 48526 2914 58299 6453 286
286
8943 50763
2895
16735
31742
4777 2497
8222 3320
59414
13193 13193 3320 49463
14061
3320 47147 9002 3303
51395 59891
12779
35369 2914
58299
13760
263321
29691 198249 57118
553
59689
37497
12637
262317
395152 14007
263075
52720
25220
16347
25227 12389
45896
31133 6762 41722
20764 30844 6661
12389
8426
20080 6762
9002 852
50877 6762
2914 15562 1916 5400 50300
50304 42708 57381
42708
4637
50763
8455
9044
202194
25152
25933
49463
7738
29504
6762 41497 6762 5396
15562
52888
6881 15685
198249
3216
701 2497 1280
59891
4134
47147
37640
5396
48526
13237
57821 12586
1916
37271
41095
51185
31424 13030
852 14007
6893 2613
3303
28220 28220
37239
24482
30132
327960
8283
8218
12307 57118
6667
262757
15547
2110 39122 5400
6453
64463
50300
41497
13030 1836
1853
64050
12586
57118
19151
57381
12350
7575
34288
30844
14007
15685
5400
39122
52863 52320
2497
41722
15435
1280
29140
57111
2613
263508
52320
1836
28513
6661
