#src/zombie.py
# GMT Mon Oct  1 04:36:57 2018
# 
1916 6939
14061 1299
7018 6939
34781 13030
59891 6939
12654 50304 6881 29608
53070 12989
37239 37271
37989 4844
8763 5539
5396 6939
34288 15576
25220 29551
20932 6939
2613 6939
21320 6939 1853
30781 29608 59689
3320 3303 6939
16735 12956
8455 3257
57821 12586
263152 6939
1836 13030
1251 52888 6939 28571
680 3356
16347 6939
8426 6939
35369 29208
13002 20764 25091
15685 6939 29208 6881
48526 6939
29636 3257
3356 553 5511 174 15576
263651 6939
52888
1853 6720
28917 6939
29075 6939
21385 6939 5539
6830 513 6830 6939
1103 3257
49463 6939
25160 6939
286 6939
202032 6939
19151 174
8943 1299 50763
29691 15576
6453 24482 174 29686 62567
6461 5511 8218
29551 3257
4844 6939
12956 6939
34019 3303
13030 29608
41497 3257
25152 2497
12859 6939 3333
50300 5580 31463
24482
6720
9304 15830
5511 174 2914 29608 1299
31463 56730
15830 6939
202194 198385
12989 6939
1273 6667 1299
5580 3257
15435 1299
52720 6939
37271 174 3257
29208 6939
8928 1299
50304 174 6939 42708
47872 44217
52863 6939
20764 8732
64396 174
51405 6939
12874 42708 15605
49605 3257
29140 3257
59689
8596 48039
15547 6939
6661 198290 3257
9189 6939
264911 6939
28329 6939
29680 3257
3333
12586 3257
20080 6939
22652 6939
56730
57381 42708
263075 6939
44217 42708
6939 198385 7575 30844 58299 29608 57118 31424 37640 20612 8607 2497 50620 6762 15576 262317 1280 2857
174 701 1299 3257
30844
58299
29608 43100
198290
38930 8283 1299
15605
8218
7575
262317
31424
42708 1299
48039 3257
5539
513
57118
50763
4589 3257
3257 31122 12779
12779
8732 1299
6667
701 2497
37640
196621 15576
2914 9002
553
20612
1299
8607
198249 15576
2497
6881
31122
50620
29686
198385
9002
8283
25091
43100
6762
28571
15576
3303
1280
2857
62567
