#src/zombie.py
# GMT Mon Oct  1 06:59:26 2018
# 
20612 1836
50620 174
8422 1299 9189
2857 8365
12989 22548 53070 6939
14840 16735
57821 12586
62567 1299
174 6762 64396 29680 16347 9304 52320 19151 29140 51395 286 3257 1239 174 41497 7018 1299 24482 25160 12779 198385 6453 2914 29636 29075 1764 3356 50300 16735 1916 701
286
198249 13030
29551 25220 1299
28917 1299
22652 1299
198290 197264
56730 31463
49605 6939
2914 1299 4844 4589 20080 9002
8447 1299 6720
12713 1273 47872
15435 1299
8455 3257
12859 6939
1280 1299
513 6730
37497 6939
31133 1299 31261
20080
16347
31463 21396 50300
15547 1299
1257 3333 1239
4589
50300
12586 20676
8218 6461
16735 6762 28329 1299 4809 6939 52720
2497 701
12779
5539 8763 21385
8607 6939
51395 59891
7018
3356 3549
37271 37239 1299
4844 37989
8763
3303 34019 3320
49463 13193
6939 6762 31424 37640 8758 10026 263152 15605 30844 263075 21396 20932 12637 263651 1299 262317 8426 29608 29691 51405 28329 1251 202032 5396
28666 262757 4809
29140
37239
3257 1103
47872
6881 15685
52863 12654 4809
8365 1299
262317
8596 1764
197264 29467
48526 1273
12637
15576 34288 1299 6453 196621
34019
34288
1916
37989
50304 42708 57381
41497
58299 13030
23106 52320
5511 1299 30781
1103
50763 8943
34781 13030
31261 41617
38930 1299 8283
15605
1251 28571
52320
22548
202032
1273 1299 25152 6667
30781 59689
7575 6461
64396
701
1836 13030
680 1299 553
13030 35369 1299
29691
8758
31424
8283
14061 1299
3333
8732 20764 1299
8928 10026
3549 52720
9189
263075
21396
13193 1299
20932
37640
263651
59689
25160
29686 6453
9304
51405
29636
29075 198385 1299
29467 1299
3320 1299
21385 1299
25220
29608
41617
5396
4809
6762
6893 25091 2613
25091 13002
28329 12654
59891
2613
10026
263152
198385 202194
553
25152
29680
19151
42708 1299
1299 20676 15685 6730 8943 6461 31122
1239
196621
28571
20676
6720
30844
202194
13002 20764
6667
24482
8426
6730 6730
9002
6453
262757
52720 12654 52720
35369
8943
6461
53070
57381
20764
15685
12654
31122
1764
