#src/zombie.py
# GMT Mon Oct  1 05:38:01 2018
# 
1916 174
14061 1299
7018 2914
34781 13030
29636 174
12654 2497
53070 12989
25160 174
2603 21320 2497
37989 4844
1836 13030
701 1280 23148 2914
6461 2914 8218
20932 174
2613 6893
21320 1853
29551 25220 1299
3320 1764 2497 3320 513 3303 8422
16735 52320
59891 51395
8455 13030
25512 6881 174
57821 12586
263152 6939
8763 5539
6893 25091
680 553 3356
8426 3356
174 50304 198385 49463 12779 29075 19151 2914 48039 29680 41497 31122 24482 174 64396 9304 35369 58299 29140 2857 48526
13002 20764 25091
16347 8218
48526
8422 9189
3356 8732 3549 2497 37271 20676 9002 21385 22652
51405 6939
52888 1251
1853 1764 6720
28917 6939
29075
8943 2914 50763
29608 6453
49463
20676 12586
9189
286 1103 2914
1764
202032 6939
19151
29691 15576
6453 2497 29686 6453 2914 38930 62567
25220
37239 6939
4844 2914
23148 25152
34019 3303
13030 51395 1299
41497
25152
12859 3257 3333
1273 6667 1299
24482
6720
9304
31463 50300 56730
6939 262317 52863 263075 1251 28329 37640 20612 15547 50304 8607 7575 264911 2497 50620 20080 30844 44217 49605 15435 12989
202194 198385
12989
50300 5580
5580 3257
15435
52720 3549
37271
8928 2914
50304 57381
47872 44217
52863
20764 8732
64396
12874 3303 15605
15547
49605
29140
59689 30781
52320 1299
51395
8596 48039
34288 15576
6661 198290 2497
264911
28329
29680
9002
3333
12586
20080
22652
56730
57381
263075
44217
35369
30844
58299
1103
1251 28571
198290
38930 8283
30781 2497
15605
8218
3549
7575
262317
42708 1299
48039
5539 21385
513
57118 196621
50763
4589 2497
3257 2914
12779
8732
6667
37640
196621 15576
2914 2497 1299 6762 2914
553
20612
1299
8607
198249 15576
2497 3303
6881
31122
50620
29686
198385
21385
8283
25091
6762
28571
15576 3303
3303
1280
2857
62567
