#src/zombie.py
# GMT Mon Oct  1 04:12:35 2018
# 
1916 1251 52888 2914
14061 1299
7018 174
34781 13030
59891 51395
30844 6939
25160 174
37239 37271
48526 6939
37989 4844
8763 5539
5396 6939
34288 15576
6461 7575 6939
20932 6939
2613 6893
21320 6939 1853
30781 6939 59689
3320 3303 6939
16735 1299 12956 12989
8455 13030
3549 3356 28329 52720
57821 12586
263152 10429
1836 13030 20612
6893 25091
680 553 6939
8426 6939
35369 13030
13002 20764 25091
16347 2914
29691 198249 57118 15576
29636 2914
3356 6939 29608 19151 9002 37271 22652 28917
263651 6939
52888
1853 6720
28917
29075 6939
8943 1299 50763
6830 513 6830 6939
29608
49463 13193
53070 12989
286 6939 1103
1764 8596 6939
202032 6939
19151 6939 174 12654
6453 24482 6939 29686 62567
25220 29551
29551 31025
4844 2914
12956 6762 10429
34019 3303
13030 6939 58299 1299
15685 6881 29208
41497 3257
25152 2497
12859 6939 3333
1273 6667 1299
24482
6720
198385 6939 202194
9304 6939
6939 47872 52863 2914 51405 49605 15547 6661 29140 25074 8218 31424 42708 264911 263075 3257 12779 37640 12654 1299 31122 31025 21385 6762 262317 3303 2857 29208
202194
12989
50300 5580 31463
5580 3257
15435 1299
52720
37271
29208
13193 1299
50304 57381 42708
47872
52863
20764 8732
64396 174
3333
12874 3303 15605
15547
49605
29140
59689
51395 3257
8596
25074 9189
2914 2497 8928 8607 20080 4589
6661 198290
264911
28329
29680 8928
9002
12586 31025
20080
22652
56730 31463
57381
263075
31463
9189
174 50620
29686
58299
1103
1251 28571
198290
38930 8283 1299
15605
8218
7575
262317
31424
42708 1299
5539 21385
513
57118
50763
4589
3257
12779
8732 1299
6667
37640
10429
196621 15576
12654
553
20612
1299 8928 1280
8607
198249
2497
6881
51405
31122
50620
31025
8928
21385
8283
25091
6762
28571
15576 3303
3303
1280
2857
62567
