#src/zombie.py
# GMT Mon Oct  1 04:44:51 2018
# 
263584 263321
16685 22356 16685 4230
6762 20080 37100 50877 12874 31463 5396 174 8447
6720 8447
22356 28634
15605 12874
14907 6908
29075 15576 1299
12307 39540
3333 12859
1103 3257
22381 53070 4809
57866 8283 701
29226 2895 3216
15935 174 29504
8167 7738 25933
3491 64050 7738 174 28513 38001
22652 174
3356 33891 553 8455 8896 41095 51185 29222 15576 25220 16347 174 6939 8359 8426 25091 8222 49605 3356 680 30781 3549 9002 48526 34177 25160
29608 20764
680
49605
3549 28220 16735 52873 9304 5392 23106
4809 1299
29686 6453
4230 28513 262757 9002
20932 1299
28634
31424 13030
53067 6939
47692 33891
205206 16245
8896
37100 327782
29222
34549 33891
51405 6939
35699 174
12654 20764 9002
25160
701 174 1280 2497 23148
8359 28917
38001
198290 6661
29680 174
513 6830
12874
52873
8607 6939
327782 327960
39821 28917
264911 6939
34177
28917
5392
196621 8758
9304
56730 31463
6830 21232 15547 6830 174 59622 59414
59622 9044
15576 29691 198385 198249 8758 34288
52720 6939
1221 4637 4608
4608
20562 9002
43578 1299
6461 52320 174 8218 7575
20612 9044
263152 6939
23106
23148 25152
34019 6939
25091
31463
3257 12779 174 12586
30781 59689
3252 174
35054 6939
39351 42708
1299 8943 13030 174 4637 15435 14061 15685 50304 42708
33891
198385 202194
40191 174 395766
51395 59891 174
12859 30132 20764
28929 6939
53070
21232
1251 52888 20080
174 41497 7018 37497 12637 29140 37468 19151 12350 174 6667 1273 24482 12389 5400 16245 20764 31742 64463 2914 6453 286 6730
6939 63297 262317 202032 263075 45896 6661 20764 57111 3320 37640 58299 263508
8943 50763
2895
16735
31742
13237 2914
39540 57118
8222
59414
14061
3320 47147
12779
5400 2110
58299
13760 2914
263321 28329
29691 57118
553
59689
37497
12637
262317
266534 18881
395152 63297
263075
6894 2497
25220
16347
25227 12389
45896
20764 41722 30844
8426
20080
9002 2497 12956
50877
2914 28329 15562 1916 6908 35369 37271 50300
50304
42708
4637
286
50763
63297
30132
9044
202194
25152
25933
49463 8218
7738
29504
7018
15562
52888
6881 15685
198249
3216 1273
1273
59891
15435
47147
37640
5396
48526
4777 2497
57821 12586
12956 18881
16245
6908
1916
37271
41095
51185
37468
24482
28220 28220
6893 2613 6730
8455
327960
8283
8218
202032
6667
262757
15547
395766
2110 39122
6453
8758
64463
50300
28329
41497
13030 1836
64050
12586
57118
19151
12350
7575
34288
30844
15685
35369
8447
39122
52863 52320
2497
41722
12389
1280
29140
57111
2613
263508
52320
1836
18881
28513
6661
6730
