#src/zombie.py
# GMT Mon Oct  1 04:03:37 2018
# 
6762 174 50877
6720 1853
15605 12874
14907 13030
29075 15576 198385 34019 6453 1299
202032 6939
3333 12859
1103 286
22381 53070 12989
20612 1836
4657 38001 3491
6894 2516
3491 22356 174
22652 3356
3356 8359 1853 8896 12874 20764 29608 8426 3549 15547 174 6939
29608
680 1299
8365 2914 2857
49605 1299
3549 24611 52873 263702
20495 8455
20932 1299
31122 3257
31424 6939
53067 6939
47692 6453
205206 16245
8896
28634 22356
39392 3257 29504
51405 24611
20485 8732 41722
12654 20764 41722
1273 6667 1299
8359 41722
38001
198290 2914
29680 3257
513 6830
12874
52873
62240 136620 1299
8607 6939
28571 1251
264911 6939
50300 2914
28917 1299
263702
136620 136620 59891
196621 15576
9304 3257
56730 31463
6830 174 6830
15576
6461 174 8218
6667
263152 6939
23106 52320
34019
25091 2914
29636 2914
3257 41497 31742 12779 31463 12637 174
30781 5511 59689
4844 2914 37989
39351 42708
1299 33891 553 13030 16245 37271 15435 174 49375 25512 8943 16735 13193 14061 47147 52320 5400 50304 42708 20676
33891 34549
198385
50620 174
29686 6453
12859 9002
53070
21232 13030
1251 52888 20080
174 7018 20764 701 64463 2914 5511 6453 286 25160
6939 263075 262317 20764 57111 22548 2613 37640 5396 52720 6939
8943 50763
59891
16735 262757 12989 263508 266534
31742
1916 2914
59414 13030 12307
13193 49463
14061
12779
35369 13030
58299 13030
25160
29691 13030
553
59689
12637
262317
266534
263075
52720
25220 2914
16347 2914
45896 9002
20764 8732
8426
20080 2914
9002 2914 8758 41722
50877
2914 2497 19151 29140 1280 7575 15562
50304
42708
286
50763
8455 8283 13030
202194 13030
25152 2497
2516 701
49463
15435
29504
7018
15562
52888
5511 48526
6881 25512
198249 13030
8732
24611
701 2497
47147
37640
5396
48526
4777 2497
16245
34549
37271 37239
37468 6453
22356
49375
37239
19151
25512
8283
8218
12307
262757
15547
2110 39122 5400
6453 30844 24482
8758
64463
20676 12586
41497
13030 34288 1836
1853
31463
12586 57821
24482
22548
7575
34288
30844
5400
39122
52863 52320
2497
37989
41722
57821
1280
29140
57111
12989
2613
263508
52320
1836
2857
