#src/zombie.py
# GMT Mon Oct  1 04:37:29 2018
# 
37468 174
50620 174
29691 57118 15576
2857 174
12989 22548 16735
22548
24785 20562 1299
264911 6939
57821 12586
16265 49605 38930
174 6762 3356 174 16347 6453 1836 19151 51395 3257 1239 37271 64396 29140 48526 12637 7018 6667 1916 1299 701 1280 25160 20932 9304 25512 29636 6461 2914 52320 12779 31122 6830
286 1299
12874 3303 15605
198249 15576
28917 1299
22652 6453
198290 6661
62567 6453
41722 9002
2914 4844 4589 20080 7575 30781
8447 49605 6720
15435 6939
1299 13030 8943 9009 14061 8732 3320 6939 42708 1273
12859 6939
1280
513 6830
29608 5511
202194 198385
20080
12956 6762 16735 18881 10429 6939
6777 49605 8426
31463 56730 21396 50300
25512 6881
15547 3356
1257 3333 1239
16347
41497 6762
50300
12586 20676
8218 6461
16735 262757 6939
2497 701
12779 13002 3257 9009 12654 30844
5539 33891 8763
8607 6939
6830 6830
51395 59891
7018
3356 25074 49605 5511 44217 6939 680 9002
37271 37239
37640 6939
8763
49463 13193
6661 49605
43531 8596 6939
25074 9189
37239
3257 49605 3320 1103
47872 44217
6881
52863 6762
44217
262317 6939
8596
48526
18881 52873
12637
15576 8220 196621
34019 3303
34288 9002
1916
37989 4844
50304 42708 57381
58299 6939
23106 52320
5511 5511
1103
50763 8943
48166 9002
57118 12307
38930 8283
1251 28571 6939
52320
53067 6939
28571
31424 49605
9002 49605 6939 41617 9002
30781 59689
7575
64396
6762 29075
1836 20612
49605 8758 20562 51405 6939 12654
13030 35369 8455
29636
8758
9009
20612
8283
14061
3333
8732 20764
8928 29680 6939
263075 6939
21396 6939
52873 52720
13193 3320
20932
56730
198385 29075
4844
263651 6939
20676 6939
59689
25160
4589
29686 6453
9304
51405
8220 6939
20562
29075
23148 701 25152
3320 3303
6939 263152 25220 24482 37497 33891 202032 12654 5396
25220
202032
41617
5396
53070 10429
701
6893 25091 2613
25091 13002
59891
2613
263152
12307
553 33891
25152
29680
15605
42708
8455
1239
196621
29140
6720
30844
9189
13002
6667
24482
8426
37497
1273
680
6453
262757
52720
35369
8943
6461
33891
57381
20764
3303
19151
12654
31122
10429
