#src/zombie.py
# GMT Mon Oct  1 05:46:55 2018
# 
29608 6453
50620 6939
8422 9189 3320
2857 174
12989 22548 16735 53070 6939
52720 52873
57821 12586
62567 6453
29208 15685 2914
174 64396 6667 1916 25160 41497 19151 29140 29636 2914 52320 24482 174 12779 31122 12637
286 2914
57463 29686 6939
198249 13030
29551 25220 3320
28917 6939
15685 6881
8359 3356 41617
198290 6661
56730 31463
29140
49605 3356
2914 6762 7018 8928 1299 4844 1280 8943 5511 15830 6453 3257 6461 1239 6939 2497 2914 3320
15435 1299
8455 8283 13030
12859 3257
15830 9304
513 6730
37497 6939
20080 6939
12956 18881 10429 6939
31463 21396 50300
15547 6939
1257 3333 1239
41497
50300
12586 20676
8218 6461
16735 262757 1299 6939
2497 3356 13030 3320 6939 4589 6453 6661 12654 30781
12779
5539 8763 21385
8607 6939
262757
3356 20676 37271 8426 680 553 3549 22652 21385 9002 1853
264911 6939
37271 37239
4844 37989
8763
49463 13193
21385
6661
12874 3303 15605
42708 1299 50304
3257 1103
6881
52863 6762
262317 6939
8596 1764
48526 5511
18881 52873
12637
15576 6772 196621
34019 3303
34288 13030
1916 1251
37989
50304 57381
58299 13030
23106 52320
5511
1103
50763 8943
34781 13030
28329 3549
20612 1836
15605
1251 28571
52320
22548
28571
9002
30781 59689
7575 6461
64396
1836 13030
680
13030 35369 6772
16347 6939
8283
14061 1299
3333
8732 20764 1299
41722 20764
8928 29680 1299
3549
9189
263075 6939
21396 6939
13193 3320
20932 6939
37640 6939
263651 6939
1764 6939
202194 198385
25160
51405 6939
4589
29686
9304
7018
29636
29075 198385 6939
3320 6730 3303
6939 59891 263152 198385 30844 202032
25220
202032
41617
6762
6893 25091 2613
25091 13002
59891
2613
263152
198385
553
22652
25152 19151
29680
19151
53067 10429
1299 1273
1239
8426
196621
20676
6720 1853
30844
59689
13002 20764
6667
24482
1280
1273
6730 6730
1853
6772
6453 6453
31122
35369
8943
6461
53070
57381
20764
3303
52873
12654
37239
10429
