#src/zombie.py
# GMT Mon Oct  1 05:27:56 2018
# 
263584 263321
16685 22356 16685 4230
6762 3257 60501 20080 5396
6720 1853
22356 28634
15605 12874
18747 174 263702
14907 38930
29075 174
12307 57118
3333 1136
1103 2603 12654 20562 286
20612 1836
6894 174
8167 7738 25933
3491 3257 28513 41095
22652 3257
3356 3257 8426 3549 8455 41095 286
29608 57111
680 1299
37497 174
49605 174
3549 52720 52873
4809 30844 4134
29686 2914
4230 28513
6939 12859 30132
20932 174
28634
37468 37239 174
6730 6893 174
47692 33891 12654 202032
205206 16245
8896 174
37100 327782 174
29222 3303
51405 24611
35699 174
12654 5413 12956 8455 12859 57111
25160 174
29680 174
38001 41095
198290 174
1136 24785
8220 3320 15547
2603
513 174
12874 3303
52873
8607 2914
327782 327960
39351 174
39821 28917
34177 174
28917 47441 174
263702
33891 31424 3320 34549
5392 174
196621 15576
9304 174
4637 3257 1221
6830 3257 59414
15576 174 21232
1221 4608
50629 206356 174
47441
20562
61568 263321 18881
43578 174
6461 3257 7575 7473
35266 12859
6667 174
23106 52320
3267 2895 174 3267
25091 12859
6893 2613
3257 12956 701 7018 12586 12859 3320 2914 6453 1299 286
4844 37989 7473
35054 3303
15935 174 29504
1299 14061 8455 29551 8943 13030 174 13237 1299
1764 35369 174 1853
198385 174 202194
40191 174 395766
1916 174
29551 25220
51395 59891 174
12859 52320 50304 286
38930 8283 174
206356
21232
51945 56730 174
7473
1251 52888 20080
174 29691 12779 16245 24785 37271 12637 51185 8218 24482 3303 19151 25512 6661 20764 12389 50877 553 64463 50300 41497 63297 8758 15435 29140 49463 34288 174 39122 16735 7738 31742 48526 52320 1836 58299 13760 12350
262757 16735
286
8943 50763
2895
16735 22548 266534
31742
4777 2497
8222 3320
59414
5413
3320 47147
12779
35369
58299
13760
263321
29691 198249 57118
553
59689 8218
60501
12637
266534
395152 63297
52720
25220
16347 8218
25227 12389
20764 41722
8426
20080
9002 2914
50877
2914 15562
50304 57381
56730
50763
63297
30132
202194
25152 19151
25933
49463
7738
29504
7018
15562
52888
6881 25512
198249
24611 6661
701 2497 1280 4134
59891
4134
15435
4608
47147
5396
48526
13237
57821 12586
12956 28220 18881
16245
24785 24785
34549
37271
41095
51185
31424
24482
3303
28220
37239
19151
8455
327960
8283
8218
202032
14061
15547
395766
6453
8758
64463
50300
41497
13030
1853
12586
57118
22548
57381
12350
7575
34288
30844
25512
39122
52863 52320
2497
37989
41722
12389
1280
29140
57111
2613
52320
1836
28513
6661
18881
