#src/zombie.py
# GMT Mon Oct  1 05:33:27 2018
# 
37468 174
50620 174
8422 3356 9189
2857 174
12989 22548 16735
22548
24785 20562 1299
264911 6939
57821 12586
16265 29208 38930
174 64396 1836 37271 5511 19151 174 3303 198290 29140 48526 12637 6667 1299 1280 25160 513 20932 9304 15623 2914 12779 29636 29075 41497 20764 1916 1764
43100 29608
286 29208 1299 34984
12874 3303 15605
198249 15576
34984 44217
22652 3356
52863 6762
62567 6453
29140
41722 9002
2914 701 29208 8455 6762 1239 4844 4589 1299 20080 3320
8447 6720 3320
15435 1299
8455
12859 42708
1280
513
37497 6939
20080
29691 57118 15576
31463 56730 21396
15547 6939
1257 3333 1239
16347 8218
12637
50300 6939
15685 15685 29208 6881 6939
8218 6461 59689
16735 3549
2497 701
12779
5539 33891 8763
8607 6939
29208 30844 6939 20562 42708 51405
3356 3549 1299 8426 4230 680 5511
37271
37640 6939
8763
49463 13193
28917 6939
43531 8596 6939
37239 6939
3257 1299 1103
47872 44217
202032 6939
44217
12307 57118
8596
48526
18881 52873 12956
41497
15576 8220 196621
34019 3303
34288 9002
1916
37989 4844
50304 42708 57381 1299 12654 6939
58299 15623
23106 3549
5511 1299 12956 29608 5511
15623
1103
21396 6939
50763 8943
48166 9002
57118
38930 8283
1251 28571 6939
53067 6939
28571
19151
31424 6939
9002 49605 6939 41617
7575 6461
64396
701 23148
1836 20612
49605
13030 1299
8758 6939
12956 6762 10429
20612
8283
14061 1299
3333
3549
9189
263075 6939
198290
52873 52720
13193 3320
20932
56730
198385 29075 202194
4844
263651 6939
1764 35369
59689
25160
262317 6939
51405
4589
29686 6453
9304
7018 1299
8220 6939
12586 20676
24482 6939
29636
29075
23148 25152
3320
6939 8928 20676 263152 25220 5396 1299 59891 33891 31122
25220
29608 12654
41617
5396
33891 553
6762 1299
8928 29680
25091 13002 6893
59891
2613 6893
263152
20562
553
25152
29680
15605
42708 13002 1299
1299 8943 6453 6461 1273
1239
196621
20676
4230 262757
6720
30844
202194
13002
6667
6881 12654
8426
1273
680
6453
262757
52720
35369
8943
6461
53070 10429
57381
20764
3303
6893
12654
31122
10429
