#src/zombie.py
# GMT Mon Oct  1 03:58:41 2018
# 
262375 52720 22548 3549 14840
6762 52863 12956 50877 41497 31463 12654 174 3356 6939
6720 1853
15605 12874
14907 13030
29075 174
202032 6939
3333 12859
1103 286
20612 1836
4657 38001 3491
6894 174
3491 22356 174
22652 3356
3356 8426 30781 3549 15547 174
29608 174
680 1299
49605 174
3549 52873 263702
20495 8455
15935 174 29504
6939 16735 53067 262317 8607 2613 37640 263075 264911 2914 263152 6939
20932 174
31122 3257
37468 174
53067
47692 6453
205206 16245
8896 174
264911
51405 24611
12654 2914 19151
1273 6667 1299
38001
198290 6661
29680 174
513 6830
12874 3303
52873
1299 8732 8943 16735 13030 15435 42708 13193 14061 47147 52320 5400 50304 174 20676
8607
28571 1251
14840
50300 31463
28917 174
263702
196621 15576
9304 3257
56730 31463
6830 174 6830
15576 174 198385
6461 174 8218
29208 2914 15685
263152
23106 52320
34019 3303
25091 2914
29636 174
3257 12637 174
30781 59689
4844 2914 37989
39351 42708
13101 34549 174
51395 59891 174
198385
50620 174
29686 6453
12859 2914
53070 10429
21232 13030
1251 52888 20080
174 553 12956 7018 16245 37271 3303 19151 6661 2914 64463 29140 286 5511 174 25160 701 31742 6453 21320 57111 12779 2857
286
8943 8943 50763
59891
16735 262757 19151 263508
31742
1916 2914
59414 13030 12307
13193 49463
14061
12779
35369 13030
58299 13030
25160
29691 13030
553
59689
12637
262317
266534 18881
263075
52720
25220 2914
16347 2914
45896 19151
20764 8732 41722
8426
20080 2914
9002 2914
50877
2914 2497 19151 1280 49375 15562 7575 30844
50304
42708
50763
8455 8283 13030
202194 13030
25152 2497
49463
15435
29504
7018
15562
52888
5511 48526
6881 15685
198249 13030
8732
24611 6661
701 2497
21320 1853
47147
37640
48526
4777 2497
12956 10429 18881
16245
34549
37271 37239
22356 28634
3303
49375
37239
19151
8283
8218
12307
6667
262757
15547
2110 39122 5400
6453 24482
64463
20676 12586
41497
13030 34288 1836
1853
31463
12586 57821
24482
22548
28634
7575
34288
30844
15685
5400
39122
52863
2497
37989
41722
57821
1280
29140
57111
2613
263508
52320
1836
10429
2857
6661
18881
