#src/zombie.py
# GMT Mon Oct  1 03:52:11 2018
# 
52873 18881 52720
1916 27750
22548 3549
14061 3356
7018 3320
34781 13030
198545 29152 174
59891 51395
53070 10429
37239 4809
27750 11537
29075 6830 16347 174 50620
5396 6762
8220 3356 15547
701 4134 2497 702 1280 6830 23148
8468 3549
25220 3356
3252 702
16735 28138 12956
57821 12586
3491 3356
30844 21320
35054 3356 43100 6730 202032 12654
174 12637 3320 41497 49463 6830 64396 12779 58299 29608 12350 35699 24482
35699
2895 3267
29691 57118 15576
3356 3356 1853 20932 3549 51185 8426 6830 19151 22652 41095 1764 15703 680 34177 30781 3320 9002 50300 33891 49605 1836 3267 29222 8359 14361 31463 48526 8422
51405 24611
1853 6720 1764
263321 263584 7738
7660 22388 2500 9270
4777 2500
6830 1764 2914 513 12956 3257
39821 28917
9189 8422
1764 8596
202032
19151
6453 3320
12956 47872 10429 18881 3320 28220
52720
12859 30132 2603
53067 10429
29152 58308
24130 4608 7545
15435 1299
37271 327995 2914
24482
24611 6661
24489 24490 24489 9270
198385 202194 41562
6720
12874 3303 15605
327995
15703 8283
59689 30781
12350
15547
29680 3257
3333 1136
20080 6762
5392 3549
25933 3549
31463 56730
6939 1299 7545
43100
28917 8359
1103 3257
20562 2603
58299
7575 24490
262317 10429
31424 33891
42708 50304 1299
513 20965 21320 6730 12654 513 3320
57118
50763 8943
41562 15576
12779
30132
41095 24785
2914 3320 25160 8607 6661
553 680
7738 3320
1299 13030 3320 13237 1273 8455 8943 62567
8607
198249 15576
2497
263584
7545
26615 6762 16397
34177
6762 28329 3320
15576 196621 3303 34288 8758
14361
62567
25160
8943
47872
24785 1136 24785
34288
56730
52863 4809
2613 25091
21320 2603
30781
3320 8222 3257 286 3303 6461
8455
2603 8359
1836
680 20965
8426
13002 20764 25091
8758 20612
48526
8422
20965 11537
20764 8359
49463
286
6461 8218
28220
23148 25152
34019 3303
12637
13030 51395
41497
25152
18881
50300
8222
64396
4589 3257
9304 3549
33891
202194
8359
9270 9270
4608
50304 57381
20932
3549
51185
16397 263075
1273 6667
4134 4809
13237
49605
29140 3257
11537 22388
24490
6661 198290
28329
8596 8596
9002
12586 3257
22652
57381
6730 6730
29686 3257
702
29608
198290
28138
15605
8218
51395
2500 2500
263075
3257 31122
1136
6667
4809
29222
10429
196621
12654
20612
16347
58308
31122
50620
22388
8283
25091
3267
3303
1280
