#src/zombie.py
# GMT Mon Oct  1 06:29:24 2018
# 
37468 174
50620 174
8422 9189 3320
24611 6661 51405
8447 6720 3320
264911 6939
57821 12586
62567 6453
174 64396 6667 29680 1299 2857 1280 25160 48039 19151 1916 52320 198290 16735 12779 41497
286 34984 6939
198249 13030
29551 25220 3320
34984 44217
22652 6939
198290
56730 31463
41722 20764
2914 4589 29636 20080 6939
15435 1299
8455 8283 13030
12859 6939
1280
37497 6939
31133 1299 31261
20080
16347 8218
31463 6762 3356 50300
15547 34781 6939
1257 3333 1239
41497
50300
12586 20676
8218 6461
16735 22548
2497 6939
12779
5539 8763 21385
8607 13030
51395 3257 59891
7018 6939
3356 20676 49605 15605 8426 6939 30781
37271 6762 37239 1299
4844 37989 6939
8763
3303 34019 3320
49463 13193
21385 6939
28917 1299
6661 6939
4635 10026 9304 6939
29140 3257
42708 1299 50304 57381
3257 31122 12637 6939
47872 44217
6881 15685
52863 6762
44217
262317 6939
8596 48039
48526 5511
18881 52873 12956
12637
15576 6772 196621
34019
34288 13030
1916 1251
37989
50304
58299 13030
23106 52320
5511 29608 5511 6939
1103 2603
50763 8943
34781
31261 41617
20612 1836
15605
1251 28571
52320
22548
28571
31424 6939
9002 6939
30781 59689
7575 6461
64396
1836 13030
49605
13030 202194 8758 1299 6772 35369 6939 12654
8758
12956 6762 10429 6939
8283
14061 1299
3333
8732 20764 1299
8928 10026
9189
263075 6939
52873 52720
13193 3320
20932 1299
37640 6939
263651 6939
52720
59689
25160
4589
29686 6453
9304
51405
29636
29075 198385 1299
3320 6939 33891
6939 6762 5396 263152 1239 2603 1299 24482 6453 262757 6461 53067 202032 12654
25220
202032
41617
5396
33891 553
6762
2603
25091 13002 6893
59891
2613 6893
10026
263152
198385
553
25152 19151
29680
19151
53067
2857
1299 15685 680 8943 1273
1239
8426
196621
20676
6720
30844 6453
202194
13002 20764
6667
29608
24482
48039
1273
680
6772
6453
262757
31122
35369
8943
6461
53070 10429
57381
20764
15685
6893
12654
37239
10429
