#src/zombie.py
# GMT Mon Oct  1 04:14:28 2018
# 
52873 18881 52720
1916 2914
22548 16735
14061 1299
7018 1299
34781 13030
198545 29152 174
8447 3320 6720
1251 52888 20080
53070 10429
37239 4809
29075 1299 50620
5396 3356
6453 3356
701 4134 1280 2497 1299 702
8468 3549
25220 3320
3252 702
48039 12586 8596
16735 52320 1299 28138
57821 12586
3491 3356 174 12389
30844 12779
35054 3303
37179 41095 327984
35699 174
2895 29076
29691 57118 15576
3356 3356 47872 20932 3549 51185 8426 3257 286 41095 1299 22652 30781 9002 34177 31463 680 8359 29608 14361 48526
51405 24611
52888
1853 1764
28917 39821 174 8359
4777 2497
26592 16397 26615
13030 31424 51395 1299 1836
9189 8422
30132 12859
202032 49605
19151 174
8220 3320 15547
1239 4637 1299
12956 18881 10429 1299
263321 263584 7738
12859 12779
262589 28329 1299
29152 58308
50300 2914
15435 1299
37271 4809 327995
24482 174
24611 6661
198385 202194 41562
6720
12874 3303 15605
327995
59689 30781
12350 174
15547
29680 3257
3333 1136
20080 2914
5392 3549
25933 3549
31463 56730
58299 174
1103 286
29076 12389
20562 49605
2613 25091
262317 10429
31424
42708 50304 1299
513 3320
57118
50763 8943
41562 15576
12779 28929 41095 174 3257 12654
41095
2914 29686 1299
553 680
7738 3320
1299 3257 8732 13237 49605 52320 3320 1273 8455 8943 6762 174 38930 62567
8607 49605
198249 15576
1136 286
2497
263584
4637 1221
26615 6762
34177
29222 3303
4608 1221
15576 196621 3303 34288 8758
14361
62567
28929
25160 174
12389
4589 3257
47872
34288
56730
7575 6461
30781
3320 8422 3320 8222 3257 3303 13193 6661
59891 51395
8455
8943
1836
680 174
8426
13002 20764 25091
8758 20612
48526
8422
20764 8732
327984
1221
49463 13193
286 174
13101 12586 49605
6461 174 8218
28220 3549
34019 3303
12637 174
39821
41497 174
25152 1273
18881
1273 6667
8222
64396 174
9304 3549
202194
8359
52720
13193
50304 57381
20932
3549
51185
52320
16397 263075
4134 4809
13237
49605 43100 6661 12654 9002
29140 174
8596
6661 198290
28329
9002
12586
3303
22652
57381
174 3257 31122 174 1764
29686
702
29608
198290
28138
38930 8283
15605
8218 16347
51395
263075
3257
8732
6667
4809
6762
10429
196621
12654
20612
16347
58308
31122
50620
8283
25091
43100
1764
1280
