#src/zombie.py
# GMT Mon Oct  1 05:22:31 2018
# 
328206 328145
6762 8732 41497 50877 31463 30844 37271 6939
6720 8447
15605 12874
29075 15576 1299
202032 6939
3333 1257
1103 286
20612 1836
4657 38001 3491
328145 6939
3491 6939
22652 6939
3356 8426 30781 3549 12586 49605 6939 8896 1299 20932
29608 6939
680 1299
8365 2914 2857
49605
3549 16735 52873 263702
20495 8455
29686 6453
20932
8732 20764
37468 52720 37271
53067 6939
47692 33891
8896
28634 22356
39392 33891 29504
51405 24611
12654 52720 52863
1273 6667 1299
38001
198290 6661
1257 1239
29680 174
513 6830
12874 3303
52873
8607 6939
28571 1251
264911 6939
28917 1299
263702
196621 15576
9304 4635
56730 31463
6830 174 6830 6939 59414
15576 29691 198385 21232 34288 198249
6461 8218 6939
6667
263152 52720
23106 10429
23148 25152 701
34019 3303
25091 2914
1239 6939
29636 2914
3257 31122 12779 31742 29551 6939
30781 59689
4844 37989 6939
39351 42708
13101 52320 34549
1299 8943 13030 15435 42708 38930 13193 14061 15685 52320 174 6939
37640 6939
33891 553 3320
198385 202194
29551 25220
50620 174
31463
12859 52320
38930 8283
53070 10429
21232
14840 52720
1251 52888 20080
174 52320 6661 64463 25160
6939 31424 12956 7018 13030 24482 37271 15547 52320 16735 7575 3303 5400 286 262757 37239 701 22548 1280 19151 3320 5511 5396 4635 2613 2914 6453
8943 50763
59891 34549
16735 263508
31742
1916 2914
59414
13193 49463
14061
3320 6661 47147 8447
12779
35369 13030
58299 13030
25160
29691 57118
553
59689
34288
262317 52720
52720 263651 52720
25220
16347 2914
12637 2914
20764 41722
8426
20080 2914
9002 4635
202194
4635
2914 29140 52320 15562 50300
50304 42708 57381
42708
286
50763
8455 13030
50877
25152
49463
57821 12586
29504
7018
15562
52888
5511 48526
6881 15685
198249
31122
24611 6661
701 2497
47147
263651
5396
48526
4777 2497
12956 10429
34549
37271
31424
22356 27715
3303
37239
24482
6661
8218
12307 57118
262757
15547
2110 39122 5400
6453
64463
50300
41497
13030 1836
12586 12586
57118
22548
19151
57381
7575
30844
15685
5400
8447
39122
52863 52320
2497
37989
41722
15435
1280
29140
57111 52320
2613
263508
52320
1836
10429 27715
2857
8283
27715
