#src/zombie.py
# GMT Mon Oct  1 05:39:46 2018
# 
1916 2914
22548 16735
14061 2914
7018 3356
34781 13030
8447 6720 3257
53070 10429
37239 4809
29075 5511 58308 16347 50620
5396 3356
6453 3356
8468 3549
3252 9002
16735 52320 28138 2914
57821 12586
4589 2914
24785 1136 1273 24785
35054 3303
29467 197264 2914
174 20764 29680 28917 31122 49463 24482 64396 3491 1836 5392 680 6730 19151 12350 174 7738 1239 12956 8218
35699 2914
2895 29076
29691 57118 15576
3356 41095 9002 8426 3549 1299 3216 286 3320 6762 29608 12956 20932
51405 24611
1853 1764
58299 13030
4777 2497
13030 1299
9189 25074
30132 12859
19151
8220 5511 15547
1239 4637
12956 10429 47872 2914 1273 5511 3257
52720 3549
12859 9002
37497 20764
53067 10429
5511 30781 48526
50300 2914
15435 3257
37271 327995 2914
8222 3320
24611 6661
4230 28513 262757
52863 4809
198385 202194 41562
8426
3491
12874 3303 15605
327995
59689 30781
12350
25074 2914
3216 3216 20764 12389 1273
29680
3333 1136
59891 51395
5392
25933 3549
31463 56730 2914
263321 263584 7738
1103 3257
29076 12389
20562 9002
2613 6893
31424 3257
42708 50304 1299
513 6730
57118
50763 8943
41562 15576
12779 3257
41095
2914 7575 51185 28513 25160 8943 1764 52320 25220 8607 12637 2497 4713 9002 8455 20080 34177 29686 29140 1280 38930 14361 62567
553 680
7738
1299
8607
198249 15576
2497
263584
4637 1221
6762 28329 47872
15576 196621 3303 34288 8758
14361
62567
25160
12389 1273 4809
8943
47872 3320 12654
30844 20764
262757
34288
56730
7575
30781
3320 3303
8455
34177
1836
6893 25091
680
13002 20764 25091
8758 20612
48526
20764 20764 12654 6661
1221 4608
28513
49463
28917
286
20080
25220
28220 3549
34019 3303
12637
39821 9002
41497 3257
4713 25152
25152
1273 6667
24482
64396
9304 3257
202194
4608
50304 57381
20932
3549 4809 16397
51185
52320
16397 263075
13237 3257
49605 9002
29140
8596 1764
6661
28329
9002 12654
6720
12586 3257
3303 29222
22652 3257
15547
57381
6730 6730
29686
29608
198290 197264
28138
38930 8283
15605
8218
51395 3257
263075
3257
1136
6667
4809
29222
10429
196621
12654
20612
16347
58308
31122
50620
197264 197264
8283
25091
1764
1280
