#src/zombie.py
# GMT Mon Oct  1 04:55:18 2018
# 
52873 18881 52720
1916 174
22548 16735
14061 1299
7018 2914
34781 13030
8447 3320 6720
53070 10429
37239 4809
29075 58308 174 50620
5396 6762
6453 2497 22652 2914
701 286 2497 702 2914 701 1280 12956
8468 3549
25220 3320
3252 702
48039 8596 174
16735 12956 28138
29680 8928
3491 2497 28513
30844 6939
35054 3303
6730 513 174 6730
35699 174
2895 3267
29691 57118 15576
3356 2497 49605 9002 51185 8426 3549 3267
51405 24611
1853 1764
263321 263584 7738
4777 2516
26592 16397 3549
13030 51395 1299 1836 58299
9189 8422
1764 174
19151 174
8220 3320 15547
1239 4637 2914
12956 10429 2914 18881 28220
52720
12859 30132 2914
53067 10429
5511 30781 48526 2914
6939 2497
50763 8943
15435 1299
37271 327995 2914
24482 174
24611 6661
4230 28513 262757
52863 4809
198385 202194 41562
8426
12874 3303 15605
327995
59689 30781
12350 174
15547
59891 51395
3333 1136
20080 6762
5392 174
25933 3549
31463 50300 56730
28917 39821 174
1103 286
58299
2613 25091
31424 33891
42708 50304 1299
513
57118
4637 1221
41562 15576
12779 174
30132
41095 2497
2914 25160 4589 6762 2914 6461 1299 8607 2497 4713 6661 8943 174 29686 16347
553 680
7738 3320
1299 13237 8455 12586 62567
8607
198249 15576
2497 3320 8928 3257 4134 286 12654 14361 2516
263584
8928
34177 174
29222 3303
4608 1221
15576 196621 3303 34288 8758
14361
62567
57821 12586
25160
4589
47872 6762
262757
34288
56730
7575 6461
30781
3320 33891 3303 8222 13193 8422
8455
8943
1836
680 174
13002 20764 25091
8758 20612
48526
8422
20764 174
1221
28513
49463 13193
286 1136
6461 8218
28220
34019 3303
12637 174
39821
41497 174
4713 25152
25152
18881
50300 174
8222
64396 174
9304 174
33891
202194
13193
50304 57381
20932 174
3549
51185
16397 263075
4134 4809
13237
49605
29140 174
8596
6661 198290
28329 6762
9002
6720
12586
22652
57381
174 6667 31122 174 29608 38930
29686
702
29608
198290
28138
38930 8283
15605
2516
8218
51395
263075
3257
1136
6667
4809
6762
10429
196621
12654
20612
16347
58308
31122
50620
8283
25091
3267
3303
1280
