#src/zombie.py
# GMT Mon Oct  1 05:39:46 2018
# 
52873 18881 52720
1916 2914
22548 16735
14061 1299
7018 2914
34781 13030
8447 3320 6720
53070 10429
37239 36937
29075 58308 6762 1299 50620
5396 3356
6453 36937 2914 29686 5392
701 2497 23148 1280 702 2914
8468 13101 37497 12654 3549 20562 8607
25220 29551
3252 702
48039 12586 8596
29551 1299
16735 52320 12956 28138
57821 12586
3491 28513 12389 2914
30844 6939
35054 3303
174 3356 29680 50300 24482 64396 25160 34177 9304 680 174 19151 29608 12350 29140 13002 37271 35699 12779 6661
35699
2895 29076
29691 57118 15576
3356 3320 20932 3549 51185 8426 12956 286 41095 2914 14361 1299 8607
51405 24611
1853 1764
263321 263584 7738
4777 2497
13030 51395 1299 1836 58299
9189 8422
30132 12859
19151
8220 5511 15547
1239 4637 2914
12956 10429 2914 18881 28220
52720
12859 9002
37497
53067 10429
5511 12654 30781 48526 2914
6939 8607
1273 6667 1299
15435 1299
37271 4809 327995
24482
24611 6661
4230 28513 262757
52863 4809
198385 202194 41562
8426
12874 3303 15605
327995
59689 30781
52320 1299
15547
3216 20764 2914
29680
3333 1136
20080 6762
5392
25933 3549
31463 6762 56730
58299
1103 3257
29076 12389
13237 1299
20562
2613 6893
31424 33891
42708 50304 1299
513 6730
57118
50763 8943
41562 15576
12779
41095
2914 3257 4589 4134 6762 12654 6461 16347 3320 9002 8455 1299 8607
553 680
7738 1299
1299 38930 8943 49605 28917 62567
8607 12654
198249 15576
2497
263584
4637 1221
26615 6762 16397
29222 3303
15576 196621 3303 34288 8758
14361
62567
25160
12389
34177
47872 6762
262757
34288
56730
7575 6461
30781
3320 4809 33891 6730 3303 8222 8422
59891 51395
8455
8943
1836
6893 25091
680
13002 25091
8758 20612
48526
8422
20764
1221 4608
28513
49463 8218
28917
286 1136
13101 12586
6461 8218
28220
23148 25152
34019 3303
12637 3257
39821 9002
41497 3257
25152
18881
50300
8222
6720
4589
9304
36937
33891
202194
4608
50304 57381
20932
3549
51185
16397 263075
4134 4809
12350
49605
29140
8596
6661 198290 9002
28329 6762
9002 12654
12586
3303
22652 3257
57381
6730 6730
29686
702
29608
198290
28138
38930 8283
15605
8218
51395
263075
3257 1764 31122
1136
6667
4809
6762
10429
196621
12654
64396
20612
16347
58308
31122
50620
8283
25091
1764
1280
