#src/zombie.py
# GMT Mon Oct  1 05:24:17 2018
# 
37468 37239 174
24611 6661 51405
8447 6720 3320
57821 12586
198249 15576
29551 25220 1299
28917 39821 1299 174
22652 1299
134399 1280 6939
34177 174
8455 1299
48039 12586 8596
4230 701 262757
20080 1251 2914
31463 56730 50300
13101 12586 12779
50300 174
8218 6461 16347
16735 22548 52320
12779 8928 34019 12859 20562 174 3257 49605 202032 3303 12654 30844
8607 2914
37271 327995 1299
12350 1299
7738 263321 3257 1299 8167
12874 3303 15605
3257 41497 12637 3320 29140 9304 29686 31122 1103 174
47872 1299
202032
263584 263321
197264 198290 29467
41497
15576 34288 8758 196621 29691 8220 41562
51185 3356
286 1136 174
23106 52320
50763 8943
28329 6762
38930 1299 8283
52320 1299
22548
1136 3333
30781 3356 59689
2895 3267
4777 2497
64396 174
6762 52863 3356 5396 174
8758 20612 8220
8928 29680
1221 4637 4608
41617 31261
3333
8732 20764 1299
3549 28220 3356 5392 52720 8468
198290
4637 1299
29222 3303
9189 25074
37100 6453 327782
25227 20764
25160 3356
9304
25074 61157
29075 1299 58308
23148 701 25152
1916 2914
20562
52863
8426 3356
6893 25091 2613
25091 13002
59891 51395
25152
29680
15605
34019
12389 3491 31261
25435 49605
7018 174
327782 327960
30132 12859
6730 6730 3320 513
1273 6667 1299 3216
5392
4608
29467 1299
53070 10429
57381 50304
20764 13002 3216
3303 3320 35054
7575 6461
37239
15547 8220
29691
25933 8167
35054
3252 174
52720
58299 174
1836 13030
174 3356 1299 3491 5511 12956 6453 19151 24482 2914
43100 49605
3491
45896 3356
56730
61157 3320
2914 35699 4589
15435 1299
1299 701 62567 49605 13030 6939 1299 13237 20932 2603 680 8943 6461 3320 42708
12859 49605
1280
513
37497 49605
12956 10429
3267 2603
8167
3216
12586
263321
51395 6939
262757
3356 3356 49605 14361 680 14061 29608 9002 41095
49463 13193
29140
327995
13237
8596
48526 5511
12637
2497 701
34288
50304 42708
28220
5511 8220
1103
34781 13030
31261
1251 52888
42708
9002
62567
49605 28929 12654 6661
13030 31424
16347
20612
8283
14061
13193 3320
20932
41095
41562 198385
2603
202194 198385
327960
29686
51405
8220
28929
3320 8222
6939
25220
29608
6661
52888
5396
8222
701
31424
35699
2613
198385
553 680
19151
39821
58308
196621
6720
30844
59689
6667
24482
8468
14361
680
6453
31122
8943
6461
4589
12654
13002
10429
