#src/zombie.py
# GMT Mon Oct  1 06:33:41 2018
# 
37468 1299
50620 174
2857 174
12989 22548 16735 22381
37640 6939
22548
264911 6939
57821 12586
62567 3356
174 6762 7018 3356 1299 25160 16347 6453 19151 6461 286 3257 1257 1916 20764 64396 1273 2914 6830
43100 20764
286
12874 1299 15605
198249 13030
29551 25220 3257
28917 1299
22652 3356
198290 6661
56730 31463
2914 2497 4844 20080 6661 9002 7575
20485 13002 4635 41722
15435 1299
8455 8283 13030
12859 9002
1280 1299
513 6830
37497 6939
20080
16347
31463 3356 50300
15547 3356
1257 3333
41497 3257
50300
12586 20676
8218 6461
16735 3549 1299
2497
12779 3257
5539 8763 21385
8607 6939
6830 6830
51395 3257 59891
7018
3356 553 49605 8426 44217 9002 6939 21385 25074 3549 20764 29608 1853 30781 1764
37271 1299
4844 37989
8763
49463 13193
21385
6661
4635 9304 6939
29140 3257
25074 9189
15685 1299 6881
3257 29680 29686 1103 29636 12637 4589 31122
47872 44217
6881
52863 6762
44217
50304 42708 57381
8596 1764
48526 1273
12637
15576 6772 196621
34019 30781
34288 13030
15605
37989
12307 59414
58299 13030
23106 3549
1103
50763 8943
48166 9002
29608
31261 3216 41617
20612 1836
1251 28571 1916
680 1299
53067 6939
28571
14061 1299
31424 6939
9002 41722
30781 59689
7575
64396
1836 13030
49605
13030 35369 202194 6939 6772 59414
1853 6720
8758 6939
41722 12654
3216 1273
8283
41617
3333
8928 1299
3549 52720
9189
263075 6939
13193 1299
20932 1299
59414
263651 6939
52720
59689
25160
262317 6939
4589
29686
9304
51405 20764
29636
29075 198385 1299
1916
6939 262757 263152 37239 5396 20764 202032 24482 30844
25220
202032
22381 53070
5396
6762
6893 25091 2613
25091 13002
59891
2613
263152
198385
553
25152 1273
29680
19151
42708 1299
1299 1273 20676 8943
196621
20676
6720
30844
202194
13002
6667 1273
24482
8426
1273
6772
6453
262757
31122
35369
8943 8943
6461
53070
57381
20764 12654
12654
37239
1764
