#src/zombie.py
# GMT Mon Oct  1 06:01:12 2018
# 
37468 37271
198385 6939
2857 6939
8447 6720 6939
24785 20562 1299
264911 10429
57821 6939
62567 6453
174 64396 6667 29680 1299 25160 19151 29636 12637 20764 198290 12779 31122 1916 1836
286 1299 12859 1103 6939
198249 6939
28917 6939
22652 3356
198290
56730 51945
41722 12389
2914 8455 1299 4844 14061 20080 2497 9002 7575
15435 6939
8455
12859 20562 3257 12654 6939
1280 6939
513 6730
37497 6939
31133 31261 6939
20080
16347 6939
15547 6939
1257 3333 1239
41497 6939
50300 6939
8218 6461
16735 22548 262757 12956
2497
12779
5539 8763 21385
8607 6939
3320 3303 3257 1299
9189 6939
3356 29608 3257 1299 8426 680 553 3549
37271 37239 6939
4844 37989
8763
50620 6939
49463 6939
21385 3257
4657 24482 6939
51945 6939
12874 3303 15605
3257 8928 1299 44217 4589
47872 44217
6881 6939
202032 6939
44217
262317 6939
8596 1764
48526 6939
18881 52873 12956
12637
15576 6939 196621
34019 3303
34288 6939
15605
37989
50304 6939
58299 6939
23106 52320
1103
50763 6939
34781 13030
31261 41617
20612 6939
1251 28571 1916
52320 6939
22548
28571
9002
7575
64396
1836
49605 6939
13030 1299
8758 6939
12956 10429 6939
14061
3333
8928
3549 28329
263075 6939
12389 6939
20932 6939
37640 6939
263651 6939
1764 35369 6939
52720 52873
59689 6939
25160
29608
29686 6939
9304 6939
51405 6939
29636
29075 6939
28329
1916
6939 59891 1299 30844 6939 25220 31424 25091 2613 263152 29140 6730 5396 202194 57381 12654
25220
52863 6762
41617
5396
6762 1299
31424
25091
59891
2613
263152
20562
553
25152 19151
29680
19151
4589
1299 7018 6453 6461 1239 1273
1239
196621
53067 10429
29140
6720
30844
202194
7018
6667
24482
8426
1273
6730 6730
680
6453
262757
31122
35369
6461
53070 10429
57381
20764
3303
52873
12654
37239
10429
