#src/zombie.py
# GMT Mon Oct  1 03:47:42 2018
# 
1916 27750 1251
14061 1299
7018 6939
34781 25091
8447 6720 1299
559 20965 3303 12654 21320
1251 52888 28571
7575 22388
53070 10429
37239 37271
27750 20965
29075 1299 16347
5396 6939
701 2497 703
25220 29551
16735 52320
57821 12586
44217 47872 1299
30844 21320
29467 197264 1299
6730 513 6939 6730
29691 15576
29636 2603
3356 6939 3549
51405 24611
52888
1853 20965
58299 6939
7660 22388 17579
6830 513 6939 174 1299
9189 8422
202032 6939
19151 6939 174 25152
6453 6939
4844 37989 2914
12956 6939 10429
52720 3549
12859 2603
5511 5511 30781 10764 48526 29608
6939 198385 262317 31424 264911 263075 22652 3257 2603 37640 29140 21396 4657 21320 28329 29680 263152 56730 9304 29686 8426 8758 703 62567
50763 8943
15435 1299
37271 1299
24611 6661
52863 4809
8426
12874 15605 1299
59689 30781
52320 1299
20676 12586 1299
15547 1299
4657 24482
29680
3333 1103
59891 51395
31463 50300 21396
35369 13030
28917 1299
1103 11537
703
198385 202194
262317
31424
42708 57381 50304 1299 2603
5539 21385 8763
513 513 3320 12654
57118 196621
4589 2914
12779 2603
37640
2914 20080 2603 9002
553 680
1299 8365 20932 8732 4809 49605 29551 13030 38930 3320 31122 1273 8928 8943 15685 15576 1280 13193 8422
8607 2603
198249 15576
2497
8928
21385 2603
15576 196621 3303 34288
62567
25160 2603
263152
47872
37989
8763
34288
56730
24489 17579 24490
2613 6893
21320 2603
30781 34019
3320 3303 174
8455 13030
2603 286 6762 6661 6461
1836 13030 20612
6893 25091
680 20965
13002 20764 25091
15685 6881
8758
10764 11537
48526
8422
20965 11537 24490
20764 8732
8365 2857
8943
17579
49463 13193
286 8596
20080
6461 8218
29551
34019
13030 51395
41497 174
25152
50300
24482
6720
9304
202194
13193
50304
20932
3549
1273
49605
29140
11537 22388
24490
21396
6661
264911
28329
8596
9002
12586
22652
57381
174 6667 50620 64396
29686
29608
198290 197264
38930 8283
15605
8218
51395
263075
3257
8732
6667
4809
6762
10429
196621
12654 25091
64396
20612
16347
6881
31122
50620
22388
197264
8283
25091 43100
43100
28571
3303
1280
2857
