#src/zombie.py
# GMT Mon Oct  1 06:04:04 2018
# 
37468 37239 1299
24611 6661 51405
57821 12586
34288 15576
23911 23911 24489 20965
198249 15576
28917 8359 39821 1299
22652 174
198290 6661
34177 3356
8455 1299
8426 3356
4230 701 262757
20080 6762
31463 56730 3356
50300 174
8218 6461
16735 22548 12956
12779 3257
8607 2914
37271 2603 327995
12350 1299
7738 263321 8167 3320
3257 51395 4589 29686 41497 12586 29140 9304 12637 174
47872 1299
202032 35054
263584 263321
41497
15576 3356 47176 8758 196621 29691 8220 41562
51185 174
3491 12389 174
23106 10429
8596 8596 1764
50763 8943
28329 6762
20612 8758
22548
30781 59689 2914
2895 3267
4777 2500
64396 174
6762 52863 5396 174
20965 2603 27750 513 11537 680 1853 1103
47176 25435
29691
8758
41722 20764
3216 20764 1273
41617 31261
3333 1103
286 174
8359 3356
3549 3356 5392 52720
11537 11537 22388 293
53070 22381
22381 4809
9189 25074
37100 327782 174
2613 6893
25160 3356
9304
25074 61157
29075 1299 58308
1916 52888 27750
198385 202194 41562
52863
21320 2603 20940 6661 30844 513
6893 25091
29680 174
59891 51395
27750
25152 6939
15605 12874
34019 2603
12389 31261 25227
25435
7018 174
327782 327960
30132 12859
6730 6730 35054 513
1273 1299 8468 6667
5392
4608 24130
33891 31424 3320
57381 50304
20764 13002
3303 12874 3320 29222
7575 24490
1853 6720
37239
15547 8220
20940 37497
24489 24490
25933 8167
35054 43100 58299 3356 6939 12654
3252 174
12874
174 701 3356 12956 6453 19151 20932 2914 1299 513 5511 6461
43100
58299
25091 13002
45896 3356
56730
61157 3320
2914 35699 16347 9002
2500 2500 7660
15435 1299
1299 62567 13030 14061 8943 42708 13237
12859 2603
1280 6939
513 513 293 12654 6830
37497
202194
16347
3267 2603
24490
8167
12586
263321
6830 3356 3320
51395
262757
3356 14361 29608 41095
4134 701 4809
49463 13193
29222
29140
327995
13237
293
48526 5511
12637
2497 701
22388 7660
50304 42708
28220 12956
5511
1103
34781 13030
31261
42708
9002 49605
62567
49605
13030 1836
7660
12956 10429
14061
24130 7545
13193 3320
20932
41095
41562
2603 20562
59689
327960
29686
51405
8220 3320
3320 1764 25220 6661 8222
6939 7545
25220
29608
6661
52888
5396
8222
701
31424
35699
25227
20562
553 680
19151
7545
39821
58308
196621
4809
6720
30844
1836
6667
24482 6453
8468
14361
680
6453
52720
8943 8943
6461
1764
4589
12654
13002
10429
