#src/zombie.py
# GMT Mon Oct  1 04:55:44 2018
# 
1916 1251 52888 174
14061 19151
7018 1299
34781 13030
8447 3320 6720
6730 513 174 6730
25160 174
37239 37271
37989 4844
30844 6939
5396 6939
701 703 23148
25220 29551
20932 174
2613 6893
21320 3356 1853
30781 3356 59689
3320 3303 29551 1273
16735 52320
59891 51395
8455 13030
3549 3356 4809 28329 52720
57821 12586
263152 10429
8763 5539
6893 25091
680 553 3356
8426 3356
35369 174
13002 174 25091
16347 8218
48526 3303
29636 174
3356 28917 9002 1273 20676 15547
51405 6939
52888
1853
28917
29075 174
21385 6939 5539
29680 174
49463 174
53070 10429
286 1273 1103
8422 174 9189
6881 25512
29608 5511
202032 6939
19151 13030 174 2914 25152 6939
8943 2914 50763
6453 1273 38930 29686 62567
6461 7575 1273 8218
29551
4844 2914
12956 1273 10429
23148 6939 25152
34019 3303
13030 1273
41497 174
25152 6939 3257 12654 1273 20080
12859 6939 3333
1273 2497 6939 3257 1299 10026 6762 174 3303 5511
24482 174
10026 8928
6720
15605 12874
9304 174
5511 5511
31463 50300 56730
6939 264911 262317 31424 42708 58299 49605 263075 37640 263651 12654 703
202194 198385
29691 15576
12654
50300 5580
5580 3257
15435 174
52720
37271 174
8928
50304 57381 174
47872 44217
52863 4809
20764 174
64396 174
263651
12874 3303
15547
31424
29140 174
59689
52320 174
51395 3257
20676 12586
34288 15576
25512 174
264911
28329
8596 48039
9002
12586
20080
22652 3257
56730
57381
263075
44217 6762
9189
174 12779 6667 198290 1280 48039 2857 50620 174 198385 1836 15576 3303
29686
58299
1103
1251 28571
198290
38930 8283
703
8218
7575
262317
1836 20612
42708
48039
5539
513
57118 196621
50763
4589 3257
3257 31122 8607
12779
6667
4809
37640
10429
196621 15576
2914
553
20612
1299
8607
198249 15576
2497
49605
31122
50620
198385
3333
8283
25091
6762
28571
15576 3303
3303
1280
2857
62567
