#src/zombie.py
# GMT Mon Oct  1 03:56:10 2018
# 
8387 3320 1764 12654
1916 174
22548 16735
14061 1299
7018 174
34781 13030
198545 6453 29152
59891 51395
53070 10429
37239 4809
29075 6762 3320 16347 50620
5396 3356
6453 174 29686 8426 24482 7738 1299 62567
701 2497 1280 1299 702
8468 3549
25220 3320
3252 702
48039 12586 8596
16735 6762 28138
57821 12586
3491 28513 3257 12389
30844 6939
35054 3303
174 3356 19151 25160 12779 286 6762 1764 45896 2914 12350 6461 1299 6661 29680 3320 41497 31122 64396 34177 5392 5511 28917 20932 35699
35699
2895 29076
29691 57118 15576
3356 3320 3549 51185 22652 41095 29608 553 1764 1299 8359
51405 24611
1853 6720 3320
263321 263584 7738
4777 2497
13030 31424 51395 58299 1299 1836
9189 8422
30132 12859
202032 8218
45896
8220 3320 15547
12956 18881 10429 28220 3320
52720 52873
12859 13237
37497 13237
3216 20764 1273
5511 30781 1299 48526
6939 1299
1273 6667 1299 24785
15435 1299
37271 4809 327995
24482
24611 6661
4230 28513 262757
52863 4809
198385 202194 41562
6720
12874 3303 15605
327995
59689 30781
13237 3320 12654 1299 3257 6661
15547
29680
3333 1136
20080 6762
5392
25933 3549
31463 6762 56730
29152 58308
58299
1103 3257
29076 12389
20562 6461
24130 4608 7545
2613 6893
31424
42708 50304 1299
52873 18881
513 6730
57118
50763 8943
41562 15576
12779
41095
2914 4134 1764 4713 9002 50300 1299 4589 8607
553
7738
1299 3320 7545 8455 8943 3257 6762 38930 8218
8607
198249 15576
2497
263584
7545
19151
26615 6762 16397
29222 3303
4608
15576 3303 34288 8758
14361 3257
62567
25160
12389
34177
47872 6762
24785 1136 24785
262757
34288
56730
7575 6461
30781
3320 8222 6730 1764 680 3303 8422 13193 34019
8455
8943
1836
6893 25091
680
8426
13002 20764 25091
8758 20612 196621
48526
8422
20764
28513
49463 13193
28917 39821 8359
286
13101 12586 1764
6461 8218
28220
34019
12637 3257
39821
41497
4713 25152
25152
18881
50300
8222
64396
4589
9304 3257
202194
8359
13193
50304 57381
20932
3549
51185
16397 263075
4134 4809
12350
49605 1764
29140 3257
8596
6661 198290
28329 6762
9002
12586
3303
22652
57381
6730 6730
29686
702
29608
198290
28138
38930 8283
15605
8218 1764 8218
51395
263075
3257
1136
6667
4809
6762
10429
196621
12654
20612
16347
58308
31122
50620
8283
25091
1764
1280
