#src/zombie.py
# GMT Mon Oct  1 04:55:36 2018
# 
37468 174
50620 6939
2857 174
12989 53070 6939
264911 6939
57821 12586
62567 2914
174 64396 29680 49605 12637 25512 10026 19151 29140 174 20932 1916 13002 6667 15435 1299 24482 25160 1280 6730 48526 48039 9304 29636 29075 41497 52320 3303 16735 21320 12779 31122
286 1299 34984 1103
198249 13030
34984 44217
22652 3356
52863 6762
56730 31463
49605
2914 8943 1299 4844 20080 6661 9002
15435
8455 8283 13030
12859 6939
1280
513 6730
37497 6939
31133 31261 3320
20080
16347 6939
31463 50300
25512 6881
1257 3333 1239
41497
50300 6939
12586 6939
8218 49463 6461
16735 22548 4809
15576 6772 196621
12779
5539 8763 21385
8607 6939
13002 25091
3356 25074 3549 1299 553 680 6939 14061 30781 8732
37271 37239 6939
4844 37989
8763
49463
21385 12654
28917 6939
6661 198290
28666 262757 4809
12874 3303 15605
25074 9189
3257 4589 1299
47872 44217
6881
202032 6939
44217
262317 6939
8596 48039
48526
18881 52873 12956
12637
2497 701 25152
34019 3303
34288 13030
1916 1251
37989
50304 42708
58299 13030
23106 52320
5511 29608 1299 5511
1103
50763 8943
34781 13030
31261 41617
20612 1836
1251 28571
52320
22548
28571
14061
9002
30781 59689
7575 6461
64396
701 1299
1836 13030
680
13030 202194 8758 1299 6772 35369 8426 12654
8758
31424 6939
8283
41617
3333
8732 20764
41722 20764
8928 10026
3549 28329
9189
263075 6939
198290
52873 52720
12956 1299
8426
20932
37640 6939
263651 6939
52720
59689
25160
4589
29686 6939
9304
51405 6939
29636
29075 198385
28329
3320 1299 3303
6939 263152 25220 59891 30844 1299 15547 53067 12654 5396
25220
29608
21320 1853
5396
4809
6762 1299
6893 25091 2613
25091
59891
2613
10026
263152
198385
57381 42708
25152
29680
15605
42708 1299
1299 7018 6453 6461 1239 1273
1239
196621
53067
29140
6720 1853
30844
202194
7018
6667
24482
48039
1273
6730 6730
1853
6772
6453
262757
31122
35369
8943
6461
53070
553
20764
3303
19151
12654
37239
15547
