#src/zombie.py
# GMT Mon Oct  1 05:28:34 2018
# 
37468 6453
50620 174
8422 9189 174
2857 174
12989 22548 16735 22381
37640 6939
30844 6453
264911 6939
57821 12586
62567 3356
174 6762 64396 3356 6453 19151 286 3257 1239 22652 2914 7018 1299 1280 25160 5511 29075 6461 12637 6830
286 19151 34984 1103
12874 3303 15605
198249 15576
34984 44217
22652
52863 4809
56730 31463
41722 9002
2914 29636 29140 4844 16347 4589 20080 6661 30781 19151 1916
8447 1299 6720
15435 1299
8455 13030
12859 6939
1280
513 6830
37497 6939
20080
29691 57118 15576
31463 50300 21396
1257 3333 1239
16347
41497 3257
50300
12586 20676
8218 6461
16735 3549 4809
15576 8220 196621
12779 3257
5539 33891 8763
8607 6939
6830 6830
51395 3257 59891
7018
3356 3549 15547 8426 29608 20932 30781
37271 37239 1299 1273
4844 37989
8763
3303 3320
49463 13193
28917 1299
6661 198290
43531 8596 6939
37239
3257 9304 31122
47872 44217
6881 15685
202032 6939
44217
50304 42708
8596
48526 5511
18881 52873 12956
12637
2497 19151 25152 6939
34019 30781
34288 9002
15605
37989
12307 57118
58299 13030
23106 3549
5511
1103
21396 6762
50763 8943
48166 9002
57118
38930 1299 8283
1251 28571 1916
680 1299
42708 1299 57381
28571
31424 6939
9002 49605 6939 41617
30781 59689
7575 6461
64396
1836 20612 13030
49605
13030 35369 1299 59414
8758 6939
8928 29680 6939
20612
8283
14061 1299
3333
8732 20764 1299
3549
9189
263075 6939
198290
12956 6939
13193 1299
20932
59414
263651 6939
59689
25160
262317 6939
3320 1273
4589
29686 6453
9304
51405 6939
8220 6939
29636
29075 198385 1299
23148 25152 6939
1916
6939 20676 5396 263152 25152 53067 24482 1273 262757 33891 25220 19151 12654
25220
29608
22381 53070
41617
5396
53070
6762
6893 25091 2613
25091 13002
59891
2613
263152
198385 202194
553 33891
25152 12654 1273 19151
29680
19151
22548
1299 8943 15685 1273
1239
196621
53067
29140
6720
20676
202194
13002 20764
6667 1273
24482
8426
1273
6453
262757
52720 52873
35369
8943
6461
33891
57381
20764
15685
52873
4809
12654
31122
15547
