#src/zombie.py
# GMT Mon Oct  1 05:02:04 2018
# 
52873 18881 52720
1916 2914
22548 16735
14061 3356
7018 174
34781 13030
59891 51395
53070 10429
37239 4809
29075 5413 50620
5396 6762
6453 174 22652 62567 1299
701 1299 702
8468 5413
25220 3356 12654 2914 12859 29551 1299
3252 702
48039 12586 8596
29551 31025
16735 52320 28138
57821 12586
3491 2914
30844 5413
35054 3549
35699 2914
2895 3267
29691 57118 15576
3356 3356 680 3549 14361 1299
51405 24611
1853 6720 1764
263321 263584 7738
4777 2497
6830 513 6830 5413
13030 31424 5413 58299 1836
9189 8422
1764 2914
19151 174
8220 5413 15547
12956 18881 6762 10429 1299
41497 174
12859 30132
6939 1280 5413 51395 25152
50763 8943
15435 5413
37271 327995 2914
8222 3320
24611 6661
52863 4809
43531 24482 5413
8426 5413
12874 3303 15605
327995
59689 58308 30781
12350 174
15547
2613 25091
29680 8928
3333 1136
20080 5413
5392 3549
25933 3549
31463 56730 21396
28917 39821 8359
1103 5413
20562 5413
58299
198385 202194 41562
262317 10429
31424
42708 50304 5413
513
57118
4637 1221 5413
4589 5413
41562 15576
30132
41095 13002 5413 24785
2914 47872 5413 25160 34177 6762 29140 12654 1299 6661 12637 2497 30781 9002 8455 174 29686 16347
553 680
7738 6762
1299 4809 174 3320
8607 5413
198249 15576
2497
263584
31025 13101
8928 5413
29222 3303
13193 3320 49463
15576 196621 3303 34288 8758
14361
62567
2828 52320 5413
25160
8943 5413
47872
24785 1136 24785
34288
56730
7575 6461
30781
3320
8455
34177
1836
680 680 174 12654
13002 25091
8758 20612
8359 20764 5413 12654
8422 5413
20764
1221 4608
5413 20932 49605 12654 6667 13237 12779 21396 31122 50300 51185 3267 6661 48526 16265 8218
49463
286 174
13101 12586
16265 38930
6461 174
28220 3549
34019 3303
12637
39821
52720
25152
18881
50300
24482
64396 174
9304 3549
202194
48526
4608
50304 57381
20932
3549 16397
51185
52320
16397 263075
13237
49605
29140
8596
21396
6661 198290
28329 6762
9002
6720
12586
22652
57381
174 29608 3303 3257 6762
29686
702
29608
198290
28138
38930 8283
15605
8218
51395
263075
3257
1136
6667
4809
6762 12654
10429
196621
12654
20612
12779
16347
58308
31122
50620
8283
25091
3267
3303
1280
