#src/zombie.py
# GMT Mon Oct  1 03:58:41 2018
# 
7018 174
6720 8447
15605 12874
14907 13030
29075 15576 6453
202032 6939
3333 12859
1103 286
20612 1836
4657 38001 3491
6894 3257
31025 29551 57111
3491 174
22652 6939
3356 15547 3549 174 29608
29608
680 6939
49605 57111
3549 16735 24611 52873 263702
20495 8455
29686 2914
20932 57111
31122 6939
37468 37271
53067 6939
47692 33891 12654 6939
205206 16245
8896 6939
28634 22356
39392 33891 29504
51405 24611
12654 12779 6939 13030 57111
43100 57111
38001
198290 6661
29680 6939
513 21320
12874 3303
52873
8607 6939
28571 1251
264911 6939
50300 31463
28917 1299
263702
196621 15576
9304 15830
56730 31463
15576 198385
6461 174 8218
29208 15685 57111
263152 6939
23106 52320
34019 30781
25091 57111
29636 2914
3257 174
30781 2914 59689
4844 2914 37989
39351 42708
1299 8732 1273 13030 174 15435 14061 5400 50304 42708 6939 20676
33891 34549 553 3320
198385
29551 25220
50620 6939
31463 57111 6762
12859 6939
53070 10429
21232 13030
15830 6939
1251 20080
174 5511 19151 3320 6762 12779 2914 6453 286
6939 2497 12956 263075 37271 7575 262317 1280 22548 31424 52720 3292 8426 25160 8943 37239 24482 59891 21320 31742 57111 262757 3320 263508 5396 4635 64463 37640
8943 8943 50763
59891
16735 52320 266534
31742
1916 52888 2914
59414 13030 12307
13193 3320 49463
14061
3320 47147 3303
12779 57111
5400 2110
58299 13030
25160
29691 13030
553
59689
12637 2914
262317
266534
263075
52720
3292 16245
16347 57111
20764 8732 41722
8426
20080 2914
9002 4635
50877 6762
4635
2914 2497 29140 49375 15562 37271
50304
42708
286
50763
8455 8283 13030
25220
202194 13030
25152 2497
49463
57821 12586
29504
6762 41497
15562
52888
5511 48526
6881 15685
198249 13030
8732
24611
1273 6667
21320
47147
37640
5396
48526
4777 2497
12956 10429
16245
34549
37271
31424
22356 27715
3303
49375
37239
19151
8283
8218
12307
6667
262757
15547
2110 39122
6453
8758 13030
64463
20676 12586
41497
13030 34288 1836 35369
12586
24482
22548
7575
34288
30844 57111
15685
35369
8447 57111
39122
52863 52320
2497
37989
41722
15435
1280
29140
57111 2857 6661 2613
2613
263508
52320
1836
10429 27715
2857
6661
27715
