#src/zombie.py
# GMT Mon Oct  1 05:44:47 2018
# 
7018 174
6720 1853
15605 12874
14907 13030
264911 6939
202032 6939
3333 12859
1103 3257
20612 1836
4657 38001 3491
6894 2516
3491 22356 174
22652 6453
3356 553 3549 174 4230 6939
29608 5511
680 1299
49605 174
3549 16735 52873 263702
20495 8455
4230 262757
20932 174
31122 174
31424 6939
53067 6939
47692 6453
205206 16245
8896 174
28634 22356
39392 174 29504
51405 6939
12552 39351 1299
12654 25152 6939
38001
198290 6661
29680 3257
513 6830
12874 3303
52873
1299 8732 8943 13030 16245 15685 49375 15435 14061 47147 15547 5400 50304 174 28917
8607 6939
28571 1251
29075 174
28917
263702
196621 15576
9304 3257
56730 31463
6830 174 6830
15576 6453 198385
6461 174 8218 7575
6667 174
263152 6939
23106 10429
23148 25152 6939
34019 3303
25091 2914
29636 3257
3257 37468 41497 29551 12586 29686 12637 2516 29140 34549 52320 174
30781 2914 59689
4844 2914 37989
39351
51395 59891 174
198385
29551 25220
50620 174
29686
12859 6939
53070 10429
21232 13030
1251 20080
174 12956 37271 6762 12779 3303 25160 19151 1273 31742 5511 21320 57111 3320 64463 50877 2914 2857 6453 286 6661
6939 25152 262317 22548 263075 52720 45896 6939 2497 19151 1273 2613 37640 5396
8943 50763
59891
16735 263508
31742
1916 52888 2914
59414 13030 12307
13193 3320 49463
14061
3320 3303
12779
35369 13030
58299 13030
25160
29691 13030
553
59689
12637
262317
266534 18881
263075
52720
25220
16347 2914
45896
20764 8732 41722
8426 6453
20080 2914
9002 2914
50877
2914 2497 15562 1280
50304
286
50763
8455 8283 13030
202194 13030
25152 2497 19151 1273
2516
49463
57821 12586
29504
6762 30844 31463
15562
52888
5511 48526 5511
6881 15685
198249 13030
8732
1273
21320 1853
47147
37640
5396
48526
4777 2497
12956 10429 18881
16245
34549
37271 37239
37468
22356
3303
49375
37239
19151
8283
8218
12307
262757
15547
2110 39122 5400
6453 24482
64463
50300 31463
41497
13030 34288 1836
1853
31463
12586
24482
22548
7575
34288
30844
15685
5400
39122
52863 52320
2497
37989
41722
15435
1280
29140
57111
2613
263508
52320
1836
10429
2857
6661
18881
