#src/zombie.py
# GMT Mon Oct  1 05:37:01 2018
# 
1916 2914
25512 6881 174
7018 174
34781 13030
8447 6939 6720
30844 6939
25160 174
37239 37271
14061 1299
37989 4844
1836 3356 13030 20612
5396 6939
34288 15576
6461 7575 174 8218
20932 174
2613 6893
21320 3356 1853
30781 5511 2914 59689 34019
16735 12956
59891 6939
8455 2914
3549 3356 4809 52720 28329
57821 12586
263152 6939
8763 5539
6893 25091
680 553 3356
8426 3356
35369 13030
13002 20764 25091
16347 8218
48526 5511
8422 9189 1299
3356 20676 19151 2914 22652 12874 174 28917 29608 25220 37271
263651 6939
52888 1251
1853
28917
29075 174
8943 2914 50763
6830 513 6830 174
29608
49463 13193
53070 10429
286 8596 174
202032 6939
19151 6939 174 2914 12654
6453 24482 174 29686 62567
25220
6772 13030 15576
4844 2914
12956 174 10429
23148 701 25152
52720
13030 1299
29636 1299
41497 3257
25152
12859 6939 3333
1273 6667 1299
24482
6720
9304 3257
5511 174
31463 50300 56730
6939 50304 31424 263075 51405 37640 12654 15547 8607 264911 50620 21385 58299 262317
202194 198385
29691 15576
50300 5580
5580 3257
15435 174
37271
8928 10026
13193 1299
50304 57381
47872 44217
52863 4809
20764 8732
64396 174
51405
10026 1299
15547
34019
49605 9002
29140 3257
59689
20676 12586
701 2497 174
2914 9002 20080 174 12654 6661
6661 198290
264911
28329
8596
9002
3333
12586
20080 1251
22652
56730
57381
263075
44217 1299
9189
174 198385 3257 12779 6762 1299 29680 1280 2857
29686
58299
1103 3257
1251 28571
198290
38930 8283 1299
15605 12874
8218
7575
262317
31424
42708 1299
5539 21385
513
57118 196621
50763
4589 3257
3257 31122
12779
8732 1299
6667
4809
37640
10429
196621 15576
12654
553
20612
1299
8607
198249 15576
2497
6881
29680
31122
50620
198385
21385
8283
25091
6762
28571
15576
1280
2857
12874
62567
