#src/zombie.py
# GMT Mon Oct  1 06:39:37 2018
# 
37468 37239 174
24611 6661 51405
8447 6720 2914
57821 12586
198249 15576
29551 31025 25220
28917 8359 39821
22652 3356
198290 6661
41722 20764
34177 2914
8455 2914
48039 12586 8596
4230 262757 3356
20080 6762
198545 174 29152
31463 56730 50300 21396
13101 12586 31025 12654
50300
8218 49463 6461
16735 22548 52320
12779 5413
8607 5413
37271 327995 2914
12350 174
7738 263321 1299 8167 1239
12654 6762 25220 680 5413 2914
12874 3303 15605
3257 3356
47872 6939
52863 4809
263584 263321
12307 57118
41497 174
15576 34288 47176 29691 8220 41562
51185 174
286 1299
23106 52320
50763 8943
28329 3549
38930 8283 16265
52320 2828
22548
1136 24785 3333
30781 34019 59689 2914
2895 29226
7575 6461
64396 174
701 6762 4134
20965 11537 680
47176 25435
8758 20612 8220 196621
31424 33891
41617 8359
3333
3549 28220 3356 5392 52720
21396 5413
11537 27750
53070 22381
29222 3356
9189 25074
37100 327782 2914
2613 6893
25160 174
9304 174
25074 2914
29075 5511
1916 52888 27750
198385 41562
20612
6893 25091
29680 8928
59891 51395
27750
25152 6939
15605
34019
1239 6762
2828 5413
25435
7018 1299
327782 327960
30132 6939
5392
4608 24130
33891 25220 553
553
20764 13002 8359 25227
3303 6762 2914 35054
4777 2497
37239
15547 8220
25933 8167
35054
3252 9002
24785 24785 6939
58299 13030
16265 5413
174 6762 1299 19151
3491 2914
8359 5413
45896 3356
56730
2914 35699 16347 3356 25220 29140 1299 12637 2497 29686 4589 6661 5413
15435 1299
1299 3356 6461 6762 25220 5511
12859 25220
1280 6939
513 6830
37497 25220
29691 57118
59414 6830
29152 58308
8167
12586
263321
5413 6667 62567 49605 13030 8426 8928 42708 48526 1103 8943 9002 41095 6830
6830 6830
51395 6939
262757
3356 6762 29608 3320 6453 14361 25220 14061 5396
4134 4809
49463
29140
327995
13237 25220
8596
48526
12637
2497
34288
50304 42708
28220
25091 13002
5511
1103
57118
42708 57381
9002
62567
49605
13030
29226 25220
16347
8283
14061
24130 7545
8426
20932 31025
41095
41562
202194 6939
327960
29686
51405
8220 25220
3320 8222
6939 7545 25220 30844
25220 24482 20562 6661
29608
6661
52888
5396
8222
6762
8928
35699
25227
20562
57381
19151
7545
39821
58308
196621
31025 680
6720
30844
59689
6667
24482
14361
680
6453
52720
8943
6461
4809 22381
4589
22381
13002
