#src/zombie.py
# GMT Mon Oct  1 08:27:37 2018
# 
198385 15576
8218 6461
266534 16735
6667 1273
57111 6939
1299 29551 680 49375 33891 15547 8943 20932 8732 15685 5400 37271 31122 49605 1273 4637 6730 20676 31742 8896 16245 12552 2497 29075 14061 52320 37468 16735 8447 51945 8365 28917 15435 22652 47147 553 4657 48526 13193 50304
4844 37989 2914
31742
30844 6939
6881 15685
14907 13030
196621 15576
51395 59891 174
28571 1251
29636 174
37271 37239
1251 1916 52888
1273 25152
48526
4637 4657
6730 513 6730
6894 174
3356 2497 8426
12552 39351
33891 47692 39392 34549
50304
52320 23106 52863
12586 57821 20676
16735 2497 262757 12989 263508
21232 13030
25220 29551
51405 6939
1916 174
15830 9304 2914
3257 29686 1103 2914 12859
513
553
202194 13030
16245 205206
2110 39122 5400
52873 12956
38001 4657
263075 6939
7575 2914
25091 2914
3333 12859
59891
50300 174
264911 6939
29680 174
8732 20764
15685
50763 8943
8447 6720
49375
29686
12307 59414
49605
7018 2914
49463 13193
23106
22381 53070 12989
50877 174
12989
29691 13030
14061
28634 22356
262317 6939
59414 13030
6762 2914
263508
30781 59689 2497
8607 6939
198249 13030
8365 2857
6461 2914
5400
202032 6939
198290 6661
22652
6453 2497
6720
15576 29075
20495 8455
20676
4657 24482
262757
29551
47692
29140 174
174 12779 50620 2914 174 3303 25160 64463 19151 29608 6661 41497 12637 18747
16347 2914
13030 2497 8455 58299 35369 34288 1836
263152 6939
20932
2613 6939
58299
28917
18747 263702
205206
15547
6939 2497 2914 12956 37640 53067 6939 20080
37989
37468
20764 41722
52863
20080
2497 12654 2914 3491 4777
29075
2914 2914 15562 1280 9002 286
34549
286
8455 8283
8283
3303 34019 12874
15435
15605 12874
47147
41497
1836 20612
50620
13193
680
263702
9304
59689
2857
29608
12956
8943
25152
37640
3491 22356
12859
52888
12874
35369
15562
25160
41722
31122
1103
56730 51945
12637
34288
22356
39351
12654
51945
4777
12779
53067
53070
37239
24482
64463
19151
1280
6661
34019
8896
20612
39392 29504
9002
29504
39122
8426
57821
