#src/zombie.py
# GMT Mon Oct  1 05:21:49 2018
# 
52873 18881 52720
1916 174
22548 16735
14061 1299
7018 3257
34781 13030
8447 3320 6720
53070 10429
37239 4809
29075 58308 174
5396 6762
6453 3257
701 2497 1280 702 3257
8468 12859
3252 702
16735 52320 174 28138 12956
57821 12586
3491 28513 3257
30844 5413
35054 3303
35699 174
2895 3267
29691 57118 15576
3356 3356 680 3549 51185 8426 3257
51405 24611
1853 1764
263321 263584 7738
4777 2497
13030 12859 51395 1299 58299
9189 8422
30132 3257
45896 174
8220 3320 15547
1239 7738 3257
12956 10429 12654 18881 28220 3257
52720
12859 30781 42708 2914 2603 3257 37497 8732 34019 49605 41095 12654 12350 16347 21396 6661
37497
53067 10429
5511 3257 48526
1273 3216 6667 1299
15435 174
37271 4809 327995 1103
24482 174
24611 6661
4230 28513 262757
52863 6762
198385 202194 41562
8426
12874 3303 15605
327995
59689 30781
12350
15547
3216 20764
29680 3257
3333 1136 3320 12654
20080 2914
5392 174
25933 3549
31463 56730 21396
58299
1103 286 2603 12654
20562 2603
2613 6893
31424 33891
42708 50304
513 3320
57118
50763 8943
41562 15576
12779 174
41095
2914 7575 29686 4713 9002 8455 3257 8607
553 33891
7738
1299 62567 13237 8943 3257 2603
8607
198249 15576
1136 286
2497
263584
4637 1221 3257
19151 174
26615 6762 16397
34177 174
29222 3303
13193 3320 49463
15576 3303 34288 8758
14361 3257
62567
25160 174
8943
47872 6762
262757
34288
56730
7575
30781
3320 3320 8222 3257 4809 33891 1764 3303 25220 8422
59891 51395
8455
2603 3267
1836 174
6893 25091
680
13002 20764 25091
8758 20612 196621
48526
8422
20764 8732
1221 4608
28513
5413 12654
49463
28917 39821 174
286 3257
25220
28220
34019
12637 174
39821
41497 174
4713 25152
25152
18881
50300 174
8222
64396 174
4589 3257
9304 174
33891
202194
4608
50304 57381
20932 174
3549
51185
52320 174
16397 263075
4134 4809 3257
13237
49605
29140 174
8596 1764
21396
6661 198290
28329 6762
9002
6720
12586 3257
3303
22652 3257
57381
174 3257 1764 31122 50620 174 29608 38930 8218
29686
702
29608
198290
28138
38930 8283
15605
8218
51395
263075
3257 6762
8732
6667
4809
6762
10429
196621
12654
20612
16347
58308
31122
50620
8283
25091
3267
1764
1280
