#src/zombie.py
# GMT Mon Oct  1 03:56:34 2018
# 
263584 263321
16685 22356 16685 4230
6762 2914 20080
6720 1853
22356 28634
15605 12874
14907 38930
29075 15576 174
12307 57118
3333 12859
1103 286
22381 53070 4809
20612 1836
29226 2895 12389
6894 2497
8167 7738 25933
31025 12586 29208 29551
3491 64050 38001 2914 28513
22652 6453
3356 553 8455 25091 41095 3356 680 8607 3549 9002 5396 2914 5511 35054
29608 12654 5511 34019
680
37497 174
49605 174
3549 28220
4809 4134
29686 6453
4230 262757 28513
20932 174
31424 13030
47692 6453
205206 16245
8896 174
37100 327782 6453
29222 3303
51405 24611
35699 174
12654 15562 34549 6881 50304
25160 174
38001
198290 174
29680 174
8220 6453 15547
513 174
12874 3303
8607
327782 327960
39351 42708
39821 9002
34177 174
28917 174
5392 174
196621 8758
9304 174
56730 31463
15576 29691 198385 21232 8758 34288 174 198249
4608 24130
20562 29208
43578 174
6461 2914 7575
25220 29551
23106 52320
34019
25091
3257 2914
3252 174
35054
15935 174 29504
13101 34549 29208
1299 8943 5511 7018 13030 42708 6453 2914 50304 13237 49375 6939
1764 35369 174 1853
198385
40191 174 395766
1916 174
29551
31463 50300
12859 50304 30132
38930 8283 174
53070
21232
24130 7545
1251 52888 20080
174 12779 16245 37271 12637 51185 8218 62663 24482 3303 6667 19151 20764 12389 50877 2914 64463 50300 37468 41497 15435 29140 12350 5511 174 16735 31742 52320 1836 58299 6730
6939 13760 15685 63297 202194 7545 34549 51395 25152 1280
8943 50763
25933
16735
31742
13237
8222 3320
59414 13030
14061 6453
3320 2914 47147
51395 59891
12779
5400 2914 2110
58299
13760
263321 28329
29691 57118
553
59689 8218
7545
12637
266534 18881
62663 7738
395152 63297
52720 37468
29208 9002 2914 15685 6881 57111
16347 8218
25227 12389
20764 41722
8426 6453
20080
9002
202194
2914 28329 701 4134 15562 286
50304 30844 6661
42708
286
50763
63297
8455
41095
50877
25152
2895
49463 8218
7738
29504
7018
15562
52888
5511 12956
6881 15685
198249
24611 6661
701 2497
59891
4134
47147
5396
48526 6453
4777 2497
57821 12586
12956 18881
16245
34549
37271
28634
51185
37468
6893 2613 6730
3303
49375
28220
19151
30132
327960
8283
8218
12389
6667
262757
15547
395766
2110 39122
6453
8758
64463
50300
28329
41497
13030
1853
64050
12586
24482
57118
12350
7575
34288
30844
15685
35369
39122
52863 52320
2497
41722
15435
1280
29140
57111
2613
52320
1836
18881
28513
6661
6730
