#src/zombie.py
# GMT Mon Oct  1 05:52:48 2018
# 
52873 18881 52720
1916 20080
22548 16735
14061 3356
7018 6830
34781 13030
59891 51395
53070 10429
37239 36937
29075 50620 3320 16347
5396 6762
8220 3356 15547
701 4134 2497 1280 6830 702
8468 3549
3252 702
48039 12586 8596
16735 12956 28138
57821 12586
3491 3356 28513
30844 21320
35054 3303 43100 6730 202032 12654
174 12637 50304 29680 3320 41497 6830 174 64396 12779 29140 19151 12350 3303 35699 24482 48526
35699
2895 3267
29691 57118 15576
3356 20764 3549 51185 8426 6830 25160 41095 3356 25220 8607 30781 3320 9002 50300 8222 3267 29152 29608 37271 31463 680
51405 24611
1853 20965 6720
263321 263584 7738
7660 22388 2500 2907 9270
4777 2500
6830 513 6453
13030 31424 3320 58299 51395 1299 1836
9189 8422
30132 12859
202032
19151
6453 36937 3320
24785 1136 41095 24785
1239 4637 3320
12956 47872 10429 7738 18881 3320 28220
52720
12859 2603
29152 58308
50300
15435 1299
37271 327995
24482
2907 11537
24611 6661
4230 28513 262757
52863 4809
198385 202194 41562
6720
12874 3303 15605
327995
59689 30781
12350
15547
29680
3333 1136
20080 11096 2914
5392 3549
25933 3549
31463 56730
28917 39821 8359
1103 20965
20562 2603
58299
7575 24490
262317 10429
31424
42708 50304 1299
513 20965 21320 3320 12654 513 6730
57118
50763 8943
41562 15576
12779
41095
2914 3320
553 680
7738
1299 20932 31122 1273 8455 8943 49605 13193 3320 62567
8607
198249 15576
2497
263584
4637 1221
8359 2603
26615 6762 16397
6762 28329 3320
4608 1221
15576 196621 3303 34288 8758
14361 3257
62567
22652 3257
25160
34177 3320
47872
8943
262757
34288
56730
24489 24490 24489 9270
2613 25091
21320 2603 6661
30781
3320 3320 3257 286 13237 8422 8218
8455
2603 13101
1836
680 20965
11096 11537
8426
13002 20764 25091
8758 20612
48526
9270 9270
20965 11537
20764
1221
28513
49463 13193
286
13101 12586
25220
28220
34019 3303
12637
39821
41497
25152 1273
18881
1273 6667
8222
64396
4589 3257
9304 3549
36937
202194
57866 8283 9002
8422
13193 13193
50304 57381
20932
3549
51185
16397 263075
4134 4809
13237
49605
29140
11537 22388
8596
6661 198290
28329
24490
9002
12586
43100
57381
6730 6730
29686 3257
702
29608
198290
28138
15605
8218
51395
2500 2500
263075
3257
1136
6667
4809
29222 3303
10429
196621
12654
20612
16347
58308
31122
50620
22388
8283
25091
3267
3303
1280
