#src/zombie.py
# GMT Mon Oct  1 06:33:41 2018
# 
37468 37239 1299
24611 3549 51405
8447 6720 3320
57821 12586
8455 1299
198249 13030
28917 174
22652 3257
198290 6661
34177 3356
34019 20764
48039 12586 8596
20080 6762 1251
13101 12586 20764
50300 2914
8218 174
16735 22548 262757 3549
12779 174
8607 3356
37271 3356 327995
12350 174
12654 20764 9002 41095 3252
12874 3303 15605
3257 4589 3356 174
47872 174
263584 263321
41497 174
15576 3303 41562 8758 196621
51185 174
3491 3356 12389
23106 3549
50763 8943
28329 6762 3549 263321
38930 1299 8283
22548
1136 286 3333
30781 5511 59689
2895 3267
4777 2497
64396 174
6762 52863 3356 174
8758
41722 20764
1221 4637 4608
41617 31261
3333
3549 3356 25933 4809 8468 28220 5392 52720
4637 1299
29222 3303
37100 3356 327782
25227 12389
25160 174
9304 174
25074 9189 61157
29075 58308 174
23148 701 25152
1916 174
20562 20764
52863
6893 25091 2613
25091 13002
59891 51395
15605
29680 174
25152
31133 31261 3320
12389
9189
7018 3356
327782 327960
30132 12859
6730 6730 3320 513
1273 3216 6667 1299 174
8426 3356
4608
53070 22381
57381 50304
20764 13002 43100 37497 3216 30844
3303 3320
7575 2914
37239
15547 8220
25933
35054 3356
3252 3252 174
58299 13030
1836 20612 13030
174 3356 6453 174 35699 19151 51395 286 51945 45896 29140 2914 1299 24482 12637
43100
286 3356 1103
45896
56730 51945
61157 3320
33891 3320 553
2914 3356 16347 9002
15435 1299
1299 2603 3356 8943 20932 62567 1299 680 42708 13237
12859 9002
1280 701
513
37497
29691 13030
3267 2603
263321
3216
12586
51395
262757
3356 701 14061 14361 5511 41095 29608 5396 3320
49463 13193
29140
327995
13237
8596
48526 5511
12637
2497 701
34288 13030
50304 42708
28220
5511
1103
34781 13030
31261
1251 52888
5392
42708
9002 39821 49605
62567
49605
13030 202194 31424 41095
16347
20612
8283
14061
13193 3320
20932
41095
41562 198385
2603
202194
327960
29686 6453
51405
8220 3320
3320 6661 25220 8222
25220
29608
6661
52888
5396
8222
701
31424
35699
2613
198385
553
19151
39821
51945
58308
196621
6720
30844
59689
6667
24482
8468
14361
680
6453
52720
8943
4809 22381
4589
22381
13002
