#src/zombie.py
# GMT Mon Oct  1 05:24:51 2018
# 
29691 13030
328206 328145
49605 174
59689 30781
6720 8447
12637 174
262317 6939
29636 174
15605 12874
553 174
29075 174
202032 6939
3333 12859
52888 1916
52720 37468
12956 10429 52873 6939
25220 6939
56730 31463
4657 38001 4637 24482
2857 6939
680 1299
20612 1836
12654 2497
3491 2497 22356
22652 3356
34019 3303
20764 174 41722
3356 8426 2497 3549
29608 174
8426
6774 328145 1273
20080 6939
3549 263702
9002 2914
20495 8455
15547 6939
2914 2497 16347 7018 2603 1280 3257 4844 6762 15562 2914 6461 174 286
50304 1299
37271 37239 174
6939 9304 53067 47692 4637 263075 59891 57821 51405 264911 6730 12552 7575 49375 30844 263152 6939 2497 16735 29140 25091 8447 12874 57111 8607 2613 37640 28917 52320 48526 198290 29686 20932
20932
37468 174
8455 8283 13030
53067
47692
50877 174
25152 19151
59891
49463 13193
39392 174 29504
51405
6730 513 6730
7018
15562
1103 2603
328145
6881 25512
198249 13030
29680 174
31122 174
38001
39351 12552
1273 1299
2603
513
12874
52873
8607
47147 3320
37640
6762
22356 28634
48526
4777 2497
28917
57821
263702
12779 174
8943 50763 1299
196621 15576
9304
1916 1251 174
4637
263075
28634
15576 174 198385
50763
264911
12552
16347
2110 39122 5400
6461 8218
3303 174
6667 174
263152
23106 52320
37239
19151 174
25512 174
25091
8283
8218
12307 59414
49375
3257 12859
30781 2497
262757 16735
4844 37989
3320 13193 2497
198290
6453 2497
1299 15435 2497 14061 13030 5400
64463 174
50300 31463 174
198385
8896 174
41497 174
13030 34288 21232 202194 1836 35369 58299 59414
50620 174
31463
29686
28571 1251
24482
12859
202194
53070 10429
21232
57111
7575
34288
30844
1251
174 16735 25160 31742
35369
8447
286
39122
52863 52320
2497 16735
16735 263508
37989
41722
15435
31742
5400
1280
29140
59414
13193
14061
2613
263508
52320
1836
10429
58299
25160
29504
