#src/zombie.py
# GMT Mon Oct  1 03:52:11 2018
# 
1916 53067 264911 263651 6939 174 12654 263674 2914
22548 3549
14061 3356
7018 3356
34781 13030
198545 3356 29152
59891 51395
53070 10429
37239 4809
29075 174 50620
5396 6762
6453 3356 174 8426
701 4134 2497 174 702 1280 23148
8468 3549
25220 3356
3252 702
48039 12586 8596
16735 28138 3549
57821 12586
3491 3356
30844 6939
35054 3303
174 3356 3257 12779 6667 13101 6762 19151 12350 7738 1299 12637 41497 24482 64396 22652 5511 680 174 6730
35699 2914
2895 3267
29691 57118 15576
3356 1853 8220 3549 51185 6461 3257 34177 286 4809 41095 2914 1239 1299 20932 47872 50300 1836 31463 6762 29608 14361 8359 8422
263651
1853 6720 1764
263321 263584 7738
4777 2497
13030 51395 1299 58299
9189 8422
30132 12859
19151
8220 15547
1239 4637
12956 6762 10429
41497
12859 3257 2914
53067
5511 48526
29152 58308
50763 8943
263674
37271 327995 2914
24482
47872
52863 4809 6762 12654
198385 202194 41562
8426
12874 3303 15605
327995
59689 30781
12350
15547
14840 52720
29680 3257
3333 1136
20080 2914
5392 3549
25933 3549
31463 56730
6939
58299
1103 286
2613 25091
31424 33891
42708 50304 1299
513 6730
57118
4637 1221
41562 15576
12779
41095 24785
15435 1299
553 680
7738
1299 8732 31122 13237 38930 2603 8943
8607 2914
198249 15576
1136 24785
2497
263584
34177
6762 28329 2914 3320
4608 1221
15576 196621 3303 34288 8758
14361
62567 2914
2914 7575 30781 29140 9002 8455 25160 4589 1764 29686 16347 6661
25160
8943
24611 51405 6661
24785 24785
34288
56730
7575
30781
3320 3303 8222 33891 13193
8455
2603 3267
1836
680
13002 20764 25091
8758 20612
8359 28917
8422
20764 8732
1221
49463 13193
28917 39821
286
13101 12586
6461 8218
28220 3549
23148 25152
34019 3303
12637
39821
52720 12654 3549
25152
50300
8222
64396
4589
9304 3549
33891
202194
48526
13193
50304 57381
20932
3549 16397
51185
16397 263075
51405
4134 4809
13237
49605 9002
29140
8596
6661 198290
264911
28329
9002
6720
12586
3303 29222
22652
57381
6730 6730
29686
702
29608
198290
28138
38930 8283
15605
8218
51395
263075
3257
8732
6667
4809 4809
29222
10429
196621
12654
20612
16347
58308
31122
50620
8283
25091
3267
1764
1280
