#src/zombie.py
# GMT Mon Oct  1 04:21:28 2018
# 
37468 37239 1299 174
8447 3257 6720
57821 12586
198249 15576
28917 8359 39821 174
22652 3257
198290 6661
34177 2914
8455 2914
8426 3356
25074 9189 61157
4230 262757 28513
31133 31261 1299 25227
20080 6762 1251
31463 6762 56730
50300 174
8218 174
16735 22548 52320
12779 174
8607 2914
37271 327995 2914 174
7738 701 263321 8167 12956
3257 51395 37100 48039 14361 9304 25152 1103 174 12586 15576 12859
47872 2914
52863 6762
263584 263321
41497 6762
15576 34288 3356 47176 8758 196621 29691 174 8220 41562
51185 3356
286 174
23106 10429
50763 8943
28329 6762
38930 1299 8283
52320 1299
22548
1221 4637 4608
1136 24785 3333
30781 34019 59689 2914
2895 3267
7575 6461
64396 174
6762 5396 174
47176 25435
8758 20612
41722 20764
3216 20764 1273
41617 31261
3333
3549 3356 5392 52720
12859 30132 2914
4637 1299
29222 3303
37100 327782
2613 6893
25160 174
9304
59414 6830
29075 198385 174
1916 2914
20612
6893 25091
25091 13002
59891 51395
25152 12654 19151 6939
29680 174
15605 3356
34019
9189
7018 174
327782 327960
30132
9002 2914
5392
4608
28513 3491
53070 22381
57381 50304
20764
3303 3320
4777 2497
37239
15547 34781 8220
29691
25933 8167
35054 3356
3252 174
24785 1273 24785
1836 13030
174 701 49605 5511 3356 19151 2914 1299 24482 3491 12956 6453 6461 16347 3320 553 6661 6830
58299 13030
8359 3356
45896 3356
56730
61157 3320
2914 35699 29140 29686 19151 4589 3356 25220 13237 12637
15435 1299
1299 2603 13030 8943 20932 14061 62567 680 1299 42708 1273
25435
1280 701
12956 28220 10429
3267 2603
8167
12586
263321
6830
51395
262757
3356 29608
4134 701 4809
49463 13193
29140
327995
48039 8596
13237
8596
48526 5511
12637
2497 701
34288
50304 42708
28220
5511 8220
1103
34781
31261
1251 52888
680
42708
3491
62567
49605
13030 31424
16347
8283
14061
13193 3320
20932
41095 13002 19151
41562 198385
2603
202194 198385
327960
29686
8220
3320 8222
6939 12654 30844
25220
29608
6661
52888
5396
8222
701
31424
35699
25227
198385
553
19151
39821
196621
6720
30844
59689
6667 1273
24482
1273
14361
12654
6453
52720
8943
6461
4809 22381
4589
22381
13002
10429
