Class	Node Name
2.000000	553
2.000000	13030
2.000000	6894
2.000000	1916
2.000000	52888
2.000000	6939
2.000000	56730
2.000000	57111
2.000000	34288
2.000000	47692
2.000000	262317
2.000000	266534
2.000000	8218
2.000000	286
2.000000	15605
2.000000	47147
2.000000	14907
2.000000	2914
2.000000	264911
2.000000	263075
2.000000	52720
2.000000	25220
2.000000	12654
2.000000	24482
2.000000	9002
2.000000	6667
2.000000	263152
2.000000	23106
2.000000	37239
2.000000	6762
2.000000	12779
2.000000	39122
2.000000	3491
2.000000	12637
2.000000	20764
2.000000	202032
2.000000	3257
2.000000	49605
2.000000	262757
2.000000	8607
2.000000	41497
2.000000	16735
2.000000	25160
2.000000	50877
2.000000	52863
2.000000	2497
2.000000	14061
2.000000	37468
2.000000	19151
2.000000	1299
2.000000	263508
2.000000	29636
2.000000	31122
2.000000	31742
2.000000	29140
2.000000	2857
2.000000	53067
2.000000	29686
2.000000	8896
2.000000	28634
2.000000	22548
2.000000	51405
2.000000	1280
2.000000	7575
2.000000	30844
2.000000	1251
2.000000	28571
2.000000	37271
2.000000	53070
2.000000	52873
2.000000	38001
2.000000	5396
2.000000	37640
