#src/zombie.py
# GMT Mon Oct  1 04:31:43 2018
# 
37468 37239 50304 174
24611 29608 51405
57821 12586
198249 15576
28917 8359
22652 174
198290 6661
41722 20764
34177 2914
8455 2914
48039 12586 8596
20080 6762 1251
31463 56730 3356
1267 8928 15605
13101 12586 42708
50300 174
8218 49463 6461
16735 22548 52320
12779 3257
8607 2914
37271 327995 1299 174
12350 1299
7738 701 263321 8167
12654 29608 50304
3257 51395 1103 41497 174
47872 2914
263584 263321
41497
15576 34288 47176 8758 3303 29691 41562
51185 3356
286 174
23106 10429
50763 8943
28329 6762
20612 8758
52320 1299
22548
1136 24785 3333
30781 59689 2914
2895 29076
4777 2497
64396 174
701 174 23148 1280 2497
47176 25435
8758 196621
8928 4589 29680 5511
1221 4637 4608
1764 1853 174
3333
8732 20764 1299
3549 3356 52720
4637 1299
41617 31261
37100 50304 327782
25227 12389
25160 3356
9304 174
25074 3356 9189
29075 1299
23148 25152
1916 2914
20562 42708
52863 6762
38930 1299 8283
25091 13002 6893
59891 51395
25152
29680
15605
34019 29608
12389 3491 31261 29076
25435
7018 174
327782 327960
30132 12859
1273 6667 1299 8468
8426 6453
4608
53070 22381
57381 42708
20764 13002
3303 29222 3320 35054
6893 2613
7575 2914
1853 6720
37239
15547 8220
29691
25933 8167
35054
3252 174
24785 24785 1299
58299 13030
1836 13030
174 6762 3356 6453 3491 45896 2914 1299 12956 5511 6461 29608 6661 6830
43100 29608
3491
8359 3356
45896
56730
2914 35699 16347 29686 62567 8943 12637 13237 19151 29140 9002
15435 1299
1299 3356 1299 4134 680 13030 14061 3320 42708 50304
12859 50304
1280
513 6830
37497 50304
16347
8167
12586
263321
6830 6830
51395
9189
3356 14361 49605 553 29608 20932 41095 5396
4134 4809
49463
29222
29140
327995
13237
8596
48526 5511
12637
2497
34288
50304 50304 42708 30844
29076
28220 12956
5511 6762 29608
1103
34781 13030
31261
1251 52888
5392 6453
42708 9002
9002 39821
62567
49605
13030 31424
12956 10429
8283
14061
20932
41095
41562 198385
202194 198385
327960
29686
51405
8220 3320
3320 25220 8222
25220
29608
6661
52888
5396
8222
6762
31424
35699
2613
198385
553
19151
39821
196621
6720
30844
59689
6667
24482 6453
8468
14361
680
6453
52720
8943 8943
6461
4809 22381
4589
22381
13002
10429
