#src/zombie.py
# GMT Mon Oct  1 06:39:50 2018
# 
37468 37271
50620 174
2857 174
12989 22548 16735 53070
59689 30781
264911 6939
57821 12586
62567 2914
29208 15685 2914
174 64396 7018 3356 29680 19151 286 3257 31133 12389 48526 41497 13002 1299 1280 25160 48039 9304 29075 1257 2914 52320 20764 21320 1916 6461
43100 20764
286 1103
198249 13030
28917 6939
22652 6939
52863 6762
56730 31463
29140 2914
49605 3356
2914 4844 16347 20080 29686 7575 29636 4589 3356 50300 25220 6661 9002 30781 12637 2497
15435 1299
1299 8943 680 13030 6939 42708 14061 553 1273 3356
12859 9002
1280
513 6730
37497 6939
31133 31261
20080
16347
31463 6939
1257 3333
41497
50300
12586 20676
8218 6461
16735 12956
2497
12779 3257
5539 8763 21385
8607 6939
7018
3356 6762 20676 44217 6453 3257 3549 3320 6939 20764 9002
37271 37239 6939
4844 37989
8763
15685 6881
49463 13193
21385 6939
6661 198290
28666 262757 6939
12874 3303 15605
42708 50304 57381
3257 8928
47872 44217
6881
202032 6939
262317 6939
8596 48039
48526
18881 52873 12956
12637
15576 6772 196621
34019 3303
34288 13030
1916 1251
37989
50304
58299 13030
23106 52320
5511 29608 5511 6939
1103
50763 8943
34781 13030
31261 41617
20612 1836
15605
1251 28571
52320
22548
28571
31424 6939
1273 6667
30781
7575
64396
1836 13030
680
13030 35369 8455 202194 6772
1853 21320 6720
8758 9002
12956 6762 6939
8283 8455
14061
3333
41722 12389
8928
3549 28329
9189 6939
263075 6939
12389
198290
13193 3320
20932 6939
37640 6939
263651 6939
52720 52873
44217
25160
4589
29686
9304
51405 6939
29636
29075 198385
28329
3320 6730 3303 6939
6939 263152 53067 59891 15547 5396 20764 12654 31122
25220
29608
21320
41617
5396
6762
6893 25091 2613
25091 13002
59891
2613
263152
198385
57381
25152 19151
29680
19151
53067
8455
8426 6453
196621
20676
6720
30844 9002
202194
13002
6667
24482 6453
48039
6730 6730
9002 12654
6772
6453
262757
31122
35369
8943
6461
53070
553
20764 12654
3303
52873
12654
37239
15547
