#src/zombie.py
# GMT Mon Oct  1 05:27:56 2018
# 
328206 328145
7018 1299
6720 1853
15605 12874
18747 174 263702
14907 1257
29075 34019 174
202032 6939
3333 12859
52888 1916
20612 1836
4657 38001 3491
6894 174
3491 13030 6939
22652 6939
3356 8426 8455 25091 60501 47692 3257 3549 3320 9002 15547 2914 20676 1299 6939
29608 174
680 1299
49605 174
3549 52873
20495 286
29686 6939
20932 174
37468 52720 174
53067 6939
47692 33891 12654 6453 6939
205206 16245
8896 174
28634 22356
39392 174 29504
51405 24611
12654 47147 13030 6939
38001
198290 174
1257 1239
29680 174
513 174
12874 3303
52873
8607 6939
28571 1251
206356 50629
264911 6939
50300 174
28917 1299
263702
33891 3320 34549
196621 15576
9304 6939
56730 51945
15576 174 21232
50629 174
6461 7473 8218 1299
35266 2914
6667 174
263152 6939
23106 52320
34019
25091
1239 1299
29636 174
3257 29551
30781 59689 13030
4844 37989 7473
39351 174
1299 2497 13030 8943 6453 1273 38930 14061 6762 2914 50304 174 286 6939
1764 35369 174
198385 174 202194
29551 25220
50620 174
51395 59891 174
12859 6939
38930 8283
21232
51945 174
7473
1251 1916
174 29691 12779 553 16245 21320 37271 12637 20764 24482 3303 2857 19151 25512 6661 50877 64463 39122 41497 49463 29140 1836 34288 174 25160 31122 16735 15435 31742 1916 52320 48526 58299
6939 31424 12956 262317 263075 30844 6939 328145 1280 2613 37640 5396 3320
8943 8943 50763
59891
16735 22548 262757 266534 263508
31742
1916
59414 13030
14061
3320 47147
12779
35369
58299
25160
29691 198249 57118
553
59689
60501
12637
262317
266534
263075
52720
25220
16347 2914
20764 41722
8426
20080 2914
9002
202194
2914 7575 15562
50304 57381
286 1103
50763
8455
50877
25152 19151
49463
15435
29504
6762
15562
1103
328145
6881 25512
198249
31122
24611 6661
1273
21320 1853
47147 57111
37640
5396
48526
4777 2497
12956 10429
16245
34549
37271 37239
31424
22356 27715
3303
37239
19151
25512
8283
8218
12307 57118
262757
15547
6453
8758 13030
64463
20676 12586
41497
13030
1853
12586 57821
24482
57118
22548
57381
7575
34288
30844
39122
52863 52320
2497
37989
41722
57821
1280
29140
57111
2613
263508
52320
1836
10429 27715
2857
6661
27715
