#src/zombie.py
# GMT Mon Oct  1 03:50:49 2018
# 
37468 37239 174
24611 29608 51405
8447 6720 3320
57821 12586
198249 15576
28917 174
22652 3257
198290 6661
34177 174
8455 2914
8426 3356
1299 701 6762 3356 37271 24785 14061 62567 8732 174 3491 3257 13237 13030 2914 15435 1299 50304 286 680 5511 8943 6461 3320 52320 42708 1273
20080 6762 1251
13101 12586 42708
50300 2914
8218 6461 16347
16735 22548 52320
12779 174
8607 2914
37271 327995
12350 174
7738 263321 8167 3320
12654 29608 50304
12874 3303 15605
3257 4589 5511 1103
47872 174
263584 263321
41497 174
15576 34288 47176 8758 196621 3303 29691 8220 41562
51185 3356
286
23106 52320
50763 8943
28329 6762
20612 8758
52320
22548
1136 24785 3333
30781 29608 59689
2895 3267
7575 2914
64396 174
701 2497 4134
47176 25435
8758
41722 20764
3333
8732 20764
3549 3356 52720
41617 31261
37100 327782 174
2613 6893
25160 174
9304 174
25074 9189 61157
29075 174
1916 174
20562 42708
52863 6762
6893 6730
29680 174
59891 51395
25152 6939
15605
34019 29608
25435
9189
7018 5511
327782 327960
30132 12859
6730 6730 3320 513
1273 6667 8468
5392 174
4608 24130
53070 22381
57381 50304
20764 13002
3303 29222 3320 35054
4777 2497
37239
15547 8220
29691
25933 8167
35054
3252 174
24785 24785
58299 13030
1836 13030
174 3267 174 35699 19151 51945 45896 29140 48526 12637 24482 20932 5511 553
43100 29608
3491
25091 13002
45896
56730 51945
61157 3320
2914 9002 5511 2497
15435
31133 31261 3320 25227
12859 50304
1280 6939
513
37497 50304
12956 28220 5511
3267
8167
12586 48039
263321
51395 6939
262757 28666
3356 14361 29608 9002 41095 5396 49605
4134 4809
49463 13193
29222
28666 4809
29140
327995
48039 8596
13237
8596
48526
12637
2497
34288
50304 42708 30844
28220
5511 6762 29608 6453
1103
34781 13030
31261
1251 52888
42708
9002 39821
62567
49605
13030 31424
16347
14061
24130 7545
13193 3320
20932
41095
41562 198385
202194 198385
327960
29686 6453
51405
8220 3320
3320 6661 25220 8222
6939 7545 29608
25220
29608
6661
52888
5396
8222
6762
31424
35699
25227
198385
553
19151
7545
39821
51945
58308 59689
196621
6720
30844
59689
6667
24482
8468
14361
680
6453
52720
8943
6461
4809 22381
4589
22381
13002
