#src/zombie.py
# GMT Mon Oct  1 04:53:00 2018
# 
263584 263321
7018 174
6720 1853
22356 6762 28634
15605 12874
14907 38930
29075 15576 6762
202032 6939
3333 12859
1103 3257
22381 53070 12989
20612 1836
6894 2497
8167 7738 25933
3491 64050 38001 174
22652 3356
3356 33891 49605 8455 1853 37497 41095 51185 29222 553 6730 1836 14007 174 35054 25160 8359 16347 8220 25091 8222 20764 3356 8426 30781 3549 9002 48526 34177 14061
29608 20764
680 1299
49605
3549 28220 16735 52873 9304 52720 5392 263702
29686 2914
6939 34019 53067 51395 262317 20764 28929 45896 51405 264911 37640 263075 14840 13760 1299 263152 263508
20932 1299
28634
37468 1299
53067
47692 33891
205206 16245
8896 174
37100 327782 6762
29222
34549 13101
39392 174 29504
51405
12552 39351 1299
35699 174
12654 20764 9002
25160
8359 28917
38001
198290 6661
29680 174
8220 15547
513 6730
12874 6762
52873
8607 2914
327782 327960
39821 9002
264911
34177
28917
263702
1764 35369 1299
5392
196621 8758
9304
56730 31463
15576 29691 198385 21232 8758 34288 198249
1221 4637 4608
4608
20562 20764
61568 263321 6762
43578 1299
6667 1273
263152
23106 52320
34019
3267 2895 1299 3267
25091
6893 2613 6730
3257 174
30781 59689
3252 9002
35054
39351
13101 20764
1299 29551 16245 12586 4637 38930 15435 12350 13030 174 49375 8943 16735 1273 15685 13193 47147 52320 5400 50304 13237 1299
33891
198385 202194
40191 174 395766
29551 25220
31463 6762 50300
12859 30132 20764
28929
38930 8283
53070
21232
14840
1251 52888 20080
174 12956 6762 12637 20764 24482 286 19151 31742 6661 8218 12779 2914 58299 6453 64463
286
8943 50763
2895
16735 262757
31742
13237
39540 57118 12307
8222
59414 13030
13193 49463
14061
51395 59891
12779
5400 2110
58299
13760
263321
29691 57118
553
59689
37497
12637
262317
266534 18881
62663 7738 6762
395152 14007
263075
52720
25220
16347
25227 12389
45896
20764 57111 30844
12389 6762
8426
20080 6762
9002 41722 2914
50877 6762
2914 2497 19151 1916 7575 15562 1280 29140
50304
4637
50763
30132
202194
25152 19151
25933
49463
7738
29504
6762 52863 41497 37271 12989 6762 5396
15562
52888
6881 15685
198249
1273
59891
47147
37640
5396
48526
4777 2497
57821 12586
12956 18881
16245
1916
37271
41095
51185
31424 13030
24482
49375
28220
19151
8455
327960
8283
8218
12307
262757
15547
395766
2110 39122
6453
8758
64463
50300
41497
13030 1836
1853
64050
12586
57118
12350
7575
34288
30844
14007
15685
35369
39122
52863
2497
41722
15435
1280
29140
57111
12989
2613
263508
52320
1836
18881
6661
6730 6730
