#src/zombie.py
# GMT Mon Oct  1 03:52:11 2018
# 
52873 18881 52720
1916 174
22548 3549
14061 1299
7018 701
34781 13030
198545 29152 174
8447 3320 6720
53070 10429
37239 4809
29075 174 50620
5396 3257
6453 8426 701 22652 29686
701 3356 2497 6461 3491 12956 4134 286 6762 174 702 2914 1280 7738 1239 1299 23148
8468 3549
25220 3320
3252 3252 20562 174 702 12654
48039 12586 8596
16735 28138 12956
57821 12586
3491 12389
24785 1136 174 24785
35054 3303
174 3356 19151 12779 6667 1764 12637 12350 20932 29140 29680 41497 50300 24482 174 64396 680 6730 29608 35699
35699
2895 29076
29691 57118 15576
3356 3320 3549 51185 9002 34177 3257 1299 5511 41095 6762 14361 12956 8359
51405 24611
1853 1764
263321 263584 7738
4777 2497
13030 31424 51395 58299 1299 1836
9189 8422
30132 12859
19151
8220 3320 15547
1239 4637
12956 10429 9002 18881 28220
41497
12859 9002
53067 10429
5511 30781 48526
29152 58308
50763 8943
15435 1299
37271 327995 2914
8222 3320
47872 6762
52863 4809
198385 202194 41562
8426
12874 3303 15605
327995
59689 30781
12350
15547
3216 3216 20764 13101
29680
3333 1136
20080 2914
5392 3549
25933 3549
31463 50300 56730
58299
1103 286
29076 12389
20562
2613 25091
262317 10429
31424
42708 50304 1299
513 6730
57118
4637 1221
41562 15576
12779
41095 12654
2914 7575 16347 9002 6661 25160 8607 4589
553 680
7738
1299 31122 8455 8943 8732 49605 13237 38930 62567
8607
198249 15576
1136
2497
263584
26615 6762 16397
34177
29222 3303
4608 1221
15576 196621 3303 34288 8758
14361
62567
25160
12389
4589
24611 6661
30844 20764
34288
56730
7575
30781
3320 4809 702 3303 13193 8422
59891 51395
8455
8943
1836
680
13002 20764 25091
8758 20612
8359 28917
8422
20764 8732 12654
1221
49463 13193
28917 39821
286
13101 12586
6461 8218
28220
23148 25152
34019 3303
12637
39821
52720
25152
18881
50300
24482
6720
9304 3549
202194
48526
13193
50304 57381
20932
3549
51185
16397 263075
4134 4809
13237
49605
29140
8596
6661 198290
28329 6762
9002 12654
12586
3303
22652
57381
6730 6730
29686
702
29608
198290
28138
38930 8283
15605
8218
51395
263075
3257
8732
6667
4809
6762
10429
196621
12654
64396
20612
16347
58308
31122
50620
8283
25091
1764
1280
