#src/zombie.py
# GMT Mon Oct  1 05:50:18 2018
# 
37468 174
50620 6939
2857 174
12989 22548 16735
22548
264911 6939
57821 12586
62567 1299
174 6762 3356 9304 19151 29140 286 3257 5511 1239 64396 174 1916 7018 1299 701 25160 6453 2914 29636 29075 6461 12637 3303 12779 31122 6830
58299 6939
12874 3303 15605
198249 15576
28917 1299
22652 3356
8359 20764 3356
198290 6661
56730 31463
41722 9002
2914 3356 37271 4844 16347 20080 12956 19151 4589 6661 30844 7575
8447 1299 6720
15435 1299
34019 3303
12859 6939
1280 1299
513 6830
29608 5511
1299 37271 680 14061 25512 8943 38930 52320 42708 13030 16735 13193 1273 15547
20080
29691 57118 15576
31463 3356
25512 6881
15547
1257 3333 1239
16347
41497 6762
50300 6939
12586 20676
8218 6461
16735 262757 12956
15576 8220 196621
12779
5539 33891 8763
8607 6939
6830 6830
51395 3257 59891
13002 25091 6939
3356 25074 8426 44217 30781
37271 37239
4844 37989
8763
49463 13193
6661
43531 8596 6939
25074 9189
37239
3257
47872 44217
6881
52863 6762
44217
50304 42708 57381
8596
48526 1273
18881 52873 12956
12637
2497 701 25152 6939
34288 9002
15605
37989
12307 57118
286 1103
23106 52320
680
5511 5511
1103
50763 8943
48166 9002
57118
38930 8283
1251 28571 1916
52320
53067 6939
28571
31424 6939
1273 6667
30781 59689
7575
64396
701
1836 20612 13030
49605 9002
13030 35369 8455 202194
8758 6939
12956 6762 10429 6939
20612
8283
14061
3333
8928 29680 6939
9189
263075 6939
13193
20932 6939
37640 6939
263651 6939
20676 6939
59689
25160
262317 6939
4589
29686 6453
9304
51405 6939
8220 6939
29636
29075 198385
1916
6939 5396 263152 19151 25220 24482 37497 9002 25152 33891 202032 12654
25220
202032
41617 9002
5396
53070 10429
6762
6893 25091 2613
25091
59891
2613
263152
198385
553 33891
25152 12654 19151
29680
19151
42708
8455
1239
196621
29140
6720
30844
202194
7018
6667
24482
8426
37497
9002
6453
262757
52720 52873
35369
8943
6461
33891
57381
20764
3303
52873
12654
31122
10429
