#src/zombie.py
# GMT Mon Oct  1 04:36:00 2018
# 
1916 2914
14061 1299
7018 6762
34781 13030
8447 3320 6720
12654 52863
25160 6939
263152 6939
37989 4844
8763 2914
4230 6453 262757
34288 6939
6461 1299 8218
20932 3356
2613 6893
30781 5511 59689
3320 1764 6762 3320 3303 513 1299
16735 14840 25152 3549 20080 22652 9304 4809 6939 174 2914 1299 8359
59891 51395
12713 1273 47872
8455 13030 8283
57821 6939
8943 1299 50763
1836 13030 20612
6893 25091
680 553 3356
8426 6939
37239 37271
174 198385 3356 24482 50620 64396 3257 12779 6762 29075 2914 6453 1299 6661
13002 20764 25091
16347 8218
8758 6939
8359 20764
29636 6939
202194 13030
3356 1853 19151 3549 50300 37271 15547 6762
263651 6939
1251 20080 28571
1853
28917 6939
29608 6939
49463 13193
53070 10429
286 6762
1764 8596
202032 6939
19151
29691 13030
6453 6762 29686 62567
25220 6939
6772 13030 15576
4844 6939
12956 6762 10429 1299
34019 3303
13030 198249 35369 58299 51395 1299
52720 3549
25152
12859 6939
50300
24482
10026 8928 1299
6720
37497 6939
9304
13335 37640 37100
6939 6695 42708 263075 4589 1299 6881 56730 50304 8607 2857 51405 31122 30844 37271
37100 2914
48526 5511
50763
29075
37271
8928
13193 1299
6695 9189
50304
47872
262757
52863 4809 6762
3549 28329
64396
59689
51405
1273 1299
29140 2914
5511 6762
51395
8596
15547
6661 198290
53067 10429
28329
29680 3257
3333 6762
701 2497 1299
20080 2914
22652
56730
57381 42708
263075
9189
35369
30844
58299
1103 3257
198290
20764 8732
8218
7575 2914
42708
14840
513
57118 196621
4589
3257 6667
12779
8732 1299
6667
4809
37640
10429
196621 15576
2914 9002
553
15435 1299
20612
1299 1280
8607
198249
2497
6881
31122
50620
29686
198385
9002
8283
25091
6762
28571
15576
3303
1280
2857
62567
