#src/zombie.py
# GMT Mon Oct  1 05:57:23 2018
# 
52873 18881 52720
1916 52888 174
22548 16735
14061 1299
7018 2914
34781 13030
8447 6720 3257
53070 10429
37239 36937
29075 58308 174 50620
5396 6762
6453 36937 2914
701 2497 2914
8468 3549
25220 29551
3252 174
48039 12586 8596
29551 3257
16735 174 28138
57821 12586
3491 12389 2914
30844 5413
35054 3303
174 20764 50304 58299 49463 25160 12779 6667 29680 24785 19151 2914 12350 13002 12637 29140 37271 41497 31122 6661 50300 24482 262589 64396 34177 1836 5392 9304 680 6730 28917 29608 20932 174 1280 38930 35699
35699
2895 29076
29691 198249 57118 15576
3356 41095 47872 9002 2914 51185 8426 3549
51405 24611
52888
1853 1764
263321 263584 7738
4777 2497
13030 1299
9189 8422
30132 1299
19151
8943 1299 50763
8220 5511 15547
1239 4637 2914
12956 18881 28220 10429 2914
41497
12859 12654 2914
262589 28329
5511 30781 48526 2914
6939 51395 12654
50763
15435 3257
37271 327995
24482
24611 6661
198385 202194 41562
8426
12874 3303 15605
327995
59689 30781
12350
15547
29680
3333 1136 3320 12654
59891 51395
5392
25933 26615
31463 50300 56730
28917 39821
1103 2603 3257 12654
29076 12389
20562 2603
58299
7575 6461
262317 10429
31424 3257
513 6730
57118
4637 1221
41562 15576
12779
41095
2914 3320 4713 286 8455 3257 6762 3303 6461 1299 8607
553 680
7738 3257
1299 49605 8455 62567
8607
198249
2497
263584
26615 6762 16397 26615
29222 3303
15576 196621 3303 34288 8758
14361 3257
62567
25160
12389
34177
47872
24785 1136 24785
34288
1764 3257
56730
2613 6893
30781
3320 3303 8222 8422
8455 12654
2603
1836
6893 25091
680
13002 25091
8758 20612
48526
8422
20764
1221 4608
5413 12654
49463
286
20080 6762
6461 8218
28220
34019 3303
12637
39821
52720
4713 25152
25152
18881
50300
8222
6720
4589 3257
9304
36937
202194
4608
50304 57381
20932
3549
51185
16397 263075
13237 3257
49605
29140
8596
6661 198290
28329
9002
12586 3257
22652 3257
57381
6730 6730
29686 3257
29608
198290
28138
38930 8283
15605
8218 16347
51395
263075
3257
1136
6667
6762
10429
196621
12654
64396
20612
16347
58308
31122
50620
8283
25091
3303
1280
