#src/zombie.py
# GMT Mon Oct  1 04:08:00 2018
# 
37468 37239 9002 174
24611 6661 51405
57821 12586
13002 25091 41095
8455 9002
198249 29691
29551 25220 1299
28917 174
22652 3356
198290 6661
34177 174
34019 3303
8426 3356
4230 262757 9002
20080 6762 1251
13101 12586 9002
50300 174
8218 49463 16347 59689 174
16735 22548 174
12779 174
8607 3356 12654 41095 2914 6939
37271 327995 174
12350 174
7738 701 263321 1299 8167
9044 59622 20612
3257 2914
47872 6939
263584 263321
41497 9002
15576 34288 174 47176 8758 196621
51185 9002
3491 9002
23106 52320
286 9002
50763 8943
28329 6762
20612
52320 174
22548
1136 24785 3333
2895 3267
7575 6461
64396 174
6762 52863 3356 2914
47176 25435
8758
41722 20764
41617 31261
3333
3549 3356
4637 1221 1239
59414 13030
29222 3303
37100 9002 327782
25227 20764
25160 9002
9304 174
25074 9189 9002
29075 198385 58308 174
1916 174
20562 9002
52863
6893 6730 2613
25091
59891 51395
15605 9002
29680 9002
25152 19151
9189
1239 2914
12389 31261 174
25435
7018 2914
327782 327960
30132 9002
6730 59622 29691 174
5392 9002
4608 1221
53070 10429
553 174
20764 174
3303 174
52873 52720 12956
4777 2497
37239
15547 8220
20940 37497 9002
25933 8167
35054 3356
3252 174
24785 24785 6939
59622
1836 13030
174 49605 3267 19151 29140 48526 2914 6667 24482 20932 15623 6661 174
58299 15623
45896 3356
56730 51945
2914 701 3356 1299 12956 12654 8283 6453 8943 6461 3320 4589 9002
15435 9002
1299 62567 13030 14061
12859 9002
1280 701
37497
29691
3267
8167
12586
263321
51395 6939
262757
3356 29608 12956
49463
29140
327995
13237 9002
8596 9002
48526
12637 9002
2497 701
34288
50304 42708 57381
28220 12956
1221
15623
1103 9002
31261
1251 52888
42708 9002
9002 35699 39821 51945 14361 6720 680 6453 6661 12654 5396
62567
49605
13030 31424
12956 10429
8283
14061
20932
41095
202194 198385
327960
29686 6453
51405
8220 3320
3320 8222
6939
25220
29608
6661
52888
5396
8222
701
31424
35699
2613
198385
57381
19151
39821
51945
58308
196621
6720
59689
6667
24482
14361
680
6453
16347
8943
6461
4589
12654
52720
10429
