#src/zombie.py
# GMT Mon Oct  1 04:33:42 2018
# 
1916 52888 2914
14061 2914
7018 3356
34781 13030
8447 6939 6720
12654 6939 19151 9002
25160 174
37239 37271
37989 4844
30844 6939
5396 6939
49605 6939
701 3356 1280 2497 23148
25220 3356
20932 3356
2613 6893
48039 8596 174
30781 3356 59689
3320 3303 3356
16735 52320 12989
59891 6939
8455 2914
3549 3356 52720
57821 12586
263152 6939
8763 5539
6893 25091
680 553 3356
8426 3356
174 3356 29680 198385 49463 24482 174 64396 3257 12779 29075 19151 2914 29140 6461 2857 1299 6661
13002 20764 25091
8607 6939
8758 6939
29691 57118 15576
29636 2914
20764 8732 20764 3356
51405 6939
52888
1853 3356
28917 3356
29075
8943 1299 50763
6830 513 6830 1299
29608 3356
49463
53070 12989
286 3356
8422 6939 9189
6881 15685
20676 3356 12586
202032 6939
19151 6939
6453 3356 3257 9002
6461 8218
4844 2914
23148 25152
34019 3303
13030 198249 35369 1299 1836
15685 29208
41497 3257
25152
12859 9002
50300 5580 31463
24482
6720
9304 3257
5511 3356 48526
31463 56730
6939 3356 262317 31424 52863 198385 263075 37640 263651 20612 15547 264911 28329 50620 29208 21385 44217 58299 15435
202194 198385
48526
50763
5580 3257
15435
52720
12989
29208
8928 1299
50304 57381 42708
47872 44217
52863
3356 6762 2914 9002 22652 1299 15576 3303 37271
64396
3333 1103
12874 3303 15605
15547
31424
29140
1273 1299
59689
52320 2914
8596
34288 15576
6661 198290
264911
28329
29680
9002 43100
12586
20080 1251 2914
22652
56730
57381
263075
44217
9189
35369
29686 2914
58299
1103 3257
1251 28571
198290
38930 8283 1299
15605
8218
7575 2914
262317
1836
42708 1299
263651
5539 21385
513
57118
4589 2914
3257 6667 31122
12779
8732 1299
6667
37640
196621 15576
2914 62567 16347
553
20612
1299
16347
198249
2497
37271
31122
50620
198385
21385
8283
25091
43100
6762
28571
15576 3303
3303
1280
2857
62567
