#src/zombie.py
# GMT Mon Oct  1 05:35:27 2018
# 
29691 13030
328206 328145
49605 9002
59689 6939
6720 1853
29686 6453
35369 13030
12637 174
262317 6939
39351 42708
29636 174
15605 12874
553 3356
29075 15576 174
12307 59414
3333 12859
52888 1916
52720 37468
12956 10429 6939
25220 29551
16347 6939
4657 38001 3491
2857 174
8426 6939
20612 1836
31025 29551 6939
3491 6939
7018 6939
22652 6939
34019 3303
20764 8359 41722
3356 8359 33891 3549 25091 47692 20676 174 1299 6939
29608 6939
680 6939
6774 328145 13030
20080 6939
3549 52873 263702
198290 174
9002 4635 6939
20495 8455
4635 9304 6939
15547 6939
2914 15562 6939
6939 2613 264911 202032 263075 263152 13193 50620 8218 3257 4844 50304 6453 1299 31424 53067 47692 12859 22548 51405 2852 6762 7575 30844 12654 6881 286 8943 2497 16735 1280 8607 3320 37640 5396
42708 1299
56730 31463
20932 174
8359
37468 174
8455 8283 13030
53067
47692 33891 12654 6453
8758 13030
50877 174
25152 19151
15935 174 29504
49463 13193
15435 174
51405
51395 59891 174
6730 513 174 6730
6762
15562
1103 286
12654 47147 13030
6881
198249 13030
1273 1299
31122 174
38001
50304
29680 174
59891
513
12874 3303
52873
4230 262757 174
8607
47147 3320 57111
37640
5396
22356 27715 28634
48526 174
20676 12586
4777 2497
28917 1299
263702
12779 174
196621 15576
2852 1853
9304
1916 1251 174
37271 37239 1299
263075
202194 13030
15576 198385
31424
264911
57111
3303 3320
6667 174
263152
23106 52320
37239
19151 174
13030 34288 59414 21232 1836 58299 1299
25091
8283
1853
8218
202032
49375 1299
3257
262757
4844 37989
27715 10429
3320
2110 39122 5400
6453
1299 14061 5400 174
64463 174
50300 31463 174
33891
198385
8896 174
41497 174
29551
50620
8943 8943 50763
12586 57821
31463
28571 1251
24482 174
12859
22548
53070 10429
21232
28634
7575
34288
30844
1251
174 29140 16735 174 31742 25160 52320
10429
286
39122
52863 52320
2497
16735 263508
37989
41722
57821
31742
328145
1280
29140
59414
13193
14061
2613
263508
50763
52320
1836
5400
58299
25160
29504
