#src/zombie.py
# GMT Mon Oct  1 04:52:51 2018
# 
29691 15576 57118
328206 328145
49605 6939
59689 30781
6720 1853
34288 15576
262317 6939
56730 51945
39351 42708
59414 6830
15605 12874
13030 1299
18747 174 263702
553 3356
29075 15576 34019 174
12307 39540
3333 1257
52888 1916
22381 53070 12956
12956 52873 6939
25220 6939
16347 2914
4657 38001 4637 24482
2857 174
8426 3356
20612 1836
12654 2497
3491 2497 22356
12637 174
34019
20764 174 41722
3356 2497 9002 1853 22652 37271
29608 174
680 1299
6774 328145 1273
20080 6939
9002
20495 6939
15547 6939
2914 2497 6461 7018 174 1239 1280 3257 4844 6762 15830 15562 2914 6453 286
50304 42708 57381
42708 1299
37271 37239 174
6939 53067 29686 263075 59891 57821 51405 264911 7575 30844 263152 6939 2497 25091 202032 57111 8607 2613 37640 58299 28917 50300
6661 198290 174
28634 22356
37468 52720 174
8455 1299
53067
47692 33891
50877 174
25152 19151
59891
49463 174
39392 174 29504
51405
6730 513 174 6730
6762
15562
1103 286
328145
6881 25512
198249 15576
29680 174
31122 174
38001
198290
1257 1239
1273 1299
513
12874 3303
52873
8607
47147 3320
37640
28571 1251
22356
48526 174
12779 174
20932 174
4777 2497
28917
57821
263702
1764 35369 174
196621 15576
9304 15830
198385 15576 202194
1916 1251 174
4637 1239
263075
6830 2497
15576 21232
52720
50763 8943
264911
2110 39122 5400
6461 8218
3303 174
6667 174
263152
23106 52320
37239
19151 174
25512 1299
25091
1239
50620 174
8218
202032
3257 12859
30781 2497
262757 16735
4844 37989
3320 33891 2497
7018
6453
1299 38930 8943 2497 14061 5400
64463 174
50300
33891
29636 174
8896 174
41497 174
7575
1853
29686
24482
12859
57118 39540
38930 8283
202194
53070
21232
57381
51945 174
15830
30844
1251
174 16735 174 25160 29140 15435 31742 52320 1836
5400
286
39122
8943
2497 16735
16735 263508
37989
41722
15435
31742
39540
1280
29140
57111
22652
14061
2613
263508
52320
1836
35369
58299
8283
25160
29504
