#src/zombie.py
# GMT Mon Oct  1 05:47:45 2018
# 
52873 18881 52720
1916 2914
22548 16735
14061 1299
7018 174
34781 13030
198545 29152 174
8447 3320 6720
53070 10429
37239 4809
29075 174 50620
5396 6762
6453 3356 6453 29608
701 3356 1280 2497 702
8468 3549
3252 702
16735 12956 28138
57821 12586
3491 174 28513
30844 6939
35054 3303
35699 174
2895 3267
29691 57118 15576
3356 3356 6939 3549 51185 8426 25160 6762 19151 2914 12956 8607 30781 3320 9002 34177 31463 680 174 41095 3303 14361 8359
51405 24611
1853 1764
263321 263584 7738
4777 2497
26592 16397 26615
13030 1299 1836 58299
9189 8422
30132 12859
45896 3549
8220 3320 15547
1239 4637 174
12956 47872 10429 18881 174 28220
41497 174
12859 3257
6939 12654 51395 25152
1273 6667 1299
15435 174
37271 4809 327995
8222 3320
47872
4230 28513 262757
52863 6762
8426
12874 3303 15605
327995
59689 30781
19151 174 286 25152
15547
2613 6893
29680 3257
3333 1136
59891 51395
5392 174
25933 3549
31463 56730
29152 58308
58299
1103 286
13237 3257
198385 202194 41562
31424 33891
42708 57381 50304 1299
513 3320
57118
4637 1221
4589 2914
41562 15576
41095
2914 7575 174 9002 50300 20080 16347
553 33891
7738 3320
1299 31122 2603 8732 49605 174 38930 62567 8422
8607
198249 15576
1136 286
2497
263584
26615 6762
6762 28329 174
4608 1221
15576 196621 3303 34288 8758
14361
62567
25160
2603 3267
24611 6661
262757
34288
56730
7575
30781
3320 3320 4809 33891 1764 3303 25220 13193 6661
8455 3257
34177
1836
6893 25091
680
13002 20764 25091
8758 20612
48526 3303
8422
20764 8732
1221
28513
49463 13193
28917 8359
286 174
13101 12586 174
20080
25220
28220
12637 3257
39821 9002
52720
25152 3257 12654
18881
50300
24482 174
6720
9304 3549
33891
202194
8359
13193
50304
20932 174
3549
51185
16397 263075
12350 174
49605
29140 174
8596 8596 1764
6661 198290
28329
9002
12586
3303 29222
22652 174
57381
174 3257 64396 174 8218
29686 3257
702
29608
198290
28138
38930 8283
15605
8218
51395
263075
3257 12779
8732
6667
4809
29222
10429
196621
12654
64396
20612
12779
16347
58308
31122
50620
8283
25091
3267
1764
1280
