#src/zombie.py
# GMT Mon Oct  1 05:09:01 2018
# 
52873 18881 52720
1916 27750 52888
22548 3549
14061 1299
7018 1299
34781 13030
59891 51395
559 20965 513
53070 10429
37239 4809
27750 11537
29075 58308 174 50620 3320 1299 16347
5396 3356
701 2497 6830
8468 3549
6461 3320 8218
3252 174
48039 12586 8596
29551 25220 1299
37179 3356 327984
57821 12586
3491 3356
30844 21320
35054 3303 43100 6730 202032 12654
174 29680 3320 24482 64396 1299 19151 12350 12779 6830 6661
35699 2914
2895 3267
29691 57118 15576
3356 3356 47872 1853 3549 51185 8426 6830 25160 34177 8732 41095 30781 3320 9002 50300 8222 22652 31463 680 29608 13002 37271 14361 8359 8422
51405 24611
52888
1853 20965 6720
263321 263584 7738
7660 22388 9270
4777 2497
6830 513 12956
13030 31424 3320 58299 1299 1836
9189 8422
30132 12859
202032
19151
6453 3320
1239 4809 4637 1299
12956 18881 3320 10429 16735
52720
12859 2603 3333
6939 1280 1299
50300
15435 1299
37271 327995
24482
24611 3549
52863 4809
198385 202194 41562
8426
12874 3303 15605
327995
59689 30781
12350
15547 12654
29680
3333
20080 6762
5392 3549
25933 3549
31463 56730
43100
28917 39821 8359
1103 11537
20562 2603
58299
2613 6893
262317 10429
31424
42708 57381 50304 1299 2603
16735 28138 3549
513 20965 21320 3320 12654 513 6730 2603
57118
50763 8943
41562 15576
12779
41095
2914 3320 4589 8607
553 680
7738 1299
1299 1273 8455 48526 8943 62567 3320 13237 38930 13193 20932
8607
198249 15576
2497 3320
263584
4637 1221
6762 3320
4608 1221
15576 196621 3303 34288 8758
14361
62567
25160
2603 21320 13101 3267
47872
8943
34288
56730
7575 24490
21320
30781
3320 3320 3257 286 4809 3303
8455
34177
1836
6893 25091
680
13002 25091
8758 20612
48526
9270 24490 9270
20965 11537
20764 8732
327984
1221
49463 13193
286
13101 12586
25220
28220 3549
34019 3303
12637 3257
39821
41497 3257
25152 1273
18881
1273 6667
8222
64396
4589
9304 3549
202194
8359
8422
13193
50304
20932
3549 28329
51185
13237
49605 9002
29140 3257
11537 22388
24490 24490
6661 198290
28329
8596
9002
6720
12586
22652
57381
6730 6730
29686 3257
29608
198290
28138
38930 8283
15605
8218
51395 3257
3257 31122
8732
6667
4809
29222 3303
10429
196621
12654
20612
16347
58308
31122
50620
22388
8283
25091
3267
3303
1280
