#src/zombie.py
# GMT Mon Oct  1 06:33:15 2018
# 
37468 174
2857 174
12989 22548 16735
264911 6939
57821 12586
198249 15576
28917 1299
22652 174
24611 3549 51405
41722 9002
8455 13030
8426 3356
4230 262757 174
20080 2914
10764 11537 5511
31463 56730 3356 50300
559 3303 20965 21320 12654 513
15685 29208 6881
8218 6461
16735 3549 1299 4809
12779 174
5539 33891 8763
8607 6939
37271 37239 1299 2914
22388 11537 7660 7575
12874 3303 15605
3257 51395 4589 174 9304 31122 29140
47872 44217
17579 24489 7660
29608 5511
12307 57118
18881 52873 12956
41497 174
15576 29691 8220 196621
262317 6939
58299 6939
23106 10429
50763 8943
48166 9002
38930 8283 16265
22548
30781 34019 5511 59689
7575
64396 174
6762 174 12956
20965 11537 680 24490 1853
12956 10429 6939
8928 29680 6939
3333 1103
3549 3356
198290 6661
11537 27750 1103
41617 9002
44217 3356
25160 174
9304
25074 3356 9189
29075 198385 5511 16347
1916 27750 1251
20562 2603 24785
52863 4809
21320 2603 13193 16265
6893 25091 2613
25091 13002 12654 6939
59891 51395
27750
263152 6939
15605
25152 19151
28571 1251
34019
9189
7018 174
6881
6730 6730 174 513
1273 6667 1299
33891 553 6939
57381 42708
20764 174
3303 513 3320
52873 52720
1853 6720
37239
15547 3356
24489 24490
24785 1299
16265
29208 2603
174 3356 19151 286 13002 1299 701 1280 513 6453 6461 2914
286
56730
2914 29636 4844 6661 12637
15435 1299
1299 13030 14061 8943 6939 42708
12859 2603
1280
513 6830 513 6939 12654
37497 6939
202194 198385
29691 57118
24490
30844 6939
12586 20676
6830 3356 3320
51395
262757
3356 20932 1836
4844 37989
8763
49463 13193
50300
29140
48526 5511
12637
2497 701
34288 9002
37989
50304 42708
29680
5511 5511
1103
57118
1251
42708
202032 6939
9002 49605 6939
62567 6453
49605
13030 35369 1836
7660
16347
20612 1836
8283
14061
263075 6939
13193
20932
37640 6939
263651 6939
59689
29686 6453
51405
8220 6939
29636
3320
6939 20676 25220 24482 53067 50620
25220
50620
6661
31122
53070 10429
701
2603
2613
198385
553
19151
196621
53067
6720
20676
1836
6667
24482
680
6453
52720
35369
8943
6461
4809
4589
12654
13002
10429
