#src/zombie.py
# GMT Mon Oct  1 04:06:31 2018
# 
52873 18881 52720
1916 52888 174
22548 16735
14061 1299
7018 1299
34781 31025
8447 6720 12654
53070 10429
37239 4809
29075 31025 50620
5396 6762
6453 3320 22652 62567
3252 25220
29551 31025 25220
16735 12956 28138
57821 12586
4589 2914
30844 25220
35054 3356
35699 25220
2895 29076
29691 57118 13030 15576
3356 4134 25220 6762 3549
51405 24611
52888
1853 20965
58299 13030
7660 22388 9270
4777 2497
13030 5413 51395 1836
9189 6695
30132 12859
19151 174
8220 25220 8758 15576
12956 18881 28220 6695 10429
52720
12859 25220 3333
262589 28329 1299
6939 31025 1280 34288 25220
50763 8943
5580 50300 3257
15435 174
263584 263321
8222 3320
24611 6661
52863 4809
198385 202194 41562
8426 6695
3491 2914
12874 680 15605
327995 37271
59689 58308 30781
12350 25220
15547 31025
29680 3257
3333
59891 51395
5392 174
25933 26615
31463 50300 56730
263321 7738
1103 3257
202194
20562 25220
2613 25091
262317 10429
31424 33891
42708 50304 25220
513 20965
57118
4637 1221 5413
41562 15576
12779 25220
41095 13002 5413
2914 2497 47872 3320 9002 8455 5413 25160 29686 12654 3303 25220 14361
553 25220
7738 3320
1299 3320 174 25220
8607 5413
198249 15576
2497
37271 4809
31025 6695 24482 49605 33891 28917 29140 8218
26615 6762 26615
34177 25220
6762 174 12654
15576 8758
14361
62567
25160
8943 5413
47872
34288
56730
7575 24490
30781 25220 34019
3320 680 174 25220
8455
263152 10429
1836
680 20965 680 12654 174 8596
13002 25091
8758 20612 196621
48526 25220
9270 24490 9270
20965 11537
20764 8732 25227
1221 4608
5413 6667 9002 12654 16265
49463 8218
28917
286 174
13101 12586 25220
16265 38930
25220 20932 51185 3257 8732 12637 12654 6661 31122 20080 29076 16347 13237 6695
28220
34019
12637
39821 9002
41497 3257
25152 3257
18881
50300
24482
64396 174
9304 174
33891
29076
4608
6695 6661
50304 57381
20932
3549
51185
4134 4809
13237
49605
29140
11537 22388
24490 24490
6661 198290
28329
8596
9002
6720
12586
20080
22652
57381
174 3257 174 29608
29686
29608
198290
28138
38930 8283
15605
8218
51395
3257
8732
6667
4809
29222 3303
10429
196621
12654
20612
16347
58308
31122
50620
22388
8283
25091
3303
1280
25227
