#src/zombie.py
# GMT Mon Oct  1 05:45:00 2018
# 
8387 3320 1764 12654
1916 174
22548 3549
14061 1299
7018 1299
34781 13030
198545 29152 174
59891 51395
53070 10429
37239 4809
29075 1299 16347
5396 3356
6453 1299 62567 29686
701 3356 2497 1280 702
8468 13237
6461 7575 174 1299 8218
3252 702
16735 52320 28138
57821 12586
3491 174 3257 12389
30844 13237
35054 8218
6730 513 174 6730
35699 174
2895 29076
29691 57118 15576
3356 47872 41095 20932 9002 51185 8426 49605 3549 25220 34177 22652 4230 30781 1764 3320 8220 1239 1299 8359
51405 24611
1853 12654
263321 263584 7738
4777 2497
12350 174
39821 28917
9189 8422
30132 12859
202032 8218
19151 174 25152
8220 15547
1239 4637 1299 7738
12956 18881 174 10429
52720 52873
12859 13237
5511 1299 48526
29152 58308
50763 8943
15435 174
37271 4809 327995
8222 3320
24611 6661
4230 262757
52863 4809
198385 202194 41562
8426
12874 3303 15605
327995
59689 30781
52320 174
15547
29680 174
3333 1136
20080 6762
5392 174
25933 3549
58299 174
1103 286
29076 12389
20562 1764
2613 25091
262317 10429
31424 33891
42708 50304 1299
52873 18881
513
57118
4637 1221
41562 15576
12779 174
41095
2914 1764 8455 174 4589 8607
553 680
7738
1299 13030 3320 8943 209 286 6762 174 13237 8218
8607
198249 15576
2497
263584
34177
6762 28329
15576 174 196621 3303 34288 8758
14361 209
62567
25160 8218
12389
4589
47872
262757
34288
56730 13237
7575
30781
3320 29222 13237 3303 33891 8422
8455
8943
1836 174
680 174
13002 20764 25091
8758 20612
8359 13237 20764 28917
8422
20764 174
1221 4608
49463 174
28917
286 1136 13237 174
13101 12586 1764
25220
28220 3549
34019 3303
12637 174
13030 51395
41497 174
25152
18881
50300 174
24482 174
64396 174
9304 174
33891
202194
48526
209
4608
50304 57381 174
20932
3549 16397
51185
16397 263075
4134 4809 3257
13237 3257 12654 8596 6661
49605
29140 174
8596
6661 198290 174
28329
9002
12586
3303 174
22652
57381
174 50620 3257 1764 31122 6667 174 29608 38930
29686
702
29608
198290
28138
38930 8283
15605
8218 1764 8218
51395
263075
3257 1764
1136
6667
4809
29222
10429
196621
12654
20612
16347
58308
31122
50620
8283
25091
1764
1280
