#src/zombie.py
# GMT Mon Oct  1 03:50:49 2018
# 
37468 37239 1299 174
24611 6661 51405
8447 6720 3320
57821 12586
198249 15576
28917 8359 39821 174
22652 174
198290 6661
34177 174
8455 1299
48039 12586 8596
20080 6762
31463 56730 3356
13101 12586 174
559 20965 513
8218 6461
16735 22548 262757 174 12956
12779 174
8607 2914
37271 327995 2914
12350 174
7738 263321 8167 3320
12874 3303 15605
3257 4589 9304 41497 174
47872 1299
202032 35054
263584 263321
41497
15576 34288 47176 8758 29691 8220 41562
51185 3356
286 1136 174
23106 10429
50763 8943
28329 6762
20612 8758
22548
1136 3333
30781 5511 59689
2895 3267
7575 22388
64396 174
6762 52863 3216 5396 174
20965 2603 27750 513 11537 680
47176 25435
8758 196621 8220
41722 20764
3216 20764 21320
41617 31261
3333
3549 3356 5392 52720
11537 22388 1103
53070 10429
29222 3303
9189 25074
37100 327782 174
2613 6893
25160 174
9304
22388 7660
25074 61157
29075 58308 1299 5511 6830 16347
1916 52888 27750
20562 2603
52863
21320 2603 20940 513 6661 20932 30844
8426 3356
6893 25091
25091 13002
59891 51395
27750
25152 6939
29680 174
15605
34019 2603
12389 3491 31261
25435
7018 174
327782 327960
1280 6939
6730 6730 35054 513
1273 6667 1299 8468
5392
4608 24130
33891 31424 3320 553
57381 50304
20764 13002 25227
3303 3320
4777 2500
37239
15547 8220
20940 37497
29691
25933 8167
35054 43100 58299 6939 12654
3252 174
58299
1836 13030
174 12956 5511 3356 19151 51395 2914 1299 513 6453 6461 3491
43100
3491
8359 3356
45896 3356
56730
61157 3320
2914 35699 29686 12859 50300 29140 9002 12637
2500 2500 7660
15435 1299
1299 62567 50304 13030 14061 8943 42708 13237
12859 30132
30132
513 513 12654 6830
37497
16347
3267 2603
8167
12586
263321
6830 701 3320
51395
262757
3356 14361 29608 41095
49463 13193
50300
29140
327995
13237
8596
48526 5511
12637
2497 701
34288
50304 42708
28220 12956
5511
1103
34781 13030
31261
42708
9002 49605
62567
49605
13030
7660
12956 10429
14061
24130 7545
13193 3320
20932
41095
41562 198385
2603
202194 198385
327960
29686
51405
8220 3320
3320 6661 25220 8222
6939 7545
25220
29608
6661
52888
5396
8222
701
31424
35699
25227
198385
553
19151
7545
39821
58308
196621
6720
30844
59689
6667
24482 6453
8468
14361
680
6453
52720
8943
6461
4589
12654
13002
10429
