#src/zombie.py
# GMT Mon Oct  1 05:15:41 2018
# 
37468 174
50620 174
2857 174
12989 22548 16735
37640 6939
24785 20562 1299
264911 6939
57821 12586
62567 6453
57463 29686 6939
174 64396 3356 49605 12637 25512 553 19151 29140 198290 174 41497 13002 6667 24482 25160 1280 29680 48039 9304 29636 29075 1916 52320 20764 31122
43100 9002
286 3356
198249 13030
28917 6939
22652 3356
8359 3356 41617
198290
56730 31463
41722 20764
2914 4589 8928 3356 20080 4844
8447 6720 6939
15435 6939
1299 8943 3356 6461 13030 42708 680 6453 14061 1273
12859 6939
1280
29608 13030
20080
16347 6939
31463 6762 21396 50300
25512 6881
1257 3333 1239
41497
50300
12586 6939
8218 49463 6461
16735 262757 12956
2497 701
12779 3257
5539 8763 21385
8607 6939
13002 25091
3356 6762 7018 701 44217 12956 48526 680 6453 3549 3257 1239 6939 3303 9002 30781
37271 37239 6939
4844 37989
8763
34288 13030
49463
21385 6939
12874 3303 15605
42708 50304
3257 1103
47872 44217
6881
52863 6762
44217
262317 6939
8596 48039
48526
18881 52873 12956
12637
15576 6772 196621
34019 30781
15605
37989
50304 57381
58299 13030
23106 52320
1103
50763 8943
34781 13030
28329 3549
20612 1836
1251 28571 1916
52320
22548
28571
31424 6939
9002 8758 20562 12654 6453
30781 59689
7575 6461
64396
701
1836 13030
49605
13030 8455 202194 6772 35369 12654
8758
12956 22381
8283 8455
14061
3333
8928
3549
9189 6939
263075 6939
21396 6939
8426 6453
198385 29075
22381 53070
263651 6939
52720 52873
59689
25160
4589
29686
9304
51405 6939
29636
29075
1916
6939 6762 5396 263152 25220 59891 37497 15547 53067 202032 12654
25220 12654 30844
202032
41617
5396
6762 12654
6893 25091 2613
25091
59891
2613
263152
20562
553
25152 19151
29680
19151
53067
8455
1239
196621
29140
6720
30844
202194
7018
6667
24482
48039
37497
1273
680 12654
6772
6453
262757
31122
35369
8943
6461
53070
57381
20764
3303
52873
12654
37239
15547
