#src/zombie.py
# GMT Mon Oct  1 05:41:50 2018
# 
37468 6453
50620 174
2857 174
12989 22548 16735
264911 6939
57821 12586
62567 3356
29208 15685 2914
174 6762 64396 29680 16347 49463 553 3356 19151 51395 286 3257 9304 1239 198385 20932 12637 7018 6667 1299 24482 1280 25160 4230 1273 6453 29075 29636 2914 6461 1916 52320 21320 12779 701 6830
43100 9002
286 8596
12874 3303 15605
198249 13030
29551 25220 3257
28917 1299
15685 6881
1273
52863 6762
56730 31463
49605 3356
2914 4844 20080 6661 7575 30781
15435 6939
8455 8283 13030
12859 6939
1280
513 6830
37497 6939
31133 1299 31261
20080
16347
31463 3356 50300
15547 3356
1257 3333 1239
41497 3257
50300
12586 3257
8218 6461
16735 3549
2497 701
12779
5539 8763 21385
8607 6939
6830 6830
51395 59891
7018
3356 701 1299 8426 12956 14061 22652 6453 25074 3549 6939 9002 48526
37271 37239 3257 6939
4844 37989
8763
49463
21385 6939
6661 198290
29140 3257
25074 9189
42708 1299 50304 57381
3257 4589 29686 31122 1103
47872 44217
6881
202032 6939
44217 6939
262317 6939
8596
48526
18881 52873 12956
12637
15576 6772 196621
34019 3303
34288 13030
15605
37989
50304
58299 13030
29680
1103
50763 8943
23106 52320
34781 13030
31261 41617
20612 1836
1251 28571 1916
52320
22548
28571
31424 9002
9002 8758 12654 6453
30781 59689
7575
64396
701 23148
1836 13030
680 1299
13030 1299 35369 202194 6772
8758
12956 10429
8283
14061
3333
8732 20764 1299
41722 20764
8928 1299
3549 28329
9189
263075 6939
198290
20932
37640 6939
263651 6939
52720 52873
59689
25160
3320 3303 6939
4589
29686
9304
51405 6939
29636
29075
28329
23148 25152
1916
6939 263152 19151 30844 5396 53067 12654
25220
29608 6453
21320 1853
41617
5396
6762
6893 25091 2613
25091 13002
59891
2613
263152
198385
553
22652
19151 12654
25152
53067
1299 8943
1239
196621
6720 1853
30844
202194
13002 20764
6667
24482
8426
4230 262757
1853
6772
6453 6453
262757
31122
35369
8943
6461
53070 10429
57381
20764
3303
52873
12654
37239
10429
