#src/zombie.py
# GMT Mon Oct  1 06:20:00 2018
# 
50620 6939
2857 6939
37640 6939
264911 6939
57821 6939
62567 6939
43100 9002
286 6939
198249 6939
28917 20764
22652 6939
198290 9002
56730 9002
2914 9002
15435 6939
8455 6939
12859 9002
1280 6939
513 21320
37497 6939
20080 6939
41722 47872
41497 6939
50300 9002
8218 6939
16735 6939
12779 6939
8607 6939
9189 6695
3356 20764 3549
37271 6939
4844 37989 6939
8763 6939
49463 9002
3333 9002
3257 9002 25152
47872 20764 12654
6881 6939
29608 6939
262317 6939
8596 6939
48526 9002
12637 6939
2497 6939
34288 6939
37989
50304 6939
58299 6939
23106 6939
1103 6939
50763 6939
34781 6939
28329 3549
20612 6939
22548 6939
202032 6939
9002 49605 8758 6939 6720 24482 20932 6453 51405 35369 29075 12654 31122
7575 6939
64396 6939
1836 6939
49605
13030 6939
8758
16347 20764
8283 20764
14061 6939
25091 20764
8928 6939
3549
263075 6939
20932
41617 20764
263651 6939
52720 6939
59689 6939
25160 6939
4589 6939
29686 6939
9304 6939
51405
29636 6939
29075
1916 6939
6939 34019 8426 6695 262757 37239 53067 31424 25220 52863 21320 5396 6762 29680 59891 2613 263152 198385 553 15605 19151 28571 196621 30844 202194 7018 6667 680 1273 53070 57381 12654 15547
25220
52863
21320
5396
6762
31424
29680
59891
2613
263152
198385
553
25152
15605
28571
34019
196621
53067
29140 20764
6720
30844
202194
7018
6667
24482
8426
680
6453
262757
31122
35369
6695
1273
53070
57381
20764 12654
19151
12654
37239
15547
