#src/zombie.py
# GMT Mon Oct  1 03:51:37 2018
# 
8387 1764 12654
1916 52888 2914
22548 16735
14061 2914
7018 3356
34781 1764
8447 3320 6720
53070 10429
37239 4809
29075 5511 50620
5396 3356
8220 5511 15547 15576
701 2497 1280 1299
8468 1764
25220 29551
3252 1764
48039 12586 8596
29551 31025
16735 52320 28138 1299
57821 12586
3491 174 12389
24785 1136 20562 24785
50300 174
35054 1764
29467 197264 1764
174 20764 37271 3320 41497 286 29680 64396 5392 5511 6762 1764 58299 6453 6461 38930 1239 1299
35699 2914
2895 29076
29691 57118 15576
3356 1853 3549 19151 22652 3257 41095 1764 29608 1299 8359
51405 24611
52888
1853
263321 263584 7738
4777 2497
12350 1764
13030 198249 51395 1299 1836
9189 8422
30132 12859
202032 8218
19151
6453
1239 4637
12956 6695 18881 28220 10429
52720 52873
37271 4809 327995
12859 13237
262589 28329 1299
5511 30781 48526
50763 8943
15435 1299
263584
8222 3320
24611 6661
198385 202194 41562
8426 6695
12874 3303 15605
327995
59689 58308 30781
52320 2914
15547
29680
3333 1136
59891 51395
5392
25933 26615
31463 56730 2914
28917 39821 1764 8359
1103 3257
29076 12389
20562 1764
58299
2613 25091
262317 10429
31424 33891
42708 50304 1764
52873 18881
513 6730
57118
4637 1221
41562 15576
12779 1764
41095
2914 12637 47872 4713 9002 51185 8455 20080 25160 4589 1764 29686 8607 1299 7575
553 1764
7738 3320
1299 3320 1273 8943 13237 62567 8218
8607
198249
8732 20764 1764
2497 3257
6695 1764
31025 1764
26615 6762 16397 26615
6762
4608 1221
15576 196621 3303 34288 8758
14361 6461
62567
25160
12389
34177 1764
47872
30844 13237
34288
56730
7575
30781 34019
3320 4809 680 33891 13237 3303
8455
8943
1836
680
13002 20764 25091
8758 20612
48526
8422 1764
20764
1221
49463 13193
286
13101 12586 1764
20080
6461 8218
28220
4589
34019
12637
39821
41497
4713 25152
25152
18881
1273 6667
24482 1764
6720
48166 13237
9304 13237
33891
202194
8359
13193 1764 13193
50304 57381
20932 13237
3549
51185
16397 263075
13237 12654 1764 6661 3257
49605 1764
29140 1764
8596
6661
28329
9002
12586
3303
22652
57381
6730 6730 12654
29686
29608
198290 197264
28138
38930 8283
15605
8218 29222 1764 8218
51395
263075
3257
1136
6667
4809
29222
10429
196621
12654 12654
64396
20612
16347 1764
58308
31122 1764
50620
197264 197264
8283
25091
1764
1280
