#src/zombie.py
# GMT Mon Oct  1 05:14:40 2018
# 
8387 3320 6939 1764 12654
1916 2914
22548 16735
14061 1299
7018 174
34781 13030
8447 3320 6720
53070 10429
37239 4809
29075 58308 16347 3320 50620
5396 3356
701 4134 2497 174 702 7738 1299
8468 6453
3252 702
48039 12586 8596
16735 28138 12956 3549
29680 174
3491 174 28513 3257 12389
30844 13237
35054 3303
35699 174
2895 29076
29691 57118 15576
3356 3356 47872 20932 9002 680 3549 49605 41095 1764 29608 8426 174 25220 15547
51405 24611
1853 1764
58299 174
4777 2497
6830 513 6830 174
13030 31424 1299 1836
9189 8422
30132 12859
202032 1764
45896 174
6453 174
1239 4637 174
12956 18881 174 10429
52720 52873
12859 13237
37497 13237
5511 174 48526
6939 1280 51395 24785 25152
50300 2914
15435 1299
37271 4809 327995
8222 3320
24611 6661
4230 28513 262757
52863 6762
198385 202194 41562
8426
12874 3303 15605
327995
59689 30781
19151 174
15547
59891 51395
3333 1136
20080 2914
5392 174
25933 3549
31463 56730 2914
263321 263584 7738
1103 3257
29076 12389
20562 1764
7575 2914
31424
42708 50304 1299
52873 18881
513
57118
50763 8943
41562 15576
12779 174
41095
2914 12637 2497 30781 9002 8455 25160 6762 174 29686 1764 14361 62567 8607
553 680
7738
1299 1273 8943 8732 13237 4809 6762 174 12350 3320 38930 8218
8607
198249 15576
8732 20764
2497
263584
4637 1221
34177 3320
6762 28329
4608 1221
15576 196621 3303 34288 8758
14361
62567
57821 12586
25160
12389
4589 3257
47872
24785 1136 24785
262757
34288
1764 13101 174 8218
56730
2613 6893
30781
3320 8422 13237 3303 8218 13193 34019
8455
8943
1836
6893 25091
680
13002 20764 25091
8758 20612
48526
8422
20764
1221
49463 13193
28917 174
286 174
13101 12586
12350
25220
28220 3549
34019
12637
39821 9002
41497 174
25152
18881
1273 6667
24482 174
64396 174
9304 3549
202194
13193
50304 57381
20932
3549
51185 174
28513
4134 4809
13237 12654 3257 6661
49605
29140 174
8596
6661 198290 174
28329
9002
6720
12586
22652 3257
57381
174 3257 31122 174
29686
702
29608
198290
28138
38930 8283
15605
8218 8218
51395
3257
1136
6667
4809
29222 3303
10429
196621
12654 12654
20612
16347
58308
31122
50620
8283
25091
3303
1280
