#src/zombie.py
# GMT Mon Oct  1 06:19:01 2018
# 
52873 52720 12956
1916 11537
22548 16735
14061 2914
34177 1103
34781 12859
8447 5413 6720
12654 6939 6730 1103 12859 3333 6830 5413 12956 12779
7575 24490
25160 2603
37239 36937
51185 12859
24611 51405 6661
29075 12859 58308
30844 5413
5396 6762
34288 12859
8468 5413
56730 1103
7018 286
3252 12859
57381 42708
7738 12956 263321
37179 1103 327984
59891 51395
8455 1103
3303 35054 3333
29680 3257
2603 50304 16735 31122 1103 553 14361 20080 62567
1836 20612 1103
6893 2613 6730
43531 12859 8596
35054
680 20965
11537 20965 22388 1251
16347 12859
20932 12859
174 2914 64396 3257 50620
8607 5413
8758 6830 196621
2895 29076
29691 57118 6730
20965 24490 1853 1103
20764 3216
51405
52888 1251
1853
263321 263584
7660 22388 2500
327984
1221 4637 4608
6830
5413 4589 42708 9002 4637 49605 3333 50300 41095 29686
49463 12859
13030 12859 198249 58299
53070 10429
286 3356 29222 19151 1103 6453
30132 1103
19151
6453 36937 2914 5392
25220 12859
28220 12956
9189 6695
12956 10429
34019 12859
12637 12859
39821 9002
41497 3257
25152 6939
12859 31424 198385 12874 15547 6667 2914 13237 6661 3216 6695 31025 8222 25091 9304 29076 28917 1103 48526
35699 2914
8222
64396
9304
36937
6939 51395 47872 202194
29076
48526
41095
50300
15435 1103
52720
37271 327995 1103
24482 1103
4608
6695
50304
47872
52863 4809
3549 3356 28329
3356 2914 29608
8426 1103
3491 3257
202194
12350 1103
31424
29140 3333
59689 8218
13237
51395
8596
15547
6661
3216
28329
24490
57821 12586
3333 6762
6720
12586 31025
4777 2500
20080
22652 3257
5392
25933 6762
58308
6730
29686
58299
1103 513 3257 20562 9002 8283 8218
1251
198290 2914
28138 16735
20562
15605 12874
8218
2613
262317 10429
327995
42708
2500 2500
513
57118
4637
4589
3257 2497
12779
6667
4809 1299
6762 6762
10429
196621
2914 1280 1299
553
20612
1299
16735
198249
2497
263584
31122
50620
22388
31025
198385
9002
8283
25091
29222
29608
49605
1280
14361
12874
28917
62567
