#src/zombie.py
# GMT Mon Oct  1 05:39:46 2018
# 
52873 18881 52720
1916 174
22548 16735
14061 1299
7018 701
34781 13030
8447 3320 6720
53070 10429
37239 4809
29075 58308 1299 50620
5396 3356
6453 701 29686
701 2497 4134 286 6762 174 702 2914 6461 1239 1299
8468 3549
25220 3320
3252 6661 174 702 12654
48039 12586 8596
16735 52320 28138 12956 3549
57821 12586
4589 2914
30844 20764
35054 3303
174 3356 20932 20764 12350 25160 3491 12637 6762 29140 19151 52320 7738 1280 12779 6661 29680 41497 31122 50300 24482 64396 34177 12956 174 28917 29608 13002 35699 8218
35699
2895 3267
29691 57118 15576
3356 3356 30781 3320 3549 51185 8426 22652 3257 12956 5511 41095 2914 14361 1299 680
51405 24611
1853 1764
263321 263584 7738
4777 2497
13030 51395 1299 1836 58299
9189 8422
1764 8218
19151 25152
8220 3320 15547
1239 1257
12956 18881 10429
52720
12859 20764 30132
37497 20764
53067 10429
5511 48526
50300 31463
15435 1299
263584
24482
24611 6661
4230 41095 262757
52863 4809
198385 202194 41562
8426
3491
12874 3303 15605
327995 37271
59689 30781
12350
15547
3216 3216 20764 13101
29680
3333 1257
20080 2914
5392 3549
25933 3549
31463 56730
58299
1103 286
20562 41095
7575 6461
31424 33891
42708 50304 1299
513 6730
57118
50763 8943
41562 15576
12779
10026 4637 41095
41095 12654
2914 3320 9002 8455 62567 8607
553 33891
7738
1299 1273 2603 8943 49605 13237 38930
8607
198249 15576
2497
37271 4809
8218 16347
4637 1221
6762 47872 28329
4608 1221
15576 196621 3303 34288 8758
14361
62567
25160
8943
47872
262757
34288
56730
2613 6893
30781
3320 8222 3303 4809 33891 6730 702 13193 8422
59891 51395
8455
34177
1836
6893 6730
680
13002 25091
8758 20612
48526
8422
20764 12654
1221
49463 13193
28917 39821
286
13101 12586
6461
28220 3549
34019 3303
12637
39821
41497
25152
18881
1273 6667
8222
64396
9304 3549
33891
202194
13193
50304 57381
20932
3549 16397
51185
52320
16397 263075
4134 4809
13237
49605
29140
8596
6661 198290
28329
9002 12654
6720
12586
3303 29222
22652
57381
6730 6730
29686
702
29608
198290
28138
38930 8283
15605
1257
51395
263075
3257
6667
4809
29222
10429
196621
12654
20612
16347
3267 2603
58308
31122
50620
8283
25091
2603
30132
1280
