#src/zombie.py
# GMT Mon Oct  1 04:55:40 2018
# 
1916 52888 174
22548 3549
14061 1299
7018 1299
34781 13030
59891 51395
53070 10429
37239 4809
29075 58308 16347 1299 50620
5396 3356
701 2497 1299 702
8468 3549
25220 29551
3252 702
48039 12586 8596
29551 1299
37179 3257 327984
57821 12586
3491 3356
24785 1136 3356 24785
35054 3356
29467 197264 1299
35699 174
2895 29076
29691 57118 15576
3356 3356 1853 19151 3549 51185 25160 46786 15547 41095 3257 2914 6453 1239 1299 8607 30781 3320 9002 22652 12956 3216 680 174 8359
51405 24611
52888
1853 6720
263321 263584 7738
4777 2497
13030 31424 51395 58299 1299 1836
9189 8422
30132 12859
19151
6453 174 29686 29608 6453 34177 46786 1299
1239 4637
12956 10429
52720 3549
12859 9002
262589 28329 1299
3216 3216 20764
28907 20850 47872
6939 46786 1280 1299 30844
47872 2914 3320 12654
50300 5580 31463
5580 3257
15435 1299
37271 4809 327995
8222 3320
24611 3549
198385 202194 41562
8426 5577
12874 3303 15605
327995
59689 30781
52320 16735 1299
62206 43266 46786
15547
29680 174
3333 1136
20080 6762
5392 3549
25933 3549
31463 56730
58299
1103 286
29076 1299
13237 1299
20562 8455 46786
7575 6461
262317 10429
31424
42708 57381 50304 1299
16735 28138 1299
513 3320
57118
50763 8943
41562 15576
46786 13101 14361 1299 5577
12779 174
41095 13002
2914 3320 9002 1299 4589
553 680
7738 1299
1299 12350 8732 286 4809 6762 3257 6461 20932 3320 1273 8943 62567 174 13193 8422
8607
198249 15576
8732 20764
2497
263584
4637 1221
29222 3320
4608 1221
15576 196621 3303 34288 8758
14361
62567
25160
8943
43266 20850
30844
34288
56730
2613 6893
30781
3320 4809 3320 3303
8455 8283
34177
1836
6893 25091
20850
13002 25091
8758 20612
48526 1273
8422
20764 12654
327984
1221
49463 13193
28917 8359
286
13101 12586
6461 8218
28220 3549
34019 3303
12637 174
39821 9002
41497 174
25152 1273
1273 6667
24482 174
6720
4589
9304 3549
202194
8359
197264 198290 197264
5577
13193
50304
20932
3549
51185
12350
49605 9002
29140 174
8596
28329
9002 12654 3257
12586
22652
57381
174 64396 174
29686
702
29608
198290
28138
15605
8218
51395
3257 31122
1136
6667
4809
6762
10429
196621
12654
64396
20612
16347
58308
31122
50620
680
8283
25091
3303
1280
