#src/zombie.py
# GMT Mon Oct  1 05:32:47 2018
# 
37468 174
50620 174
29691 57118 15576
2857 174
12989 22548 16735 22381
22548
24785 20562 1299
264911 6939
202194 198385
62567 3356
174 701 6762 3356 174 9304 19151 29140 51395 3257 51945 1239 198290 64396 198385 20932 12637 1916 1299 25160 6730 16347 5511 29636 2914 41497 50300 12779 31122 1764
286 1299
12874 3303 15605
198249 15576
28917 1299
22652 3356
8359 20764 3356
198290
56730 51945
41722 9002
2914 8455 4844 4589 20080 7575
8447 6720 6939
15435 1299
34019 3303
12859 6939
1280 1299
513 6730
29608 3356
1299 15685 3356 13030 9009 6939 14061 8943 38930 3320 52320 42708 37271 13193 1273
20080
12956 6762 16735 18881 6939
6777 49605 8426
1257 3333 1239
16347
41497
4844 37989
50300
12586 20676 57821
8218 6461
16735 262757 6939
2497 701
12779 49605 9009 12654 6939
5539 33891 8763
8607 6939
51395 59891
7018 3356
3356 44217 680 6453 3257 49605 6939 3303 9002 30781 15547
37271 37239
37640 6939
8763
15685 6881
49463 13193
51945
43531 8596 6939
37239
3257 6461 49605 1103
47872 44217
6881
52863 6762
44217
12307 57118
8596
48526 5511
18881 52873
12637
15576 8220 196621
34288 9002
1916 1251
37989
262317 6939
58299 6939
23106 52320
680
5511
57821
1103
50763 8943
48166 9002
57118
38930 8283
15605
1251 28571
52320
53067 6939
28571
31424 49605
1273 6667
30781 59689
7575
64396
701 23148
1836 20612 13030
49605 8758 12654 20562 51405 6939 9002 5396
13030
29636
8758
9009
20612
8283
14061
3333
263075 6939
52873 52720
13193
20932
198385
22381 53070
263651 6939
1764 35369
20676 6939
59689
25160
4589
29686 6453
9304
51405
8220 6939
25074 9189 6939
29075 6762
23148 25152
3320 3303
6939 8928 263152 25220 24482 30844 13002 37497 9002 33891 202032 12654
25220
202032
41617 9002
5396
33891 553
6762
8928 29680
25091 13002 6893
59891
2613 6893
263152
20562
553
25152
29680
19151
42708 50304 57381
50304
8455
1239
196621
29140
6720
30844
9189
13002
6667
24482
8426
37497
6730 6730
9002 9002
6453
262757
52720
35369
8943
6461
53070
57381
20764
3303
6893
12654
31122
15547
