#src/zombie.py
# GMT Mon Oct  1 04:04:44 2018
# 
1916 25933 14840 22548 6939 174 12654 262757 28138 28220 28329 263584
22548
14061 1299
7018 3356
34781 13030
4637 1221 1239
8447 3320 6720
2914 3356 47872 9002 50300 8455 20080 34177 6762 29686 14361 8607 16347
53070 12654
37239 4809
553 680
24611 51405 6661
29075 58308 174
30844 6939
31424 33891
8220 3320 15547
701 4134 3356 2497 174 1280 23148
8468 3549
25220 3320
20932 174
2613 25091
57381 50304
30781 5511 59689
3320 3356 6762 1764 3303 33891 8222 13193
16735 4809
59891 51395
8455
3303 29222 15576 34019
8943 1299 50763
1836 13030
50300 31463 174
35054 3549
680 174
16347
3252 174
6730 513 174 6730
13002 20764 25091
8607
35699 174
2895 3267
48526 5511
8422 9189 1299
20764 8732
51405
1853 1764
28917 3356
4777 2497
1221 4608
1103 286
49463 13193
39821 9002
25160 174
286 1136 3356
13101 12586 174
1764
19151 174
6453 3356 8426
6461 7575 3356 8218
28220
1239 3356
23148 25152
34019
13030 1299 58299
52720 4809
25152
12859 30132 3257
8758 20612 196621 15576
8222
6720
4589 3257
9304 174
5511 3356
9189
6939 51395 3356
202194 198385
29691 15576
41095 3356
1273 6667 1299
15435 1299
37271 4809 327995
24482 174
13193
50304 42708
47872
262757
52863 4809 6762 12654
3549 3356
8426
3491 3356
34288 15576
4134 4809
13237 1299
49605 1299
29140 174
59689
12350 174
51395
8596 48039
15547
6661 198290 174
14840
28329
29680 174
3333 1136
12586 48039
20080
22652 3356
56730 31463
25933
58308
31463
33891
174 3356 3257 12779 50620 64396 3267 174 29608 38930
29686
58299
29608
198290
28138
38930 8283
8218
7575
327995
42708 1299
48039
513
57118 196621
50763
41562 198385 15576
3257 3356 31122
12779
8732 1299
6667
4809 3356 4809
6762 3356
3356 1299
12654
196621 15576
64396
20612
1299 62567
34177
198249 15576
1136
2497
263584
31122
50620
198385
9002
8283
25091
3267
29222
4608
15576
30132
1280
14361
62567
