#src/zombie.py
# GMT Mon Oct  1 05:49:19 2018
# 
1916 52888 28571 2914
9189 25074
7018 174
34781 13030
8447 6939 6720
30844 20764
51945 56730 1299
25160 174
12389 1299 48166
37239 37271
24611 51405 3549
37989 4844
1836 13030 20612
5396 6939
8426 6939
34288 15576
25220 1299
20932 1299
2613 6893
21320 174 1853
30781 2914 59689
16735 52320 12989
59891 51395
1239 174 1257
8455 1299
3549 3356 52720
57821 12586
263152 6939
8763 5539
6893 25091
680 3356
29467 197264 1299
14061 1299
25074 1299
6730 513 6730 1299
13002 174 20485 25091
8607 6939
8758 6939
48526 1299
29636 174
3356 20764 6939 174 2914 6453 701
8365 2857 1299
52888
1853
28917 1299
29075 1299
8943 1299 50763
29608 6939
49463 13193
53070 12989
286 174 1103
6881 15685
1764 8596 2914
202032 6939
19151 174 25152
29691 15576
6453 29686
6461 174 8218
4844 2914
34019 13193
13030 51395 58299 35369 1299
15685 1299
41497 174
25152
12859 6939
50300 31463
24482 4657
6720
48166
9304 174
31463 6939
33891 1299 5539
202194 198385
12989
12654 20764
50763
15435 1299
52720
8218 16347
8928 1299
13193 1299
50304 57381 42708
47872 44217
52863 6939
20764 6939 174 20764
64396 174
35369
51405
12874 15605 1299
49605 1299
29140 2914
59689
52320 2914
51395
8596
15547 1299
4657 6939
264911 6939
28329 6939
20676 12586 1299
3333 1257
20485 1299
12586
20080 2914
22652 1299
56730
57381
263075 6939
44217 1299
6939 262317 31424 57118 37640 7575 50620
174 198385 3257 12779 6667 6762 2914 1299 29680
29686
58299
1103
198290 197264
38930 8283 1299
15605
1257
7575
262317
31424
42708 1299
1273 1299
5539
513
57118
4589 2914
3257
12779
6667
701 2497
37640
196621 15576
2914 9002
553 1299
20612
1299 31122 62567 15576 1280 37271
16347
198249 15576
2497
37271
29680
31122
50620
197264
198385
9002
8283
25091
6762
28571
15576
1280
2857
62567
