#src/zombie.py
# GMT Mon Oct  1 04:57:51 2018
# 
263584 263321
16685 22356 16685 4230
6762 2914 61568 20080 57111
6720 1853
35699 174
22356 28634
15605 12874
14907 38930
29075 15576 174
12307 39540
3333 12859
1103 286
20612 1836
29226 2895 20485
8167 7738 25933
3491 2497 28513
22652 1299
3356 8426 2497 3549 6730 5396 553 8896
680 1299
49605 9002
3549 52873
29686 6453
4230 28513
6939 2497 63297 1280 51395 13760 1299 701
20932 174
37468 52720 174
47692 33891
8758 15576 196621
8896
28634
29222 3303
39392 33891 29504
51405 24611
20485 2497
12654 2497
25160 174
1273 6667 1299
38001 2914
39351 42708
29680 174
8220 3320 15547
513 174
12874 3303
52873
8607 2914
327782 37100 327960
39821 28917
34177 174
28917 174
33891 3320
5392 174
196621
9304 174
56730 31463
15576 29691 198385 21232 34288 198249
1221 4637 4608
4608
61568 263321
43578 1299
6461 2914 7575
6667
23106 52320
23148 25152 701
4766 64050 174
25091 2914
3257 2497 12859
30781 2914 59689
3252 174
35054 3303
198290 6661
1299 8943 2497 40191 8455 13237 4637 37100 1299 15435 14061 49375 12586 13030 50304 42708 5400
1764 8218 1853
198385 202194
40191 395766
31463 50300
12859 30132
38930 8283 174
53070 10429
21232
2895
1251 52888 20080
37100
286 2914
8943 50763
25933
16735 2497 262757 174
31742 174
4777 2516
39540 57118
8222 3320
59414 13030
14061
3320 2497 47147 701 3303 25220
51395 59891
12779 174
5400 2110
58299 13030
13760
263321
29691 57118
553
59689
37497 174
12637 174
62663 7738 174
395152 63297
52720
25220
16347 8218
25227 12389
174 41497 37271 19151 51185 20764 29140 12350 24482 174 701 6661 1916 8218 12389 50877 52320 25512 2914 64463 50300
20764 41722
8426
20080
9002 2497 2914
202194
2914 2497 7018 15562 2914 6453 701
50304
42708
4637
50763
63297
8455
50877
25152
2516 2497
49463 8218
7738
6730 6893
7018
15562
52888
5511 48526 701
6881 25512
198249
24611 6661
701 2497 701 12956
59891
47147
5396
48526
13237
57821 12586
12956 28220 10429
1916
37271
41095 2497
51185
31424 13030
6893 2613
3303 2497
49375
28220
24482
30132
327960
8283
8218 35369
12389
262757
15547
395766
2110 39122
6453 2497 30844
64463
50300
41497
13030 2497 1836
1853
64050
12586
57118
19151
12350
7575
34288
30844
35369
25512
39122
52863 52320
2497 6661
41722
15435
1280
29140
57111
2613
52320
1836
10429
28513
6661
29504
