#src/zombie.py
# GMT Mon Oct  1 05:56:32 2018
# 
29608 174
50620 6939
29691 13030
24611 3549 51405
12989 22548 16735 53070
264911 6939
57821 12586
62567 2914
29208 15685 2914
174 6762 64396 3356 12956 6453 29680 51395 286 3257 20932 41497 1299 24482 25160 6730 680 9304 29075 12637 198385 12779 31122
43100 9002
286 10026 12654 1103
12874 3303 15605
198249 13030
28917 6939
15685 6881
9002 3356 49605 37271 12654 2914
56730 31463
41722 20764
2914 4844 16347 19151 29140 25220 31133 1916 2497 1299 8365 1280 29636 20080 29686 31463 8943 4589 6661 30781 8607 7575
15435 1299
8455 8283 13030
12859 6939
1280
513 6730
37497 6939
31133 31261
20080 1251
12956 16735 18881 10429
31463 50300 21396
15547 6939
1257 3333 1239
41497
50300
12586 6939
8218 6461
16735
2497
12779
5539 8763 21385
8607
51395 59891
7018 3356
3356 6762 1299 680 553 5511 3549 1239 6939 21320
37271 37239
4844 37989
8763
49463 13193
6939 6762 31424 13030 37640 8758 263152 263075 202032 31025 30844 263651 1299 262317 8426 4230 5396 21385 12654
6661 198290
29140
25074 9189 61157
42708 1299 50304 57381
3257 1299 22652
9189
2857 8365
6881
52863 6762
262317
8596 48039
48526 5511
18881 52873
12637
15576 6772 196621
34019 3303
34288 13030
1916
37989
50304
58299 13030
23106 10429
5511
1103
21396 6762
50763 8943
34781 13030
31261 41617
20612 1836
15605
1251 28571
22548
28571
14061 1299
31424
1273 6667 1299
30781 59689
7575
64396
1836 13030
49605
13030 1299 6772 35369 12654
1853 21320 6720
8758
16347
8283
41617
3333
8732 20764 1299
8928 10026
3549 28329
8365
263075
198290
13193 3320
20932
37640
263651
52720 52873
59689
25160
61157 3320
4589
29686
9304
51405
29636
29075 198385
28329
3320 6762 1299 3303
21385
25220
202032
21320
5396
6762 1299 12654
6893 25091 2613
25091 13002
59891
2613
10026
263152
198385 202194
553
22652
25152 19151
29680
19151
53067 10429
1299 6461
1239
8426
196621
31025 48039
6720
30844
202194
13002 20764
6667
24482
48039
4230 262757
6730 6730
680 680 12654
6772
6453
262757
31122
35369
8943
6461
53070
57381
20764
3303
52873
12654
37239
10429
