#src/zombie.py
# GMT Mon Oct  1 06:03:37 2018
# 
263584 263321
16685 22356 16685 4230
6762 52863 20080 50877 31463 4134 174 1299 3356 6939
6720 8447
22356 28634
15605 12874
29075 15576 5511 1299
12307 39540
3333 12859
1103 3257
22381 53070 4809
20612 1836
29226 52320 2895
8167 7738 25933
3491 64050 7738 174 38001
22652 3356
3356 33891 37468 8455 14061 37497 8896 41095 51185 14007 15576 6730 25220 16347 174 34177 25160 8359 8426 8220 25091 49605 3356 680 8607 30781 3549 9002 5396 1836 5400 1299 20932
680
49605
3549 28220 16735 52873 9304 52720 174 5392 28513
4809 4134
29686 2914
4230 28513
6939 15685 13760 51395 25152 1280 1299
20932
31424 33891
53067 1916
47692 33891
8758 15576
8896
28634
29222 3303
39392 3257 29504
51405 24611
35699 2914
12654 52720 52863 1916
25160
1273 6667 12389 1299
8359 20764 28917
38001
39351 42708
29680 8220
8220 52320 15547
513 6730
12874 3303
52873
8607
327782 37100 327960
39821 9002
264911 1916
34177
28917
5392
196621 15576
9304
56730 31463
15576 29691 198385 21232 198249 34288
1221 4637 4608
4608
20562 6461
61568 263321 18881
43578 1299
6461 52320 7575 174 8218
6667
263152 1916
23106 52320
29504
25091
6893 2613 6730
3257 12586 174
30781 59689
3252 174
35054 3303
198290 6661
1299 553 13030 37271 38930 15435 12350 6453 174 49375 8447 8943 13237 52320 2914 50304 42708 4637
33891
198385 202194
40191 174 395766
31463
12859 52320 30132
38930 8283
53070
21232
14840 52863
1251 52888 20080
174 41497 7018 12637 37100 19151 6730 12779 5511 3303 286 24482 701 31742 6661 1916 3320 52320 2914 58299 64463
286
8943 8943 50763
2895
16735
31742
13237
39540 57118
8222 3320
59414 13030
13193 13193 3320 49463
14061
3320 3303 47147
51395 59891
12779
5400 2110
58299
13760
263321
12350
29691 57118
553
59689
37497
12637
262317 1916
395152 14007
263075 1916
52720 18881
25220
16347
25227 12389
20764 41722
8426
20080
9002
202194
2914 15562 29140 52320 35369 50300
50304
42708
4637
50763
30132
50877
25152
25933
49463
15435
6730 6730
7018
15562
52888
5511 48526
6881 15685
198249
24611 6661
701 2497
59891
4134
47147
263651 52863
5396
48526
4777 2497
57821 12586
1916 262757 263508 1916
37271
41095
51185
37468
24482
3303
49375
28220
19151
8455
327960
8283
8218
12389
262757
15547
395766
2110 39122
6453
64463
50300
41497
13030
64050
12586
57118
37100
7575
34288
30844 52320
14007
15685
35369
8447
39122
52863 52320
2497
41722
7738
1280
29140
57111 52320
2613
263508
52320 6661
1836
28513
6661
18881
