#src/zombie.py
# GMT Mon Oct  1 05:28:34 2018
# 
37468 174
50620 6939
59689 6939
2857 6939
8447 6720 6939
37640 6939
22548 16735
24785 20562 1299
264911 6939
57821 6939
62567 6939
174 64396 3356 1299 2914 25160 29636 29608 12779 19151 12637
58299 6939
12874 15605 6939
198249 6939
28917 6939
22652 6939
198290 6939
56730 51945
41722 20764
33891 9002 553
2914 1299 12654 3320
15435 6939
1299 7018 286 3356 6461 37271 680 1273
12859 6939
1280 6939
513 6730
29608
31133 31261 6939
20080 6939
16347 6939
15547 6939
1257 3333 1239
41497 6939
50300 6939
8218 6461
16735 262757 4809 6939
2497 701
12779
8607 3356 12654 6939
3320 3303
13002 20764 25091
3356 6762 48166 3257 701 6939 6453 9002
37271
4844 37989 6939
8763 13237
49463 6939
51945 6939
43531 8596 9002
3257 4589 1103
47872 6939
6881 6939
52863 4809
13237 9002
8596
48526 6939
18881 52873 12956
12637
15576 8220 196621
34019 3303
34288 13030
37989
50304 6939
286
23106 52320
680
1103
50763 6939
48166
57118 12307 6939
20612 6939
1251 28571 6939
52320 6939
53067 6939
1273 6667
7575 6939
64396
701
1836 13030
49605 6939
13030 35369 8455 6939 59414
29691 6939
8758 6939
12956 10429 6939
8283 8455
14061 6939
3333
8928 29680 9002
263075 6939
52873 52720
20932 6939
198385 6939
59414
263651 6939
52720
202194 6939
25160
262317 6939
4589
29686 6939
9304 6939
51405 6939
8220 9002
29636
29075 6939
31261 41617
1916 6939
6939 37497 37239 202032 9189 59891 2613 263152 57381 25152 29140 20764 1239 30844 8426 6730 12654 31122 5396 31424 9002
25220 9002
202032
41617
5396
4809
6762
31424
25091
59891
2613
263152
20562 9002
553
25152
29680
15605
28571
8455
1239
12307
196621
29140
6720
30844
9189
7018
6667
24482 9002
8426
6730 6730
9002 12654
6453
262757
31122
35369
37497
6461
53070 10429
57381
20764 20764
3303
19151
12654
37239
10429
