#src/zombie.py
# GMT Mon Oct  1 04:38:29 2018
# 
57821 12586
1916 2914
14061 1299
7018 2914
34781 13030
8447 6939 6720
30844 6939
25074 6939 9189
25160 174
2603 21320 2497
37989 4844
1836 13030 20612
701 1280 2914
6461 2914 8218
20932 174
2613 6893
21320 1853
6772 13030 15576
3320 48039 2497
16735 12956 12989
59891 51395
12713 1273 47872
8455 13030 8283
25512 6881 1299
29680 174
263152 6939
8763 5539
6893 25091
680 553 3356 680 174
8426 3356
37239 37271
174 41497 31122 24482 174 64396 12779 9304 6730 19151 2914 29140 6661 2857 48526 29636
13002 20764 25091
16347 8218
48526
29636
3356 8732 3549 2497 21385 20676 9002 37271 22652
51405 6939
52888 1251
1853
28917 1299
29075 6939
8943 1299 50763
29608 6453
49463 13193
20676 12586
53070 12989
286 1103 2914
34288 13030
202032 6939
19151
29691 13030
6453 6453 2497 29686 2914
25220 29551
29551 1299
4844 2914
12956 6939
34019 3303
13030 198249 2497 35369 58299 51395
41497
25152 1273
12859 2914 3257 3333
1273 1299 6667
24482
64396
9304
6939 198385 262317 52863 263075 1251 28329 15547 37640 50304 8607 7575 264911 2497 50620 50300
202194 198385
12989
50300 5580 31463
5580 1299
15435 1299
52720 3549
37271
8928 10026
13193 1299
50304 57381
47872
52863
20764 8732
6720
12874 3303 15605
49605 3257
29140
59689 30781
51395
25091
15547
2914 2497 20080 3257 1299 6762 2914
6661 198290
264911
28329
8596 48039
9002
3333
12586
20080
22652
56730 31463
57381
263075
31463
9189
35369
29686
58299
1103
1251 28571
198290
15605
8218
3549
7575
262317
42708 1299
48039
5539 21385
513 6730
57118 196621
50763
4589 2497
3257
12779
8732
6667
10026 1299
37640
196621 15576
12654 2497
553
20612
1299 62567
8607
198249
2497 30781 3303
6881
31122
50620
30781
198385
21385
8283
6730 6730
6762
28571
15576
3303
1280
2857
62567
