#src/zombie.py
# GMT Mon Oct  1 04:25:04 2018
# 
29608 6939
50620 6939
2857 6939
12989 23106 53070 6939
37640 6939
59689 6939
24785 8763 6939
264911 6939
57821 6939
62567 6939
174 6762 64396 1836 1299 37271 25160 29636 3356 19151 286 3257 6461 701 12779 2914
43100 49605
58299 6939
198249 6939
28917 6939
22652 6939
9002 2914
56730 51945
2914 4589
8447 6720 6939
15435 6939
8455 6939
12859 6939
1280 6939
513 6730
37497 6939
31133 31261 6939
20080 6939
12956 52873 6939
15547 6939
12637 49605 12654 6939
50300 49605
8218 6461
16735 22548 262757 6939
2497 701
12779 31424 3257 12654 3333
8607 6939
13002 20764 25091
3356 680 49605
37271
4844 37989 6939
8763
49463 49605
4657 24482 6939
51945 6939
29140 6939
3257
47872 6939
6881 6939
202032 49605
262317 6939
8596 1764
48526 6939
41497 49605
15576 6939 196621
34019 6939
34288 6939
15605 12654
37989
50304 6939
286
23106
1103 49605
50763 6939
34781 13030
31261 41617
20612 6939
1251 28571 6939
22548
1273 6667 1299 6939
7575 6939
64396
701
1836
49605 16347 8283 51405 29075 198290 6939 12654
13030 1299
8758 6939
16347
8283
14061 6939
3333
8928 10026
263075 6939
198290
20932 6939
41617
263651 6939
52720 52873
202194 6939
25160
4589
29686 6939
9304 6939
51405
29636
29075
28329 6939
1916 6939
6939 25220 5396 9189 29680 59891 2613 10026 263152 198385 25152 53067 30844 7018 8426 6730 6453 31122 57381 20764 12654 37239 1764
25220
52863 6762
5396
6762
31424
25091
59891
2613
10026
263152
198385
57381
25152
29680
19151
28571
1299
196621
53067
6720
30844
9189
7018
6667
24482
8426
6730 6730
680 553
6453
262757
31122
35369 1764
6461
53070
553
20764 20764
52873
12654
37239
1764
