#src/zombie.py
# GMT Mon Oct  1 04:33:33 2018
# 
37468 37239 174
24611 29608 51405
8447 6720 3320
59689 30781
57821 12586
13002 20764 25091
198249 13030
28917 8359
22652 1299
198290 6661
34177 3356
8455 2914
48039 12586 8596
25074 9189 61157
20080 6762 1251
13101 12586 42708
50300 50304
8218 49463 174
16735 22548 262757 52320 12956
12779 174
8607 2914
30132 12859
37271 327995 1299
7738 701 263321 8167 1239
12654 29608 50304
9044 59622 20612
3257 29680 1299 1103
47872 29608
263584 263321
41497 174
15576 34288 3356 29691 8758 196621
51185 3356
286 1299
23106 10429
50763 8943
28329 6762
38930 1299 8283
52320 50304
22548
30781 3356
2895 3267
4777 2497
64396 174
701 1299 23148 3320 1280 5511 2497
20562 42708
47176 25435 174
8758
41722 20764
3216 31261 1273
3333 42708
8732 20764 1299
3549 3356 5392 52720
4637 5511 1221
41617 31261
37100 327782 2914
2613 6893
25160 50304
9304 174
59414 6830
29075 198385 1299 174
23148 25152
1916 174
198385 202194
52863 6762
6893 25091
25091
59891 51395
25152
29680
15605 12874
34019 3303
1239 1299
25435
9189
7018 1299
327782 327960
8426 3356
1273 1299
5392
4608 1221
53070 22381
57381 50304
20764 25227
3303 12874 3320
7575 6461
37239
15547 8220
29691
25933 8167
3252 174
59622 6830
58299 13030
12874
174 12637 49605 3267 19151 29140 51395 174 48526 1299 24482 5511 6661
43100 29608
3491 1299
8359 3356
45896 3356
56730 50304
61157 3320
2914 62567 16347 29686 35699 42708 1299 4589 13237 9002 2497
15435 1299
1299 6762 3356 12956 5511 14061 13030 1299 50304 680 4134 6453 8943 6461 3320 42708 6830
12859 42708 50304
1280
37497 50304
16347
3267
8167
12586 31025
263321
6830
51395
262757
3356 8222 14361 5511 41095 553 9002 5396
4134 4809
49463
29140
327995
13237
8596
48526
12637
2497
34288
50304 50304 42708 30844
28220 12956
1221
1103
34781 13030
31261
1251 52888
42708 6667 42708 31025
9002 39821
62567
49605
13030 1836 29608 31424
12956 10429
20612
8283
14061
41095
202194
327960
29686
51405
8220 3320
3320 25220
25220
29608 5511
6661
52888
5396
8222
6762
31424
35699
25227
5511
553
19151
39821
196621
31025
6720
30844
1836
6667
24482
14361
680
6453
8943 8943
6461
4809 22381
4589
22381
52720
10429
