#src/zombie.py
# GMT Mon Oct  1 05:15:24 2018
# 
37468 6453
50620 174
2857 174
12989 53070 6939
264911 6939
57821 12586
62567 3356
24611 3549 51405
174 64396 3356 198385 553 29680 174 286 1239 198290 29140 48526 12637 6667 15435 31133 24482 41497 1280 513 20932 48039 9304 2914 29075 1916 52320 20764 19151 12779
43100 20764
286
12874 3303 15605
198249 13030
28917 1299
22652 3356
198290
41722 20485
2914 3356 4844 16347 20080 7575
20485 13002 9002
15435
1299 8928 3356 13030 680 14061 8732 8943 38930 3320 42708 16735 1273
12859 6939
1280
513
29608 3356
31133 31261
20080
16347
1257 3333 1239
41497
50300 3356
12586 20676
8218 6461
16735 22548
2497 701
12779
5539 8763 21385
9189 6939
3356 6762 701 20676 49605 44217 12956 6939 25220 3257 15576 9002 6453 3549 6461 20764 1853 15547
37271 37239 6939
4844 37989
8763
49463 13193
21385 6939
3333
15685 6881 6939
3257 4589 1103
47872 44217
6881
52863 6762
44217
262317 6939
8596 48039
48526
18881 52873 12956
12637
15576 196621
34019 3303
34288 13030
29140
37989
50304 42708
58299 6939
23106 52320
680
5511 30781 6939
1103
50763 8943
34781 13030
31261 41617
38930 8283
15605
1251 28571 1916
52320
42708 57381
28571
9002 12654 30844 8758
30781 59689
7575
64396
701
1836 20612 13030
49605
13030 35369 8455
1853 6720
8758
31424 6939
20612
8283
14061
25091 13002 6893
8732 20764
8928
3549 28329
263075 6939
12956
13193 3320
20932
37640 6939
263651 6939
59689
4589
29686 6453
9304
51405
29075
28329
3320 6939 3303
6939 262757 263152 53067 8426 37497 59891 202032 12654 5396
25220
202032
41617
5396
6762
6893 2613
29680
59891
2613
263152
198385 202194
553
25152 19151
19151
22548
8455
1239
196621
53067
20676
6720
30844
202194
13002
6667
24482
48039
37497
1273
12654 20764
8426
6453
262757
52720 52873
35369
8943
6461
53070
57381
20764
3303
52873
1916
37239
15547
