#src/zombie.py
# GMT Mon Oct  1 06:12:40 2018
# 
52873 18881 52720
1916 174
22548 16735
14061 1299
7018 174
34781 13030
8447 3320 6720
53070 10429
37239 4809
29075 5511 58308 174 50620
5396 3356
6453 3356
701 3356 1280 2497 702
8468 3549
25220 29551
3252 702
48039 12586 8596
29551 31025
16735 52320 1299 12956 28138
57821 12586
3491 28513 2914
30844 20764
35054 3303
174 20764 20932 3356 49463 25160 12779 12350 19151 2914 52320 1299 6661 12637 41497 24482 174 64396 5392 9304 6730 29140 38930 35699
35699
2895 20764
29691 57118 15576
3356 3549 6461 3257 4134 286 41095 2914 1239 12956 8607 3320 9002 22652 1299 5511 6762 29608 14361
51405 24611
1853 1764
263321 263584 7738
4777 2497
13030 20764 51395 58299 1299 1836
9189 8422
30132 12859
19151 25152
8220 5511 15547
1239 4637
12956 18881 28220 10429
52720
12859 20764
3216 8732 28917
5511 30781 48526
50300 20764
15435 1299
37271 4809 327995 9002
24482
24611 6661
4230 28513 262757
52863 4809
198385 202194 41562
8426 20764
12874 3303 15605
327995
59689 30781
12350
15547
29680 3257
3333 1136
20080 2914
5392
25933 3549
31463 56730 2914
58299
1103 286
20562 20764
2613 6893
262317 10429
31424 33891
42708 50304 1299
513 6730
57118
50763 8943
41562 15576
12779
41095
2914 7575 47872 29686 9002 8455 4589
553 680
7738 3320
1299 31122 1273 8943 8359 62567
8607
198249 15576
1136 24785
2497
263584
4637 1221
31025 20764
26615 6762 16397
6762
15576 196621 3303 34288 8758
14361
62567
25160
12389 8732 4809
8943
47872 3549 12654 3320
24785 1273 24785
262757
34288
56730
7575
30781
3320 33891 13237 3303 8222 680 8422
59891 51395
8455
34177 20764
20485 8732 13002
6893 25091
680
13002 25091
8758 20612
48526
8422
20764 20764 8732 51185 13101 49605 16347 12654 1764 8359 6661
1221 4608
28513
49463
28917 8732 39821
286
13101 12586
6461 8218
28220
34019 3303
12637
39821
41497
25152
18881
1273 6667
8222
6720
4589
9304
33891
202194
8359
4608
50304 57381
20932
3549
51185
52320
16397 263075
4134 4809
13237
49605
29140
8596
6661 198290
9002 12654
12586
3303 29222
22652
57381
6730 6730
29686
702
29608
198290
28138
38930 8283
15605
8218
1836
51395
263075
3257
8732
6667
4809
29222
10429
196621
12654
64396
20612
16347
58308
31122
50620
8283
25091
1764
1280
