#src/zombie.py
# GMT Mon Oct  1 04:29:21 2018
# 
328206 328145
6762 60501 174 30844 41497 31463
6720 1853
15605 12874
14907 13030
29075 34019 6453 1299
202032 6939
3333 12859
1103 286
22381 53070 16735
20612 1836
4657 38001 3491
6894 2516
3491 22356 174
22652 3356
3356 8426 8896 49605 20764 15576 6774 30781 3549 15547 29608 20676 174 4230 6939
29608
680 1299
8365 2914 2857
49605
3549 22548 16735 52720 52873 263702
20495 8455
29686 6453
4230 262757
20932 9002
8732 20764 20485
31424 6939
53067 6939
47692 33891
205206 42525
8896
28634 22356
39392 33891 29504
29140 2914
20485 41722
12654 20764 41722
1273 6667 1299
38001
198290 6661
29680 3257
513 6939
12874 3303
52873
62240 136620 1299
8607 6939
28571 1251
20676 12586
28917 1299
263702
136620 136620 59891
196621 15576
31133 20764
56730 31463
15576
6461 174 8218 7575
35266 2914
29208 6881 2914
263152 6939
23106 52320
34019
25091 2914
29636 2914
3257 31122 31742 174 9304
30781 59689
4844 2914 37989
39351 42708
13101 34549 9002
1299 15435 14061 8943 42708 50304 174
33891 553 3320
198385 174
29551 25220 3320
50620 6939
31463 50300
12859 9002
53070
21232 13030
1251 1916
174 37468 21320 7018 25160 19151 701 1916 20764 3320 50877 48526 2914 286 6453 64463
6939 16735 13030 1280 20764 2613 6939
8943 50763
59891
16735 52320 266534
31742
1916 52888
59414 13030 12307
13193 3320 49463
14061
3320 47147 42525 3303 6661
12779 2914
5400 2914 2110
58299 13030
25160
29691 13030
42525
553
59689
60501
12637 2914
266534
52720
25220
16347 2914
45896 9002
9304
20764 41722 57111
8426
6774 328145
20080 2914
9002 41722 2914 8758 37271
50877
2914 15562
50304 57381
42708
286
50763
8455 8283 13030
202194 13030
25152 19151
2516 701
49463
57821 12586
29504
7018
15562
52888
328145
6881
198249 13030
31122
701 2497
21320 1853
47147
48526
4777 2497
34549
37271 37239 6453
37468
22356
3303
37239
19151
8283
8218
12307
6667
262757
15547
2110 39122
6453 24482
8758
64463
50300
41497
13030 34288 1836 35369
1853
12586
24482
22548
57381
7575
34288
30844
35369
39122
52863 52320
2497
37989
41722
15435
1280
57111
2613
52320
1836
2857
6661
