#src/zombie.py
# GMT Mon Oct  1 05:45:12 2018
# 
263321 263584 28329
7018 174
6720 1853
15605 3356
14907 1299
29075 1299
202032 47692
3333 1103
1103 3257
22381 53070 2914
57866 8283 6453
6894 2516
8167 7738 25933
3491 174
22652 3257
3356 33891 8455 1853 51185 56730 8896 41095 2516 29222 6730 174 35054 39122 15576 24611 8220 20764 8426 49605 3549 15547 1836 34177
29608 57111
8928 3257 29680
49605
3549 28220 22548 52873 52720 263702 5392 23106
29686 2914
20932 1299
31424 3257
47692 33891 12654
205206 42525
8896
28634 22356
29222
34549 1299
51405 24611
12552 39351 1299
35699 2914
12654 12779 25220 5413 57111
38001 174
198290 2914
29680
8220 8758
5392
52873
8607 2914
327782 37100 327960
39351
39821 9002
34177
28917 47441 1299
263702
42525 1299
513 6730
196621 15576
9304 3257
4637 1221 1299
15576 29691 198385 21232 3257
1221 4608
4608
47441
20562 12779
43578 1299
6461 1280 174 8218
20612 1836
23106
3267 2895 1299 3267
25091 2914
6893 2613 6730
3257 41497 12586 12637 31742 7738 29140 3252 5396 174 6667
3252
35054
15935 29504 1299
1299 40191 13030 34288 15435 12350 174 25220 553 6939 8943 16735 30132 15685 8222 1299 680 47147 52320 48526 50304 13760
33891
198385
40191 395766
51395 59891 6939
12859 2914
28929 12779
53070
21232
2895
1251 52888 20080
174 14007 3320 12779 2914 6453 64463
25160 2914
8943 50763
25933
16735 262757 266534
31742
13237 2914
8222
59414 13030 12307
5413
3320 25220 701 6762
12779
35369 2914
58299 13030
13760
12350
263584
553
59689 8218
37497 2914
12637
266534
395152 14007
52720
25220
16347 2914
25227 9002
29691
680
20764 41722
8426
20080 2914
9002 2914
202194 6939
2914 28329 64050 37271 7575 15562 30844 2497 19151 1916 50300
6939 25152
56730
286 701
50763
8455
50877 6762
25152
2516
49463 8218
7738
29504
6762
15562
52888
6881 15685
198249 13030
50304
24611
701
59891
15435
47147
5396
48526
4777 2497
14061 6453
1916
37271
41095
51185
37468 6453
22356 6453
28220 28220
19151
30132
327960
8283
8218
12307
6667
262757
15547
395766
6453 6453 24482 37100
8758
64463
50300
28329
41497
13030
1853
64050
12586 57821
24482
22548
37100
7575
34288
30844
14007
15685
39122
52863 52320
2497
41722
57821
1280
29140
57111
2613
52320
1836
6730 6730
