#src/zombie.py
# GMT Mon Oct  1 04:58:42 2018
# 
29691 13030
328206 328145
7575 2914
59689 30781
6720 1853
34288 13030
262317 6939
59414 13030 12307
15605 12874
553 1299
29075 1299
12307
3333 1257
52888 1916
22381 53070 12989
20612 1836
16347 2914
45896 9002
2857 8365
8426 3356
12654 12779 6939 9002 47692 57111
3491 22356 174 4657
22652 3356
49605 9002
5511 48526 174
34019 3303
20764 8732 41722
3356 15576 33891 30781 3549 15547 9002 12586 174 29608
29608
680 1299
8365 2914
20080 2914 1251
3549 16735 52873 263702
9002 2914 8758
20495 8455
29686 2914
15547
2914 2497 29140 25091 1280 1916 29636 4844 15562 25220 174
50304 42708 57381
42708 1299 39351
56730 31463
6939 328145 13030 8607 47692 12859 202032 57111 22548 51405 264911 37640 5396 12779
6661 198290 3320
8732 1299
37468 1299
8455 8283 13030
47692 33891 31424 64463 20932
8758
50877 174
25152 23148
59891 136620
49463 13193
21232 13030
39392 3257 29504
51405
6730 513 174 6730
7018 174
15562
1103 3257
328145
43100 57111
6881 25512
198249 13030
701 23148 2497 174
31122 3257
38001 4657
39351
1257 1239
1273 6667 1299
513
21320 174 1853
52873 52720
62240 136620 1299
8607
6762 31463 174 37271 41497 30844
37640
5396
22356 28634
48526
20932
4777 2497
28917 1299
57821 12586
263702
136620 136620
196621 15576
9304 3257
12637 3257
12874 3303
1916
37271 37239 174
202194 13030
15576 198385
52720
31424
264911
198385
6461 174 8218
3303 3320
6667
2110 39122 5400
23106 52320
23148
37239
24482 174
25220
25512 1299
25091
47147 3320
1239 174
50620 174
8218
202032
4657
3257 31742 174
30781
4844 37989
3320 174
198290
6453 174
1299 8943 14061 15435 13193 16735 5400 174
64463
50300 31463
33891
29636
8896 174
41497
13030 58299 1836 35369
1853
12586 12586
31463
28571 1251
50763 8943
12859
29680 174
22548
53070
19151 174
57381
28634
12779 2613 57111 12779 174
30844
1251
174 25160 286
5400
286
39122
8943
2497
16735 52320 12989 263508
37989
41722
15435
31742
1280
29140
57111
13193
12989
14061
2613
263508
52320
1836
35369
58299
8283
25160
29504
