#src/zombie.py
# GMT Mon Oct  1 04:53:00 2018
# 
1916 52888 2914
14061 2914
7018 174
34781 13030
8447 6762 6720
2914 2497 9002 20080 5511 174 29686 12654 29140 25220 4844 29636
25160 174
12389 6762 48166
37239 37271
37989 4844
1836 13030 20612
5396 6939
701 3356 1280
6461 7575 174 8218
20932 6939
2613 6893
21320 174 1853
30781 5511 34019 59689
3320 6453 8422
16735 12956
59891 51395
1239 1299 1257
8455 13030 8283
25512 6881 174
57821 12586
263152 10429
8763 5539
6893 25091
680 553 3356 680 174 12654
8426 13030
35369 13030
13002 20764 25091
16347 6939
8758 6939
48526 5511
8422 9189
3356 3549 6667 6939 174 28917 9002 6453 20676 1299
263651 6939
52888
1853
28917
29075 6762
8943 1299 50763
6830 513 6830 1299
29608 5511
49463 13193
20676 12586
53070 10429
286 12859 1299 12654
21396 31463 6762
1764 8596 174
202032 6939
19151 174
6453 9002
25220
6772 13030 15576
4844
12956 6762 10429
23148 6939 25152
34019
13030 198249 51395 30844 12654 34288 1299 29691
29636
41497 3257
25152
12859
50300 31463
24482 4657
6720
48166
9304 3257
5511 5511
31463 6762 56730
6939 31424 198385 263075 262317 37640 12654 10026 15547 8607 4657 264911 28329 51405 50620 21385 49605 58299 52863 15435
202194 198385
29691
50763
15435
52720 3549
37271 6762
8928 10026
13193 1299
50304 42708
47872 44217
52863
20764 8732
64396 174
51405
12874 3303 15605
15547
49605
29140
59689
51395
8596
34288
6661 198290 174
4657
264911
28329
29680 174
9002 43100 12654
3333 1257
12586
20080 1251
22652 3257
56730
57381 42708
263075
44217 6762
9189
174 3257 3303 2857 1299 6762
30844
58299
1103 3257
1251 28571
198290
15605
8218
3549
7575
262317
31424
42708 1299
1273 1299
5539 21385
513
57118 196621
4589 3257
3257 31122 12779
1257
8732 1299
6667
10026
37640
10429
196621 15576
12654
553
20612
1299 62567
12779
8607
198249
2497
6881
31122
50620
29686
198385
21385
8283
25091
43100
6762
28571
15576
3303
1280
2857
62567
