#src/zombie.py
# GMT Mon Oct  1 08:24:50 2018
# 
44217 47872 6939
4844 2914 37989
42708 50304 57381 1299
51395 59891 3257
1103 3257
29140 3257
7575 6461
34019 30781
12859 6939
28329 3549
8758 6939
20932 3356
15435 1299
29686 6453
41617 8359
37271 3356 37239
16347 174
20080 2914 1251
8943 1299 50763
15576 196621 6772
18881 12956 52873
52720 52873
30781 2914 59689
62567 6453
30844 6939
37239
5539 8763 21385
6661 2914 198290
8359 6939 20764
9002 2914 49605
15605 12874
37640 6939
8422 1299 9189
4589 2914
20612 1836
16735 12989 1299 22548 4809 12956
24482 6453
8607 2914
53067 6939
202032 6939
12654 2914 19151 6762 6939
31122 3257
2914 2497 6939 8928 3356 174 19151 1916 12956
22652 6453
15685 1299 6881
49605
31424 6939
553 3356
50304
6720 1853
29075 198385 174
29608 5511
58299 13030
23148 701 25152
1273 1299 6667
198385 202194
57381
198290
1916
286 8596 174
52873
4809 28666
50763
37989
25160 174
34288 13030
6881
8426 6453
1836 13030
51405 6939
513 6830
29551 1299 25220
6830 174 6830
12637 3257
262317 6939
19151 174 13030 6939
1251 28571
53070 12989
6453 174 21396
12586 57821 20676
1299 14061 680 28917 1280 174 13193
25152
1853 21320
6667
34781 13030
59891
31463 50300 56730 21396
3257 29636 174 12779 9304 41497
196621
8596
12874 3303
12956 174 10429
20676 3356
2613 6893
701 174
25091 6893 13002
35369 13030
1239 1257 174
1257 3333
198249 13030
50620 6939
6762 174 3320 52863
6893
263152 6939
20764 13002
6772 13030
13002
47872
28666 262757
680
25220
13193 49463
1280
23106 10429
21320 6939
28917
263075 6939
3333
15547 3356
22548
64396 174
21396
8218 6461
2497
29636
8763
49463
12989
48526 5511
52863
202194
29680 174
3356 174 3549
174 5511 2857 7018 6461
12779
6939 263651 37497 21385 264911 5396
8455 8283 13030
21385
9189
3549
37497
3320 3303
8928
57821
56730
263651
8283
264911
28571
5511 5511
3303
262757
14061
59689
41497
50300
5396
6461
2857
7018
10429
9304
13030
