#src/zombie.py
# GMT Mon Oct  1 04:54:08 2018
# 
37468 174
198385 174
29691 13030
2857 174
12989 22548 16735 22381
37640 6939
24785 20562 1299
264911 6939
57821 12586
62567 3356
174 64396 3356 37271 25512 19151 29680 29140 51395 198290 174 12637 6667 1280 25160 4230 6730 12779 48039 9304 2914 29636 29075 41497 50300 20764 50620 16735 1916 31122
286 3356 34984
12874 3356 15605
198249 13030
34984 44217
22652 6939
1273 1299
198290
56730 31463
41722 20764
2914 8928 3356 29686 3320 16347 20080 2497 12654 8607
8447 6720 3320
20485 13002 3356
15435 6939
34019 3303
12859 9002
1280
513 6730
37497 6939
31133 1299 31261
20080
16347
31463 50300
25512 6881
15547 3356
1257 3333 1239
41497
50300
12586 20676
8218 6461
16735
2497
12779
5539 8763 21385
8607 3356 12654 6939
51395 59891
7018 3356
3356 37271 12956 6939 14061 20676 3257 48526 1299 680 6453 48166 553 25220 9002 30781
37271 37239
4844 37989 6939
8763
50620
49463 13193
21385 9002
28917 6939
29140
37239
3257 4589 1103
47872 44217
6881
52863 6762
44217
50304 42708
8596 48039
48526
18881 52873 12956
12637
15576 6772 196621
34288 13030
1916
37989
12307 59414
8455 8283 13030
58299 13030
23106 10429
1103
50763 8943
48166
29608 6939
31261 41617
20612 1836
15605
1251 28571 6939
22548
28571
14061
31424 6939
9002 49605 20562 12654 6453
30781 59689
7575 6461
64396
1836 13030
49605
13030 1299 35369 202194 6772 59414
8758 6939
12956 10429 6939
8283
41617
3333
8928
9189 6939
263075 6939
13193 3320
20932 6939
59414
263651 6939
59689
25160
262317 6939
4589
29686
9304
51405 6939
29636
29075
3320 3303
6939 263152 1239 30844 1299 24482 8426 6461 5396 53067 202032 12654
25220
202032
22381 53070
5396
6762 1299
6893 25091 2613
25091 13002
59891
2613
263152
20562
553
25152 19151
29680
19151
42708 1299 57381
1299 8943 6461 6453
1239
8426
196621
53067
20676
6720
30844
202194
13002
6667
24482
48039
4230 262757
6730 6730
680
6772
6453
262757
52720 52873
35369
8943
6461
53070
57381
20764
3303
52873
12654
31122
10429
