#src/zombie.py
# GMT Mon Oct  1 06:28:27 2018
# 
29608 6939
50620 6939
2857 174
12989 22548 16735
264911 10429
57821 12586
62567 6939
174 6762 64396 3356 49605 25512 16347 6453 19151 29140 680 286 1239 37271 174 48526 12637 13002 15435 1299 24482 1280 25160 6730 12779 12956 9304 29636 29075 6461 41497 198385 20764 21320 1916 31122
43100 9002
286 8596 3356
198249 13030
28917 6939
22652 3356
198290 6661
56730 31463
29140
61157 25074 3320
2914 4589 3356 29686 4844 25220 6661
15435
8455 8283 13030
12859 9002
1280
513 6730
37497 6939
31133 31261 3320
20080 6939
16347
31463 6939 50300
25512 6881
15547 6939
1257 3333 1239
41497
50300
12586 20676
8218 6461
16735 6939
2497 701
12779
5539 8763 21385
8607 6939
13002 25091
3356 7018 701 20676 1299 8426 12956 680 3549 3257 3320 6939 20764 9002
37271
4844 37989
8763
49463 13193
21385 6939
6661
28666 262757 6939
12874 3303 15605
25074 9189
3257 1103
47872 44217
6881
52863 6762
44217 9002
262317 6939
8596
48526
18881 52873 12956
12637
15576 6772 196621
34019 3303
34288 13030
1916 1251
37989
50304 42708 57381
58299 13030
23106 10429
5511 30781 6939
1103
50763 8943
34781 13030
31261 41617
20612 1836
15605
1251 28571
680 680 553
22548
28571
31424 6939
1273 6667 1299
30781 59689
7575 6939
64396
701
1836 13030
49605
13030 35369 6939 6772
1853 21320 6720
8758 9002
12956 10429
8283
14061 1299
3333
8928 29680 10026
3549 28329
9189
263075 6939
13193 3320
20932 6939
37640 6939
263651 6939
52720 52873
59689
25160
4589
29686
9304
51405 6939
29636
29075
28329
3320 6939 3303
6939 10026 263152 59891 30844 5396 53067 202032 12654 37239
25220
202032
21320
41617
5396
6762
6893 25091 2613
25091
59891
2613
10026
263152
198385 202194
553
25152 19151
29680
19151
42708 1299
1299 8943 6453
1239
196621
53067
20676
6720
30844
202194
7018
6667
24482
8426
6730 6730
9002 6453 12654
6772
6453
262757
31122
35369
8943
6461
53070 10429
57381
20764 12654
3303
52873
12654
37239
10429
