#src/zombie.py
# GMT Mon Oct  1 06:26:14 2018
# 
52873 18881 52720
1916 2914
22548 3549
14061 1299
7018 174
34781 13030
198545 29152 174
8447 3320 6720
53070 10429
37239 4809
29075 174 50620
5396 6762
6453 1299 62567 22652
701 4134 2497 1299 702
8468 3549
25220 3320
3252 702
48039 12586 8596
16735 52320 28138 3549
57821 12586
3491 174 12389
24785 1136 3356 24785
35054 3303
35699 174
2895 29076
29691 57118 15576
3356 3356 30781 4230 20932 3549 8426 34177 12956 8359 31463 49605 174 3257 41095 8220 14361 1299 680
51405 49605
1853 1764
263321 263584 7738
4777 2497
13030 51395 1299
9189 8422
30132 12859
202032 12779
45896 174
8220 15547
1239 4637 174
12956 18881 28220 10429
52720
12859 12779
37497 49605
29152 58308
1273 6667 1299
15435 1299
37271 4809 327995
8222 3320
47872 2914
4230 262757
52863 6762
198385 202194 41562
8426
12874 3303 15605
327995
59689 30781
12350 174
15547
29680 3257
3333 1136
20080 2914
5392 3549
25933 3549
31463 56730
58299 174
1103 3257
29076 12389
20562 49605
2613 6893
31424 33891
42708 50304 1299
513 3320
57118
50763 8943
41562 15576
12779 12779 174 12654 30844 3257 34019
41095
2914 12637 4713 9002 50300 8455 174 29686 29140 1299 8607
553 680
7738 174
1299 50304 6461 8943 8732 49605 174 3320 13237 38930 1280 2828
8607
198249 15576
1136
2497
263584
4637 1221
29222 174
4608 1221
15576 174 196621 3303 34288 8758
14361
62567
2828 52320
25160 174
12389
8943
30844
262757
34288
56730
7575 6461
30781
3320 3320 3257 4809 33891 3303 13193 8422
59891 51395
8455
34177
1836 174
6893 25091
680
13002 20764 25091
8758 20612
48526 174
8422
20764 8732
1221
49463 13193
28917 8359
286 174
13101 12586 49605
6461 8218
28220
34019
12637 12654
39821 9002
41497 174
4713 25152
25152
18881
50300
24482 174
6720
4589 3257
9304 3549
33891
202194
8359
13193
50304 57381
20932
3549
51185 174
52320
19151 174
4134 4809
13237
49605 12654 43100
29140
8596
6661 198290 174
28329 6762
9002
12586
3303 3257
22652
57381
174 3257 6762 31122 64396 29608 8218
29686
702
29608
198290
28138
38930 8283
15605
8218 1764 16347
51395
3257
8732
6667
4809
6762
10429
196621
12654
64396
20612
16347
58308
31122
50620
8283
25091
43100
1764
1280
