#src/zombie.py
# GMT Mon Oct  1 04:08:04 2018
# 
37468 37239 6453 174
24611 8218 51405
59689 30781
57821 12586
198249 15576
28917 174
22652 6453
198290 6661
41722 20764
34177 174
8455 2914
48039 12586 8596
4230 262757 28513
1299 6762 3356 1299 13030 12956 680 14061 174 8943 3320 42708 13237 6830
20080 1251 2914
31463 56730 50300
13101 12586 1764
50300 174
8218 6461 1764 174
16735 22548 52320
12779 174
8607 3356
37271 327995 6453
12350 174
7738 701 263321 8167 1239
12654 8387 13237
3257 174
47872 174
202032 1764
263584 263321
41497 174
15576 34288 47176 8758 196621 29691 6453
51185 174
286 1103 174
23106 52320
50763 8943
28329 6762
38930 8283 6453
52320 174
22548
1136 24785 3333
30781 5511
2895 3267
7575 6461
64396 174
701 2497 174 3356
1916 174
47176 25435
8758 20612
8928 4589 3320
1764 8387 58299 3356 31424 20562 1853 174
3333
3549 3356
41617 31261
37100 6453 327782
2613 6893
25160 174
9304 174
25074 9189 61157
29075 198385 6453 3320 16347
25435
20562
52863 6762
6893 25091
25091 13002
59891 51395
25152 1273
29680 174
15605 12874
34019 3303
1239 174
12389 1273 25227
9189
7018 174
327782 327960
30132 12859
6730 6730 174 513
1273 6667 3320 8468 24785 48526
5392 6453
4608 24130
28513 3491
53070 22381
57381 50304
20764 8359 174
3303 12874 3320 29222
52873 52720 12956
4777 2497
1853 6720
37239
15547 6830
29691
25933 8167
35054 3356
3252 174
24785 24785
58299
12874
174 1836 49605 3267 35699 174 51395 1280 45896 20932 2914 15435 6661 6762 49463 19151 29140 12637 5511 6461 3356
3491 3320
8359 3356
45896
56730
61157 3320
2914 3356 4134 13237 9002
20485 13002 13237
15435
31133 31261 3320
12859 13237
1280
513
37497 13237
12956 28220
3267
8387 3320
8167
12586
263321
6830
51395
262757
3356 5396 14361 553 29608 9002
4134 4809
49463
29222
29140
327995
13237 30844
8596
48526
12637
2497
34288
50304 42708
28220
5511
1103
34781 13030
31261
1251 52888
42708
9002 39821
62567 6453
49605
13030
16347
20612
8283
14061
24130 7545
8426 6453
20932
41095 6461
202194 198385
327960
29686 6453
51405
3320 6453 25220 8222
25220
29608
6661
52888
5396
8222
6762
31424
35699
25227
198385
553
19151
7545 6453
39821
196621
6720
30844
1836
6667
24482 6453
8468
14361
680
6453
52720
8943
6461
4809 22381
4589
22381
13002
