#src/zombie.py
# GMT Mon Oct  1 06:46:52 2018
# 
29608 5511
50620 6939
2857 174
59689 30781
264911 6939
57821 12586
62567 6939
24611 6661 51405
174 64396 3356 49605 25512 19151 29680 29140 37271 174 20932 41497 31133 24482 25160 48039 6730 9304 29636 29075 12637 20764 12779 31122
43100 9002
286 3356 1103
57463 29686 6939
198249 13030
28917 6939
22652 6939
9002 6453 3356 12654
56730 31463
29140
2914 25220 3356 6661 4844
15435 6939
1299 8943 3356 13030 3320 6939 42708 6453 14061 1273 8732
12859 6939
1280 3356
513 6730
37497 6939
31133 31261
20080 6939
16347 3356
31463 50300
25512 6881
15547 6939
1257 3333 1239
12637
50300 6939
12586 20676
8218 6461
16735 22548 12956
2497 701
12779
5539 8763 21385
8607 6939
7018 3356
3356 6762 701 20676 12956 6453 6939 3257 1239 680 5511 3549 6461 553 20764 21320 30781
37271
4844 37989
8763
34288 13030
49463 13193
21385 6939
6661 198290
12874 3303 15605
42708 50304 57381
3257 4589
47872 12654 44217 6939
6881
52863 6762
44217 6762
262317 6939
8596 48039
48526 5511
18881 52873 12956
41497
15576 6772 196621
34019 3303
15605
37989
50304
58299 13030
23106 10429
5511 5511 6939
1103
50763 8943
34781 13030
31261 41617
20612 1836
680
22548
31424 6939
1273 6667
30781
7575 6939
64396
701
1836 13030
49605
13030 35369 8455 6772
8758 6939
12956 6762 10429
8283 8455
14061
3333
8732 20764
8928 10026
3549 28329
263075 6939
198290
13193 3320
20932
37640 6939
263651 6939
52720 52873
202194 198385
25160
4589
29686
9304
51405
29636
29075 198385
28329
3320 6939 3303
6939 59891 10026 263152 9189 30844 8426 262757 53067 202032 12654 37239 5396
25220
202032
21320 1853
41617
5396
6762
6893 25091 2613
25091 13002
59891
2613
10026
263152
198385
57381
25152 19151
29680
19151
53067
8455
1239
8426
196621
20676
6720 1853
30844
9189
13002 20764
6667
24482
48039
6730 6730
12654 20764
6772
6453
262757
31122
35369
8943
6461
53070 10429
553
20764 20764
3303
52873
1853
37239
10429
