#src/zombie.py
# GMT Mon Oct  1 06:08:32 2018
# 
52873 18881 52720
1916 2914
22548 3549
14061 1299
7018 3356
34781 13030
8447 3320 6720
53070 10429
37239 4809
29075 58308 174 50620
5396 3356
6453 174 29686 62567
701 3356 1280 23148 2497 702
8468 3549
25220 3320
3252 702
16735 28138 12956 3549
57821 12586
3491 174 28513
30844 6939
35054 3356
35699 174
2895 3267
29691 57118 15576
3356 3356 47872 3549 51185 8426 3257 34177 41095 19151 2914 12956 30781 3320 9002 22652 1299 24611 680 174 29608 20932 48526
51405 24611
1853 1764
263321 263584 7738
4777 2497
13030 51395 19151 58299 1299
9189 8422
1764 3320 8596
19151 174 12654
8220 3320 15547
12956 18881 174 10429
52720
12859 30132 3257 2914
53067 10429
6939 12654
1273 3216 6667 1299 3333
15435 1299
37271 4809 327995
8222 3320
24611
4230 28513 262757
52863 4809
198385 202194 41562
8426
12874 3303 15605
327995
59689 30781
12350 174
15547
3216 20764
29680 3257
3333
59891 51395
5392 174
25933 3549
31463 50300 56730
58299
1103 3257
2613 25091
31424 33891
42708 50304 1299
513 3320
57118
50763 8943
41562 15576
12779 174
41095
2914 14361 174 50300 16347 20080 4589 8607
553 33891
7738 3320
1299 31122 8455 8943 2603 4809 49605 174 13237 38930 8422
8607
198249 15576
2497
263584
4637 1221 174
34177
6762 28329 174
4608 1221
15576 196621 3303 34288 8758
14361
62567
25160 174
8943
47872
262757
34288
56730
7575 6461
30781
3320 3320 4809 33891 3303 13193 6661
8455
2603 3267
1836 174
680
13002 20764 25091
8758 20612
48526
8422
20764
1221
28513
49463 13193
28917 39821 8359
286 174
20080
6461 174 8218
28220 3549
23148 25152
34019 3303
12637 174
39821
41497 3257
25152
18881
50300 174
24482 174
64396 174
4589
9304 174
33891
202194
8359 9002
13193
50304 57381
20932
3549 16397
51185
16397 263075
13237
49605
29140 3257
8596 8596
6661 198290
28329
9002 12654
6720
12586 3257
3303 29222 174
22652
57381
174 3257
29686
702
29608
198290
28138
38930 8283
15605
8218
51395
263075
3257
6667
4809
29222
10429
196621
12654
20612
16347
58308
31122
50620
8283
25091
3267
30132
1280
