#src/zombie.py
# GMT Mon Oct  1 04:10:32 2018
# 
29608 3356
50620 6939
8422 3356 9189
2857 174
12989 23106 22548 16735 53070
264911 6939
57821 12586
62567 6453
174 64396 29680 49605 12637 198385 553 19151 29140 31133 37271 174 1916 6667 1299 25160 1280 4230 29636 29075 41497 50300 20764 16735 12779 1764
286 1299 1103
198249 13030
28917 6939
22652 6939
198290 6661
56730 31463
29140
2914 8943 1299 4844 20080 6661 9002
20485 13002 4635
15435 6939
34019 3303
12859 6939
1280
513 6730
4230 262757
1299 6762 7018 13030 701 6453 3257 6461 1239 6939 1273 3320
20080
16347 8218
31463 50300
15547 3356
1257 3333 1239
41497
50300 3356
12586 20676
8218 49463 6461 59689
16735
2497 701
12779
5539 8763 21385
8607 6939
262757
3356 20676 37271 1853 48526 680 14061 6939 25220 20932
37271 37239
4844 37989
8763
49463
21385 12654
6661
4635 9304 6939
12874 3303 15605
3257 4589
47872 44217
6881 6939
52863 6762
44217 6762
262317 6939
8596 1764
48526
12637
15576 6772 196621
34288 13030
1916 1251
37989
50304 6939 57381
58299 13030
23106
1103
50763 8943
34781 13030
31261 31133 41617
20612 1836
1251 28571
680
22548
28571
9002
31133
13002 25091
64396
701
1836 13030
49605
13030 8455 202194 8758 6772 35369 12654
8758
31424 6939
8283 8455
14061
3333
8928 10026
9189
263075 6939
52873 52720 12956
12956 6762
20932
37640 6939
263651 6939
52720
59689
25160
4589
29686 6939
9304
51405 6939
29636
29075
28329 6939
23148 25152 6939
3320 6730 3303 6939
6939 59891 10026 263152 24482 30844 8426 37497 5396 53067 202032 12654 31122
25220
202032
41617
5396
6762
6893 25091 2613
25091
59891
2613
10026
263152
198385
553
25152
29680
15605
53067
8455
1239
196621
20676
6720 1853
30844
202194
7018
6667
24482
8426
37497
1273
6730 6730
1853
6772
6453
31122
35369
8943
6461 7575
53070
57381
20764
3303
19151
7575
12654
37239
1764
