#src/zombie.py
# GMT Mon Oct  1 05:57:01 2018
# 
1916 1251 2914
14061 1299
7018 174
34781 13030
8447 6939 6720
12654 20764
25160 174
12389 1299 48166
37239 37271
37989 4844
30844 20764
5396 6939
34288 13030
6461 174 8218
263674 28329
20932 1299
2613 6893
21320 3356 1853
30781 2914 59689
3320 6939 3320 513 3303 29551 8422
16735 1299
59891 51395
1239 174 1257
8455 13030 8283
3549 3356 4809 52720
57821 12586
263152 6939
8763 5539
6893 25091
264911 6939
680 553 680 174
8426 6939
49605 20764
13002 174 25091
16347 2914
8758 6939
48526 174
29636 174
20764 3356 6939 174 20764
263651 6939
1251 28571
1853
28917 6939
29075 174
21385 6939 5539
29608 6939
49463 174
20676 3356 12586
53070 12989
286 174 1103
8422 9189
6881 15685
1764 8596 174
202032 6939
19151 174 25152
8943 1299 50763
29691 13030
6453 174
25220 29551
6772 13030 15576
4844 2914
34019 3303
13030 198249 35369 58299 51395 1299 1836
15685 29208
41497 6939
25152
12859 6939
50300 31463 174
29551
6720
48166
9304 4635
31463 21396 56730
6939 4635 3356 31424 51405 263075 262317 22652 37640 21396 8607 7575 28329 50620 29208 24482 15547 53067 44217 29686 15435 12989
202194 198385
12989
50763
15435
52720
8218
29208
24482
50304 57381 42708 174
47872 44217
52863 4809
3356 174 37271 2914 1299
64396 174
35369
51405
12874 3303 15605
15547
31424
29140 174
8928 1299
59689
51395
8596
21396
6661 198290 2914
53067
28329
29680 3257
3333 1257
12586
20080 2914
22652
56730
57381
263075
44217
9189
174 3257 12779 6667 6762 2914 1299 37271 31122 198385 1280 174 2857
29686
58299
1103
198290
15605
1257
4635
7575
262317
1836 20612
42708 1299
1273 1299
5539
513
57118 196621
4589 3257
3257
12779
6667
4809
37640
196621 15576
2914 2497 9002
553
20612
1299 62567
8607
198249
2497
37271
31122
50620
198385
9002
8283
25091
6762
28571
15576
3303
1280
2857
62567
