#src/zombie.py
# GMT Mon Oct  1 06:19:01 2018
# 
263584 263321
263321 28329
49605 50304
4608 1221
59689 8218
6720 29208
37497 50304
41095 29208
12637 50304
266534 16735
15605 29208
14907 50304
29075 50304
3333 50304
52888 1251
52873 52720 29208
12956 28220 10429 5511
29208 198385 553 8222 37271 680 3252 47147 9002 1836 35369 24482 6881
16347 50304
25227 9002
29691 15576
6894 50304
8426 29608
8167 7738 25933
12654 15562 34549 6881 50304 29608
3491 2914
22652 1299
20764 8732 41722
3356 3549 35054 2914 5511 1299 51185
29608 34019 5511 12350 13030
680
20080 2914 1251
3549 5392
9002
50877 6762
6881
50304 136620 9304 56730 15576 20562 25220 6667 23106 8455 3267 25091 8283 8218 15547 6939 8758 20932 39122 37468 30132 47692 205206 8896 50763 12859 37100 15435 29140 49463 12779 34288 1103 30844 6661 25160 8732 38001 31424 50300 8220 57111 1299 52320 48526 34177 58299 13237 28917
56730
286 1299
20932
28634 10429
202194 6939
37468
205206
63297 395152 6939
30132
47692
8758 196621
8896
25152 3257
2895 3267
37100 327782
29222 3303
7738 1299
51405 24611
20612 31424
6730 2914 6893
6762 2914 5511 5396
35699 2914
15562 2914
1103
5511 4637 1280
2914 28329 2497 19151 64050 6453 7575 1916 8607 14061 198290 3303
198249 13030
8732
38001
3252
24611 6661
29680 8220
8220
59891 136620
513 6830
19151
15435
8607
327782 327960
395152
47147
5396
39821 28917
48526
34177
13237
28917
136620
12779
5392
196621
8222
9304
34549 3257 57821 34549 29686 6939
37271
6830 6830 1299
51185
15576 21232
52720
1221 4637
31424
20562
43578 1299
59414 13030 12307
3303
25220
23106
28220 28220
34019
24482
8455
327960
25091
8283
6893 2613
8218
12307
6667
3257 41497
262757 16735
15547
395766 40191
4637
553
2613
35054
198290
6453
1299 40191 31742 16735 7018 174
64463 174
50300
28329
198385
40191
41497
1916
13030
64050
29686
50763
12859
2497 4777
53070 10429
21232
49463
7575
34288
30844
1251
174
35369
6939 13760
39122
52863 52320
25933
16735
3267 3267
41722
57821
31742
4777
1280
29140
57111
14061
7018
52320
1836
10429
58299
13760
6661
25160
12350
