#src/zombie.py
# GMT Mon Oct  1 04:36:57 2018
# 
1916 1251 52888 174
14061 3356
7018 1299
34781 13030
8447 3320 6720
2914 8943 20080 4844 1299 8607
25160 174
37239 37271
37989 4844
8763 5539
5396 6939
701 2497 1280 703 1299 1273
25220 3356
20932 3356
2613 6939
21320 3356 1853
3320 3303 1299 8422
16735 12956
59891 51395
8455 13030 8283
25512 6881 174
57821 12586
263152 6939
1836 13030 20612
1251 28571
680 553 680 174
8426 6939
174 20764 47872 198385 49463 12779 174 6667 1764 19151 10026 1299 6661 29140 29680 41497 31122 50620 24482 64396 2857 9304 6730 15435 37271 29075 29636
13002 20764 25091
8607
8758 6939
48526 3356
8422 9189
3356 3549 9002 22652 6939 29608 28917 21385 20676 1299
263651 6939
52888
1853
28917
29075
8943 50763
29608
49463
20676 12586
53070 10429
286 1299
1764 8596
202032 6939
19151 6939 25152
6453 1299 62567 29686
6461 7575 1299 8218
6772 13030 15576
4844
12956 10429 1299
23148 6939 25152
34019 3303
13030 198249 35369 58299 29691 51395 34288 1299
29636
41497
25152 2497 6939 3257 12654 1273
12859 6939 3333
1273 1299
24482
10026 8928
6720
703 6939
9304
6939 262317 31424 263075 49605 12654 15547 264911 2497 51405 30844 1299 37640
202194 198385
29691
50300 5580 31463
5580 3257
15435
52720 3549
37271
8928
50304 42708
47872
52863 4809
3549 4809 28329
64396
35369
3333
34288
12874 3303 15605
49605
29140
59689 8218
51395
8596
15547
6661 198290
264911
28329
29680
9002
12586
20080
22652
56730 31463
57381 42708
263075
31463
9189
6730 513 6730
30844
58299
1103 3257
198290
15605
20764 20764
8218 16347
7575
262317
31424
42708 1299
5539 21385
513
57118 196621
50763
4589 3257
3257 1299
12779
6667
4809
37640
10429
196621 15576
12654
553
20612
1299 6762
16347
198249
2497
6881
51405
31122
50620
29686
198385
21385
8283
25091
6762
28571
15576
3303
1280
2857
62567
