#src/zombie.py
# GMT Mon Oct  1 06:12:40 2018
# 
52873 18881 52720
1916 174
22548 16735
14061 1299
7018 2914
34781 13030
59891 51395
53070 10429
37239 36937
29075 58308 174 50620
5396 3356
6453 36937 701 29686 2497 22652
701 2497 12956 286 6762 174 702 2914 1280 1239 701 23148
8468 3549
25220 3320
3252 702
48039 8596 174
16735 262757 2914 52320 28138 1299 12956
57821 12586
3491 2497
30844 6939
35054 3303
35699 174
2895 29076
29691 57118 15576
3356 3356 2497 47872 1853 3549 51185 8426 9002 25160 31463 680 8359 29608 37271 14361 2914 8422
51405 24611
1853 21320 6720
263321 263584 7738
4777 2516
13030 2497 51395 58299 1299 1836
9189 8422
30132 12859
19151 174
8220 5511 15547
1239 4637 2497 7738
12956 18881 10429 2914
52720
12859 2914
3216 20764 1273
5511 30781 48526 2914
6939 2497
50300 2914
15435 1299
37271 4809 327995
8222 3320
24611 6661
262757
52863 4809
198385 202194 41562
8426
12874 3303 15605
327995
59689 30781
12350 174
15547
29680 174
3333 1136
20080 6762
5392 174
25933 26615
31463 56730
28917 39821 174 8359
1103 286
29076 8359
13237 1299
58299
7575 10026
262317 10429
31424 33891
42708 50304 1299
513 21320
57118
50763 8943
41562 15576
12779 174
10026 2497
41095 13002 2497
2914 2497 8607 8455 4589 1299 6762 174 16347 2914 6661 6461 62567
553 680
7738
4837 2497 4809 4837
8607
198249 15576
2497 3320 1273 2603 3257 286 2516 12654 8359 6661
263584
4637 1221
26615 6762 16397 26615
34177 174
29222 3303
15576 196621 3303 34288 8758
14361
62567
25160
4589
47872
8943 1299
34288
56730
2613 6893
21320 2603
30781
3320 4809 33891 3303
8455
2603
1836
1299 31122 1273 12586 49605 38930
6893 25091
680 174
13002 25091
8758 20612
8359
8422
20764
1221 4608
49463 174
286 1136
6461 8218
28220 3549
23148 25152
34019 3303
12637 174
39821
41497 174
25152
18881
1273 6667
24482 174
64396 174
9304 174
36937
33891
202194
48526
4608
50304 57381 174
20932 174
3549
51185
16397 263075
52320 174
49605
29140 174
8596
6661 198290
28329 6762
9002
6720
12586
22652
57381
174 174
29686
702
29608
198290
28138
38930 8283
15605
2516
8218
51395
263075
3257
1136
6667
4809
6762
10429
196621
12654
20612
16347
58308
31122
50620
8283
25091
3303
1280
