#src/zombie.py
# GMT Mon Oct  1 03:50:49 2018
# 
52873 18881 52720
1916 52888 174
22548 16735
14061 2914
7018 2914
34781 13030
8447 3320 6720
53070 10429
37239 4809
29075 58308 174 50620
5396 6762
701 2497 702 2914
8468 198385 13030 29140 29686 3549 25220 12654 20080 4589 30844 9189
25220
3252 702
16735 52320 12956 28138
57821 12586
3491 12389 2914
30844
35054 3303
174 3356 20932 20764 12350 49463 25160 12779 6667 24785 19151 2914 52320 1764 6661 12637 29680 41497 31122 50300 24482 262589 64396 1836 5392 9304 6730 28917 15435 38930 35699
35699
2895 29076
29691 6730
3356 20764 3549 8426 9002 34177 3257 12956 15547 41095 29608 2914 14361 1239 1299 8607
51405 24611
52888
1853 1764
58299 13030
4777 2497
13030 1299
9189
1764 8596 2914
19151
8943 1299 50763
6453 2914
1239 4637 7738 2914
12956 10429 2914 18881 28220
52720
12859 30132 9002
262589 28329
5511 30781 48526 2914
6939 1299 25152
50763
15435
37271 4809 327995
24482
24611 6661
198385 202194 41562
8426
12874 3303 15605
327995
59689 30781
12350
15547
29680
3333 1136
59891 51395
5392
25933 26615
31463 50300 56730
263321 263584 7738
1103 3257
29076 12389
13237 1299
20562 9002
7575 2914
262317 10429
31424 9002
42708 50304 1299
513 6730
57118 196621
4637 1221
41562 15576
12779
30132
41095
2914 47872 51185 6461 3257 286 6762 12654 1299 8607 3320 9002 50300 1280
553 680
7738
1299 4809 8455 49605 62567
8607 12654
198249 15576
2497
263584
26615 6762 16397 26615
29222 3303
15576 196621 3303 34288 8758
14361
62567
25160
12389
4589
47872
24785 1136 24785
34288
56730
2613 6893
30781
3320 3303 8222
8455
34177
1836
6893 25091
680 9002
13002 20764 25091
8758 20612
48526
20764
1221 4608
49463
28917
286
20080
6461 8218
28220
34019 3303
12637
39821 9002
41497
25152
18881
50300
8222
6720
9304
202194
4608
50304 57381
20932
3549
51185
16397 263075
52320
49605
29140
8596
6661 198290
28329
9002 51395 12654
12586 3257
22652 3257
57381
6730 6730 12654
29686
702
29608
198290
28138
38930 8283
15605
8218 16347
51395
263075
3257
1136
6667
4809
6762
10429
196621
12654
64396
20612
16347
58308
31122
50620
8283
25091
3303
1280
