#src/zombie.py
# GMT Mon Oct  1 04:57:52 2018
# 
1916 1251 52888 174
14061 1299
7018 2914
34781 13030
6881 15685
30844 6939
25160 174
12389 1299 48166
2603 21320 2497
24611 51405 3549
37989 4844
1836 13030 20612
701 23148 2914
6461 7575 2497 2914 8218
2613 6893
21320 513 1853
30781 3356 59689
3320 3303 2497
16735 52320
59891 51395
12713 1273 47872
8455 13030 8283
3549 3356 52720
57821 12586
263152 6939
8763 2914
6893 25091
264911 6939
680 553 3356 680 174
8426 3356
37239 37271
35369 13030
13002 174 25091
16347 8218
48526 5511
29636 174
20764 174
51405
52888
1853 6720 3356
28917 3356
29075 174
8943 1299 50763
29608 6453
49463 13193
53070 12989
286 1103 2914
8422 174 9189
21396 31463 6939
202032 6939
19151 174
29691 13030
6453 6453 2497 2914
25220 3356
6772 13030 15576
4844 2914
23148 25152
34019 3303
13030 198249 2497 58299 51395 34288
15685 29208
41497 174
25152
12859 3257
1273 1299
24482 174
6720
48166
1239 2914 1257
5511 2914
9189
6939 2497 263075 49605 28329 12989 37640 262317 8607 29208 29686
202194 198385
12989
50300 31463
15435 1299
52720
8218
29208
8928 10026
13193 1299
50304 42708
47872
20932 3356
3356 2497 20676 9002 22652 2914 37271 15547
64396 174
12874 3303 15605
15547
49605
29140 174
59689
52320 174
51395
20676 12586
34288
2914 2497 20080 4589 6762 174 3257 2914 1299
9304 174
28329
8596 48039
3333 1257
12586
20080
22652
56730 51945
57381 42708
263075
31463
51945 174
174 198385 12779 6667 29680 1280 48039 2857 31122 50620 174 198290 37271
29686
58299
1103
1251 28571
198290
15605
1257
7575
262317
42708 1299
48039
513
57118 196621
50763
4589
3257
12779
6667
10026 2497
37640
196621 15576
12654 2497
553
20612
1299 62567
8607
198249
2497
37271
29680
31122
50620
198385
9002
8283
25091
6762
28571
15576
3303
1280
2857
62567
