#src/zombie.py
# GMT Mon Oct  1 03:47:39 2018
# 
52873 18881 52720
1916 2914
22548 16735
14061 2914
7018 3356
34781 13030
8447 3320 6720
53070 10429
37239 36937
29075 174 50620
5396 3356
6453 36937 174 9002
701 3356 1280 2497 702
8468 20764
3252 702
16735 52320 28138
57821 12586
4589 20764
30844 20764
35054 3303
174 3356 20764 49463 3257 12779 286 1299 6762 19151 2914 12350 12956 29680 41497 64396 5392 9304 6730 28917 38930 35699
35699
2895 20764
29691 57118 15576
3356 41095 3320 9002 3549 22652 1299 3216 5511 6762 29608 12956
51405 24611
1853 1764
263321 263584 7738
4777 2497
13030 31424 1299 1836 58299
9189 6695
1764 20764 8596 3320
19151
8220 20764 15547
12956 28220 10429 18881 6695
52720
12859 20764 30132
3216 3216 20764
5511 48526
6939 20764 51395
50763 8943
15435 1299
263584
24482 43531
24611 6661
4230 28513 262757
52863 4809
198385 202194 41562
43531 20764
8426 6695
3491 2914
12874 3303 15605
327995 37271
59689 58308 30781
12350
15547
29680
3333 1103
59891 51395
5392
25933 26615
31463 56730 2914
58299
1103 20764 3257
13237 20764
20562 20764
2613 6893
262317 10429
31424
42708 57381 20764
513 6730
57118
4637 1221 9002
41562 15576
12779
41095
2914 12637 4713 9002 51185 8455 28513 25160 52320 8607 14361 62567 7575
553 680
7738 3320
1299 4809 8943
8607
198249 15576
2497 9002
37271 9002
26615 6762 26615
6762 28329
15576 196621 3303 8758
14361
62567
25160
34177 20764
47872 20764 3549 3320 12654
262757
34288 20764
56730
7575
30781 20764
3320 3303 8222
8455
8943
1836
6893 25091
680 9002
13002 20764 25091
8758 20612
48526
20764 20764 50304 20932 6667 12654 25220 16347 31122 50300 20080 29686 28917 29140 6695 8218
1221 4608
28513
49463
28917 39821
286
20080
25220
28220
34019 3303
12637
39821
41497
4713 25152
25152
18881
50300
8222
6720
9304
36937
202194
4608
6695 6661
50304
20932
3549 16397
51185
16397 263075
52320
49605 9002
29140
8596 8596
6661 198290
28329
9002 12586 12654 3257
12586
3303 29222
22652
57381
6730 6730
29686
702
29608
198290
28138
38930 8283
15605
8218
51395
263075
3257
6667
4809
29222
10429
196621
12654
64396
20612
16347
58308
31122
50620
8283
25091
30132
1280
