#src/zombie.py
# GMT Mon Oct  1 05:43:50 2018
# 
1916 1251 2914
14061 6939
7018 1299
34781 13030
8447 6939 6720
30844 13030
25160 174
12389 174 48166
263152 6939
37989 4844
8763 5539
5396 6939
701 1273 1280 703 2497
6461 7575 1299 8218
263674 28329
20932 6939
2613 6893
21320 174 1853
30781 3356 59689
3320 3303 6939 8422
16735 12956
59891 6939
15605 12874
12713 1273 47872
8455 2914
3549 3356 28329 52720
57821 12586
8943 2914 50763
1836 20612 174
50300 174
6893 25091
1239 1299 1257
680 553 3356
8426 6939
37239 6939
6730 513 174 6730
13002 20764 25091
16347 6939
8758 6939
8359 20764 13030
8422 9189
3356 49605 19151 20676 6939
263651 6939
1251 28571
1853
28917 6939
21385 12654 5539
29608 6939
49463 174
53070 12989
286 9009 1103
6881 15685
34288 15576
202032 6939
19151
9009 174
6453 1299
25220 29551
29551 31025
4844 2914
12956 6939
34019 3303
13030 6939 35369 12654 31025 1299
29636 174
41497 6939
25152 2497
12859 6939
1273
24482 4657
6720
48166
37497 6939
9304 174
29691 15576
6939 262757 52863 51405 10026 15547 4657 264911 31463 29686 58299 8607 703 12989 31424 42708 263075 37640 12654 1299 31122 53067 22652 262317 15435 29208
202194 198385
57866 174 8283
50763
29075 174
52720
12989
29208 15685
8928 10026
15685
50304 57381 42708 174
47872
262757
52863
20764
64396 174
35369
8596 48039
51405
12874 3303
49605
29140 174
59689
20676 12586
15547
2914 4589 6661 9002 20080 37271 62567 1299
6661 198290
4657
53067
28329
48526 174
9002
12586
20080
22652
56730 31463
57381
263075
31463
9189
174 198385 12779 6667 1299 29680 50620 174 2857
29686
58299
1103
198290
703
8218
7575
262317
31424
42708
48039 31025
5539
513
57118 196621
4589
3257 1299
1257 3333
6667
10026
37640
196621 15576
12654
553
15435
20612
1299 6762
12779
8607
198249 15576
2497
37271
29680
31122
50620
31025
198385
3333
8283
25091
6762
28571
15576 3303
264911
3303
1280
2857
62567
