#src/zombie.py
# GMT Mon Oct  1 05:48:00 2018
# 
1916 27750 1251
14061 1299
7018 6939
34781 25091
59891 51395
559 20965 21320 3303 12654
30844 6939
53070 10429
25160 6939
2603 12859 21320 6730 2914
27750 20965
24611 51405 3549
37989 4844
1836 13030 20612
5396 6939
34288 15576
24490 7575 24287
56730 31463
20932 6939
2613 6893
21320
29551 25220 1299
3320 3303 6939 1764
16735 1299
8455 3257
3549 3356 28329 52720
57821 12586
263152 10429
8763 6695
50300 5580 31463
6893 25091
680 20965 553
8426 6939
35369 8218
13002 20764 25091
16347 29075
48526 1273
29636 1299
20965 1853 2907 1103
3356 37271 29608 19151 20676 6939 22652
263651 6939
52888 1251
1853 6720
2907 7660
7660 24287
8943 1299 50763
6830 513 6939
29608
49463 8218
20676 12586
9189 25074
286 6939
6881 15685
1764 8596
202032 6939
19151
6453 6939
25220
37239 37271
4844 6939
12956 6762 10429
34019 3303
13030 51395 1299 58299
15685 29208
41497 3257
25152 1273
12859 3333
1273 1299
24287
10026 8928 1299
6720
9304 3257
31463
6939 198385 49605 29075 701 25074 52863 264911 29680 9002 20080 4589 44217 28917 6661 8218 31424 263075 3257 12779 37640 3303 1299 6695 31122 6667 30781 24482 50620 64396 6762 29140 2857 29208
202194 198385
29691 15576
12654 513
50763
5580 3257
29075
52720
37271
29208
24482
50304 57381 42708
47872 44217
52863
20764 8732
64396
51405
12874 3303 15605
49605
29140
8928
59689 30781
51395
8596
25074
6661 198290
264911
28329
29680
3333
12586
20080
22652
15547 1299
57381
263075
44217
6730 513 6730
29686 3257
58299
1103
1251 28571
198290
38930 8283 1299
15605
8218
7575
262317 10429
31424
42708 1299
513 513
57118 196621
4589
3257 8607
12779
8732 1299
6667
701 2497
6762
10429
196621 15576
2914
553
15435 1299
20612
1299 1280 62567
8607
198249 15576
2497
6695
31122
50620
30781
198385
9002
8283
25091
37640
28571
15576 3303
3303
1280
2857
28917
62567
