#src/zombie.py
# GMT Mon Oct  1 05:52:57 2018
# 
263584 263321
16685 22356 16685 4230
6762 50877 2914 20080 1299 5396
6720 29208
15605 29208
14907 38930
29075 15576 198385 174
12307 57118
3333 50304
1103 3257
22381 53070 4809
20612 1836
6894 2497
8167 7738 25933
3491 7738 28513 41095 1299
22652 1299
3356 33891 680 553 8220 8455 25091 25220 41095 3356 1299 35054 30781 3549 9002 39122 34177 5511 2914
29608 12654 5511 34019
680
49605 174
3549 28220 5392
4809 4134
29686 6453
4230 28513
20932 174
31424 33891
47692 6453
205206 16245
8896 174
28634 22356
29222 3303
51405 24611
35699 2914
12654 39351 15562 34549 6881 50304
25160 174
38001 41095
39351 20562
29680 8220
8220 50304 15547
25933
513 174
8607 2914
327782 37100 327960
39821 28917
34177
28917 174
5392
196621 15576
9304 174
56730 31463
6830 1299 59414
15576 29691 21232 8758 34288
1221 4637 4608
4608
20562
43578 1299
6461 1299 7575
29208 3257 1836 6881 35369
23106 52320
23148 25152 701
34019
3267 2895 174 3267
25091
31463 50300
6893 2613 6730
3257 34549 41497 1299
30781 59689
3252 174
35054
198290 6661
1299 2497 40191 12956 701 7018 174 3320 13030 50304 6453 2914 286
33891
198385 202194
40191 395766
1916 174
51395 59891 174
12859 50304 30132
38930 8283 174
53070
21232
1251 52888 20080
174 12779 37468 16245 37497 37271 19151 51185 49463 8218 15435 29140 12350 48526 24482 3303 16735 50300 31742 174 6661 20764 12389 52320 1836 58299 13760 64463 6730
6939 50304 63297
8943 8943 2914 50763
2895
16735 262757
31742
4777 2497
8222 3320
59414
14061 6453
3320 47147
12779
35369
58299
13760
263321 28329
12350
29691 198249 57118
553
59689
37497
12637 50304
266534 18881
395152 63297
52720 37468
25220
16347 8218
25227 12389
20764 41722
8426 6453
20080 2914
9002
202194
2914 28329 64050 15562 49375
50304 6667 50300 57111 30844 13237
4637 5511
286
50763
63297
8455
50877
25152
59891
49463
7738
6730
7018
15562
52888
5511
6881
198249
24611 6661
701 2497 4134 1280
4134
15435
47147
5396
48526
13237
12956 18881
16245
34549 34549 57821
37271
41095
51185
37468
22356
3303
49375
28220
19151
30132
327960
8283
8218
12389
6667
262757
15547
395766
6453 37100
8758
64463
50300
28329
41497
13030
64050
24482
57118
37100
7575
34288
30844
39122
52863 52320
2497
41722
57821
1280
29140
57111
2613
52320
1836
28513
6661
18881
