#src/zombie.py
# GMT Mon Oct  1 04:04:06 2018
# 
1916 52888 2914
14061 3356
7018 3356
34781 13030
29636 174
12654 680 13030 6939 25220 9002
53070 12989
37239 37271
37989 4844
1836 20612 174
5396 6939
701 3356 1280
6461 7575 1299 8218
20932 3356
2613 6893
30781 3356 59689
3320 6453 8422
16735 174 12989
59891 6939
8455 2914
174 3356 50304 47872 198385 20764 49463 25160 12779 3303 29075 19151 15435 1764 29140 29680 41497 31122 50620 24482 174 64396 9304 680 35369 15576 6730 2857 48526
57821 12586
263152 6939
8763 5539
6893 25091
680 553 680
8426 3356
35369
13002 20764 25091
8607 6939
8758 6939
48526
8422 9189
20764 20764
263651 6939
52888
1853 3356 6720
28917 3356
29075
21385 6939 5539
29608 13030
49463
25160
286 1299
1764 8596
202032 6939
19151 25152
8943 1299 50763
29691 15576
6453 3356 9002
25220 3356 3257
4844 2914
34019 3303
13030 1299
15685 6881 29208
41497
25152
12859 9002
50300 5580 31463
24482
6720
9304
6939 3356 31424 52863 263075 51405 37640 15547 50304 264911 28329 29208 30844 58299 262317
202194 198385
12989
50763
5580 3257
15435
52720 3549
37271 3356
29208
8928 2914
50304 57381
47872
52863
3356 3549 3257 6667 6762 2914 20676 1299 9002 22652
64396
8596
51405
12874 3303 15605
15547
49605 9002
29140
59689
20676 12586
34288 15576
6661 198290 2914
264911
28329
29680
3333 1103
12586
20080 1251 2914
22652
56730 31463
57381
263075
31463
9189
6730 513 6730
30844
58299
1103 3257
1251 28571
198290
38930 8283 1299
15605
8218 16347
3549
7575
262317
31424
42708 1299
1273 1299
5539
513
57118 196621
4589 3257
3257 1299
12779
6667
37640
196621 15576
2914 2497 29686 62567
553
20612
1299
16347
198249 15576
2497
6881
31122
50620
29686
198385
9002 43100
8283
25091
43100
6762
28571
15576 3303
3303
1280
2857
62567
