#src/zombie.py
# GMT Mon Oct  1 04:03:37 2018
# 
29691 13030
49605 3356
6894 2516
59689 30781
6720 1853
12637 3257
22356 3491 28634
266534 16735
39351 42708
59414 13030 12307
15605 3356
14907 13030
29075 15576 198385 1299
12307
3333 12859
52888 1251
22381 53070 12989
25220 2914
16347 2914
4657 38001 3491
2857 8365
8426 3356
20612 1836
12654 52720 52863
3491 174
7018 174
22652 3356
34019 30781
20764 8359 41722
3356 8359 1853 8896 29608 3549 15547 174 20932
29608
680 1299
8365 2914
20080 2914 1251
3549 263702 24611 52873 23106
198290 2914
9002 2914
20495 8455
29686 6453
15547
2914 2497 19151 29140 25091 1916 1280 29636 4844 7575 15562 30781 174 50300
6939 22548 31424 52720 2613 37640 5396 52320 202032 8607
42708 1299
56730 31463
20932
8359
37468 6453
8455 8283 13030
52863 52320
47692 6453
205206 16245
50877 174
25152 2497
2516 701
49463 13193
34549 33891
39392 3257 29504
51405 24611
29504
6762 174
15562
1103 286
5511 48526 30781 174
6881 25512
198249 13030
701 2497 174
31122 3257
38001
31424
50304 1299
24611
1273 6667 1299
59891 136620
513 6830
52873
62240 136620 1299
8607
47147 1299
37640
5396
48526
20676 12586 1299
4777 2497
28917 1299
57821 12586
263702
136620 136620
12779 3257
196621 15576
9304 3257
16245 1299
1916
37271 37239 1299
6830 174 6830
202194 13030
15576
52720 52720 16735
50763 8943
198385
6461 174 8218
6667
23106
37239
19151
25512 1299
25091
8283
50620 174
8218
202032
49375 1299
3257 41497 29680 31742 31463 174
30781
262757 16735
4844 37989
553 1299
2110 39122 5400
6453 30844 24482 174
1299 33891 13030 15435 174 8943 16735 13193 14061 52320 5400
64463 174
50300
33891
29636
8896
41497
13030 34288 21232 1836 35369 58299
1853
12586
31463
28571 1251
24482
12859 52320
29680
22548
53070
21232
28634
7575
34288
30844
1251
174 52320 286 25160
35369
286
39122
8943
2497
16735 12989 263508 52320
37989
41722
15435
31742
1280
29140
57111 52320
13193
12989
14061
2613
263508
52320
1836
5400
58299
25160
