#src/zombie.py
# GMT Mon Oct  1 04:44:51 2018
# 
263584 263321
16685 22356 16685 4230
6762 3257 37271 50877 5396
6720 8447
35699 174
22356 28634
15605 12874
14907 6908
29075 15576 198385 174 12859
12307 57118
3333 1136
1103 2603 12654 286
20612 1836
29226 2895 20485
6894 2497
8167 7738 25933
3491 64050 3257 38001 28513 7738
22652 3257
3356 3257 8426 35054 3549 2914
29608 57111
680 1299
49605 174
3549 52720
29686 6453
14061 1299
4230 28513 2914 262757
20932 174
28634
31424 33891
6730 6893 174
47692 33891
205206 16245
8896 174
37100 327782 12859
29222 3303
34549 33891
39392 33891 29504
51405 24611
20485 12859
12654 5413 12859 8455 57111
25160 174
29680 174
38001
39351 42708
1136 24785
8220 3320 15547
2603 30844
513 174
12874 3303
52873 12956
8607 2914
327782 327960
39821 9002
34177 12859
28917 174
1764 35369 174
5392 174
196621 8758
9304 174
56730 31463
15576 29691 198385 21232 8758 34288 174 198249
1221 4637 4608
4608
20562 12859
61568 263321 18881
43578 174
6461 3257 7575
6667 12859
23106 52320
23148 25152 701
25091 2914
31463 50300
6893 2613
3257 41497 701 7018 12586 12859 3252 3320 9002 6453 12956 2914 286 174 1299
3252
35054
198290 6661
1299 8732 50304 13030 8455 8943 42708 4637 15435 29551 5400 286 13237 1299 8447 6939
33891 3320 12859
198385 202194
40191 174 395766
29551 25220
51395 59891 174
12859 16347 13030 37497 41095 48526 2914 6939 286
38930 8283 174
53070 10429
21232
2895
1251 52888 20080
174 12779 16245 24785 19151 51185 29140 37468 12350 24482 174 553 16735 31742 6661 8218 12389 52320 1836 13760 64463 50300
6939 30132 14007
8943 50763
25933
16735
31742
4777 2497
8222 3320
59414 13030
5413
3320 47147 3303
12779
5400 2110
58299 13030
13760
263321
29691 57118
553
59689 8218
37497
12637 2914
266534 18881
395152 14007
52720
25220
16347
25227 12389
20764 8732 41722
8426
24785 24785
20080 2914
9002
50877
2914 8455 6908 1916 15562 29208
50304
42708
4637
286
50763
30132
202194
25152
59891
49463 8218
7738
29208 15685
29504
7018
15562
52888
6881 15685
198249
8732
24611 6661
701 2497 1280
47147
5396
48526
13237
57821 12586
12956 28220 10429 18881
16245
6908
1916
37271
41095
51185
37468
24482
3303
28220 28220
19151
8455
327960
8283
8218
12389
262757
15547
395766
2110 39122
6453
8758
64463
50300
41497
13030 1836
64050
12586
57118
12350
7575
34288
30844
14007
15685
35369
8447
39122
52863 52320
2497
41722
15435
1280
29140
57111
2613
52320
1836
10429
28513
6661
18881
