#src/zombie.py
# GMT Mon Oct  1 04:27:11 2018
# 
37468 174
2857 286
57821 12586
12874 3303 15605
174 6762 1299 48039 1280 513 12779 9304 19151 25160 174 29636 49605 12637 50300 21320 20932 31122 41497
286 8218 1273 12654
20965 680 1103
28917 6939
8359 3356 41617
56730 31463
2914 29208 62567 1299 8763 14061 20080 12654 7575
15435 25220
8455 6939
12859 9002
48039 8596
513
37497 6939
20080
41722 20764
31463 21396
1257 3333 1239
12637
50300
12586 6939
8218
12779
8607 6939
29208 15685
3356 1299 9002
37271 37239 6939
37640 6939
8763
12654 6762 25220 13030 6939 42708 680 9002
15685 6881
3257 9002
47872 6939
202032 6939
6881
8596
41497
2497 701
34288 6939
50304 42708
58299 6939
29680 6939
5511 29608 1299 5511
1103
50763 13030
34781 13030
198249 6939
20612 6939
42708 1299 57381
9002 198385 6453
7575
64396 6939
6762 6939
1836 13030
49605
13030 35369 1299 6939
8758 6939
8928 6939
8283 25220
14061
3333
8732 20764 1299
21396 6939
20932
41617
202194 6939
25160
9304
7018 1299
29636
3320 3303 6939
6939 196621 59891 1299 30844 6667 24482 15547 31424 5396
25220 1299
29608
21320 1853
5396
701 1299
31424
25091 13002
59891
62567
198385
25152 19151
15605
1299 1239
1239
196621
37239
6720 1853
30844
13002 20764
6667
24482
1280
680
6453
35369
1273
57381
20764
3303
19151
1853
31122
15547
