#src/zombie.py
# GMT Mon Oct  1 06:10:21 2018
# 
1916 2914
22548 3549
14061 1299
7018 701
34781 13030
198545 29152 174
8447 3320 6720
53070 10429
37239 4809
29075 1299
5396 6762
6453 8426 701 22652
701 3356 2497 6939 6830 1299 286 6762 174 702 2914 6461 1239 12956
8468 3549
25220 3320
3252 3252 20562 174 702 12654
48039 8596 3320
16735 28138 1299 3549
57821 12586
3491 3356
30844 20764
35054 3549
35699 174
2895 3267
29691 57118 15576
3356 47872 3320 3549 51185 30781 9002 41095 174 702 14361 8607
51405 24611
1853 1764
263321 263584 7738
4777 2497
6830 513 6830
13030 1299 1836 58299
9189 8422
1764 174
19151 174
8220 3320 15547
1239 4637
12956 28220 10429
41497 174
12859 30132 9002
29152 58308
50300 31463 174 2914
15435 1299
37271 4809 327995
24482 174
24611 6661
4230 28513 262757
52863 4809
198385 202194 41562
8426
12874 3303 15605
327995
59689 30781
12350 174
15547
59891 51395
3333 1136
20080 2914
5392 3549
25933 3549
31463 56730
6939 51395
58299
1103 286
20562
7575 6461
262317 10429
31424 33891
42708 50304 1299
513
57118
50763 8943
41562 15576
12779 174
30132
41095 3303 12654
2914 3320 29686 9002 16347 28513 4589 8943
553 680
7738 3320
1299 31122 1273 8455 2603 49605 174 13237 12586 62567
8607
198249 15576
2497
263584
4637 1221
6762 28329 702
4608 1221
15576 196621 3303 34288 8758
14361
62567
25160 174
8943
47872
262757
34288
56730
2613 25091
30781
3320 8222 8422 4809 33891 702 3303 13193 6661
8455
34177 174
1836
680 174
13002 174 25091
8758 20612
8359 20764 28917
8422
20764 174 12654
1221
28513
49463 13193
28917 39821
286 1136
6461 8218
28220
34019 3303
12637 174
39821
52720 3549
25152 1273
1273 6667 48526
8222
6720
4589
9304 3549
33891
202194
48526
13193
50304 57381
20932 174
3549 16397
51185
16397 263075
4134 4809 9002
13237
49605
29140 174
8596
6661 198290
28329
9002 12654
12586
22652
57381
174 3257 29680 50620 1280 64396 174 29608 38930
29686
702
29608
198290
28138
38930 8283
15605
8218
51395
263075
3257
1136
6667
4809
29222 3303
10429
196621
12654
64396
20612
16347
3267 2603
58308
31122
50620
8283
25091
2603
29680
3303
1280
