#src/zombie.py
# GMT Mon Oct  1 04:24:33 2018
# 
29608 6939
50620 174
2857 13030
12989 22548 23106 53070 6939
22548
264911 6939
57821 6939
62567 6453
174 64396 51395 29680 1299 24482 1280 20932 9304 15435 19151 29075 31133 1916 12779 20764 48526 1836
286 6939
198249 29691
28917 6939
22652 6939
198290 6661
56730 6939
2914 1299 20080 8455 6661
15435
8455
12859 6939
1280
513 6830
37497 6939
31133 31261
20080
29691 15576
16347 6939
41497 6939
50300 13030
8218 6461
16735 52320
15576 3303 196621
12779
8607 13030
6830 1299 6830
51395 59891
13002 20764 25091
3356 3549 1299 6939 9002 14061 15547
37271 37239 13030
4844 37989 6939
8763 13030
49463 13193
6661
3333 6939
3257 1299 1103
47872 6939
6881 6939
202032 6939
262317 6939
8596 13030
48526
12637 6939
2497 701 25152 6939
34019 3303
34288 6939
1916 1251
37989
50304 6939
58299 6939
23106
5511 1299 30781
1103
50763 8943
34781 13030
31261 41617
20612 1836
1251 28571
52320 6939
53067 6939
28571
9002
30781 59689
7575 6461
64396
701 6939
1836
49605 6939
13030 1299 8758 8426 25220 29140 29636 9189 4589 12654
8758
31424 6939
8283 38930
14061
25091 6893
8928 1299
3549 52720
9189
263075 6939
13193 3320
20932
37640 6939
263651 6939
52720
59689
25160 6939
29686 6939
9304
51405 6939
29636
29075 198385 6939
28329 6939
3320 3303 6939
6939 57381 1299 6461 30844 5396 6667 263152 553 7018 680 262757 12654 31122
25220
52863 6762
41617
5396
6762 1299
6893 2613
29680
59891
2613
38930 6453
263152
198385 202194
57381
25152
19151
20764 20764
1299 6453 8943 1273
196621
29140
30844
202194
7018
6667
24482
8426
1273
680
6453
262757
31122
8943
6461
53070
553
4589
3303
12654
37239
15547
