#src/zombie.py
# GMT Mon Oct  1 04:51:02 2018
# 
29608 174
50620 174
8422 9189 3320
2857 174
12989 22548 16735
42708 1299 50304
264911 6939
57821 12586
20676 12586 3356
29208 15685 2914
174 64396 12637 37271 198385 19151 29140 174 20932 1916 6667 24482 25160 680 9304 2914 29636 29075 41497 20764 12779
286 2914
12874 3303 15605
198249 13030
29551 25220 3320
28917 6939
22652 3356
198290 6661
62567 6453
2914 6762 701 1299 4844 8943 6453 7018 3257 6461 1239 6939 2497 2914 3320
15435 1299
1299 13030 1273 14061
12859 3257
1280 701
513 6730
37497 6939
31133 31261 3320
20080 6939
16347 6939
31463 56730 50300 21396
15547 6939
1257 3333 1239
41497
50300
12586
8218 6461
16735 12956
2497 9002 3356 6661 3320 10026 4589 48526 6939 12654 30781
12779
5539 8763 21385
8607 6939
262757 28666
3356 8426 21385 9002 1853 3549
37271 37239
4844 37989
8763
49463 13193
6939 29686 59891 37640 12956 263152 30844 263075 21396 262317 263651 50304 51405 28329 1251 202032 31122
6661
28666 4809
29140
37239
3257 1103
47872 44217
6881 15685
52863 6762
44217 6762
262317
8596 1764
48526
18881 52873 12956
12637
15576 6772 196621
34019 3303
34288 13030
1916
37989
50304 57381
58299 13030
23106 10429
1103
50763 8943
34781 13030
31261 41617
20612 1836
15605
1251 28571
680 680 553
53067 10429
28571
9002 49605
30781 59689
7575 6461
64396
6762
1836 13030
49605
13030 8455 35369 6772
12956 10429
8283 8455
14061
3333
3549 4809
9189
263075
21396
52873 52720
13193 3320
20932
56730
37640
263651
1764 3320
59689
25160
51405
4589
29686
9304
7018
29636
29075
28329
3320 6730 3303
21385
25220
202032
41617
53070 10429
701
8928 29680 10026
25091 13002 6893
59891
2613 6893
10026
263152
198385 202194
553
25152 19151
29680
19151
22548
8455
1239
196621
3303
6720 1853
30844
202194
13002 20764
6667
24482
8426
1273
6730 6730
12654
6772
6453
52720
35369
8943
6461
4809
57381
20764 20764
15685
6893
1853
31122
10429
