#src/zombie.py
# GMT Mon Oct  1 05:02:04 2018
# 
1916 2914
14061 1299
7018 174
34781 13030
8447 6720 3257
12654 20764
25160 174
12389 1273 48166
37239 37271
553 680
37989 4844
30844 6939
5396 6939
701 3356 1280 2497 703
25220 29551
263674 28329
20932 174
2613 6893
21320 174 1853
29551 3257
16735 52320 12989
59891 51395
12713 1273 47872
8455 13030 8283
3303 12874 174 34019
57821 12586
263152 6939
8763 5539
6893 25091
264911 6939
680 3356 680 174
8426 6453
174 3356 20764 3257 286 6762 29075 19151 2914 6453 6461 1239 1299 2857 198385 64396 6730 13002 37271 8422
13002 25091
16347 8218
8758 6939
48526 1273
29636 3257
20764 3356 6939 20764
51405 6939
1251 20080 28571
1853
28917 6939
29075
8943 1299 50763
29608 6453
49463 13193
53070 12989
286
8422 9189
6881 15685
34288 13030
202032 6939
19151
29691 13030
6453 29686 6453 24482 21396 62567
6461 7575 8218
6772 13030 15576
4844 2914
34019
13030 198249 35369 58299 51395 1299 1836
15685 29208
41497 3257
25152 1273
12859 6939
1273 5539 1299
24482
6720
48166
15605 12874
1239 1257
6939 28329 31424 263075 29208 198385 50620 703 37640 262317 15547
202194 198385
12989
50300 5580
5580 3257
15435 3257
52720 3549
8218
29208
8928 10026
13193 1299
50304 42708
47872
52863 4809
3549 3356 4809
64396
8596 48039
10026 3257
15547
31424
29140 3257
59689 30781
52320 2914
51395
25091
21396 31463
6661 198290 3257
9304 3257
28329
29680 3257
3333 1257
12586 3257
20080 2914
22652 3257
56730 31463
57381 42708
263075
31463
9189
35369
29686
58299
1103 3257
198290
703
1257
7575
262317
1836 20612
42708 1299
48039 3257
5539
513 6730
57118 196621
50763
4589 3257
3257 6667 49605 12779 8607 31122 37271
12779
6667
4809
37640
3356 30781 1299
2914 9002
196621 15576
20612
1299
8607
198249
2497
37271
31122
50620
30781
198385
9002
8283
6730 6730
6762
28571
15576
49605
1280
2857
12874
62567
