#src/zombie.py
# GMT Mon Oct  1 05:17:37 2018
# 
37468 174
50620 174
2857 174
12989 22548 16735 53070 6939
264911 6939
57821 12586
62567 3356
29208 15685 2914
174 64396 3356 198385 29680 29140 286 198290 174 48526 12637 13002 6667 1299 41497 25160 6730 20932 9304 7018 29636 29075 1916 50300 20764 19151 21320 31122 1764
43100 20764
286
198249 13030
28917 1299
15685 6881
8359 3356 41722 41617
198290
56730 31463
41722
2914 3356 20080 4844
15435 6939
8455 8283 13030
12859 9002
1280 1299
513 6730
29608 3356
20080
12956 3356 18881 10429
31463 50300
15547 3356
1257 3333 1239
12637
50300 6939
12586 20676
8218 6461 16347
16735 262757 3549 6939
2497 701
12779 3257
5539 8763 21385
8607 6939
3320 3303 1299
7018
3356 701 6762 20676 49605 553 3257 1239 22652 1299 8426 6453 3549 6461 6939 20764 9002 30781
37271 37239 6939
4844 37989
8763
49463 13193
21385 6939
4657 24482 6939
12874 3303 15605
42708 1299 50304 57381
3257 4589 1103
47872 44217
6881
52863 6762
44217 9002
262317 6939
8596 1764
48526
18881 52873
41497
15576 6772 196621
34019 30781
34288 13030
29140
37989
50304
58299 13030
23106 10429
1103
50763 8943
34781 13030
28329 3549
20612 1836
1251 28571 1916
680 1299
22548
28571
14061 1299
31424 6939
9002 12654
30781 59689
7575 6461
64396
701 23148
1836 13030
49605
13030 1299 35369 202194 6772
8758 6939
16347
8283
41617
3333
8732 20764 1299
8928 1299
3549
9189 6939
263075 6939
52873 52720
13193 1299
20932
37640 6939
263651 6939
1764
52720
59689
25160
4589
29686 6453
9304
51405 6939
29636
29075
23148 25152
1916
6939 263152 53067 59891 30844 1299 37497 5396 20764 202032 12654
25220 1299
202032
21320 1853
5396
6762
6893 25091 2613
25091 13002
59891
2613
263152
198385
553
22652
25152
29680
15605
53067
1299 8943 1273
1239
196621
20676
6720 1853
30844
202194
13002
6667
24482
8426
37497
1273
6730 6730
1853
6772
6453
262757
31122
35369
8943
6461
53070
57381
20764 12654
3303
19151
12654
37239
10429
