#src/zombie.py
# GMT Mon Oct  1 07:03:14 2018
# 
29608 5511
50620 6939
8422 1299 9189
2857 174
12989 22548 16735
24785 20562 1299
264911 6939
57821 12586
62567 3356
29208 15685 2914
174 6762 64396 3356 16347 5511 20932 29680 29140 51395 286 3257 31133 1239 37271 174 48526 12637 7018 6667 1299 701 1280 25160 680 12956 41497 12779 29636 29075 6461 2914 52320 20764 19151 21320 1916 31122
286 8596 34984
12874 3303 15605
198249 13030
34984 44217
22652 6939
198290 6661
56730 31463
2914 3356 4844 50300 4589 20080 6661 7575 30781
20485 13002 4635
15435 1299
8455 8283 13030
12859 6939
1280
513 6730
37497 6939
31133 31261
20080
16347
31463 21396
1257 3333 1239
41497
50300
12586 20676
8218 6461
16735 12956
15576 6772 196621
12779
5539 8763 21385
8607 6939
51395 59891
7018
3356 1299 37271 14061 6453 20676 20764 3549 49605 15547 6939 25220 9002
37271 37239
4844 37989
8763
3303 34019 3320
49463 13193
6939 31424 13030 37640 8758 5396 263152 4635 53067 263075 24482 202032 2497 263651 262317 8426 51405 262757 53070 20764 52863 21396 3320
28917 1299
6661
4635 10026 9304
29140
37239
3257 1103
47872 44217
6881 15685
52863
44217
262317
8596
48526
18881 52873 12956
12637
2497 701 25152
34019
34288 13030
1916 1251
37989
50304 42708 57381
58299 13030
23106 52320
5511 5511
1103
50763 8943
34781 13030
31261 41617
20612 1836
15605
1251 28571
52320
42708 1299
28571
14061
31424
9002
30781 59689
7575
64396
701
1836 13030
49605
13030 35369 6772
1853 21320 6720
8758
12956 6762
8283
41617
3333
8928 10026
3549 28329
9189
263075
21396
13193 1299
20932
198385 29075 202194
37640
263651
59689
25160
4589
29686 6453
9304
51405
29636
29075
28329
3320 6730 1299
21385 20764
25220
202032
21320
5396
6762
6893 25091 2613
25091 13002
59891
2613
10026
263152
20562 20764
553 680
25152
29680
19151
22548
1299 8943 1273
1239
196621
53067
20676
6720
30844 20764
202194
13002
6667
24482
8426
1273
6730 6730
680 680
6772
6453
262757
52720 52873
35369
8943
6461
53070
57381
20764 12654
15685
52873
12654
31122
15547
