#src/zombie.py
# GMT Mon Oct  1 05:11:36 2018
# 
37468 174
50620 174
2857 174
12989 22548 53070 6939
52720 52873
57821 12586
62567 6453
174 64396 1836 49605 174 52320 29680 19151 198290 29140 48526 12637 6667 15435 1299 24482 1280 48039 6772 9304 29075 41497 50300 20764 12779 1764
286 1299 1103
12874 3303 15605
198249 15576
28917 6939
15685 29208 6881
1273 1299
198290
56730 6939
41722 20485
2914 8455 1299 4844 8943 4589 14061 20080 9002
8447 6720 3320
20485 13002 1299
15435
8455
12859 6939
1280
513 6730
29608 6939
31133 31261 3320
20080
16347 8218
15547 6939
1257 3333 1239
41497
50300
12586 6939
8218 6461 59689
16735 6762 28329 4809 6939 1299 52873 14840 1916
2497 701
12779
5539 8763 21385
8607 6939
29208 6939
3356 25074 3549 553 4230 680 6939
264911 6939
37271 37239 6939
4844 37989
8763
34288 15576
49463 13193
21385 6939
16265 38930 6939
25074 9189
42708 1299 50304
3257 1299
47872 44217
6881
202032 6939
44217 6939
262317 6939
8596 48039
48526
12637
15576 6772 8220 196621
34019 3303
1916 1251
37989
50304 57381 6939
58299 6939
23106 52320
1103
50763 8943
34781 13030
28329 12654 3549
38930 8283
15605
1251 28571
52320
22548
28571
9002
7575 6461
64396
701 1299
1836 20612
49605
13030 1299
8758 6939
31424 6939
14840
20612
8283
14061
3333
8928 10026
3549
9189
263075 6939
13193 3320
20932 6939
37640 6939
263651 6939
59689
25160 6939
4589
29686 6939
9304
51405 6939
8220 6939
29636 6939
29075 198385
31261 41617
3320 3303 6730 1299
6939 6762 10026 263152 59891 37497 53067 30844 1299 8426 25220 31122 5396
25220
52863 12654 4809
41617
5396
4809
6762 1299
6893 25091 2613
25091 13002
59891
2613
10026
263152
198385 202194
553
22652 6453
25152 19151
29680
19151
53067
1299 6453 6461 1239
1239
8426
196621
29140
6720
30844
202194
13002
6667
24482
48039
37497
4230 262757
6730 6730
680
6772
6453
262757
31122
35369 1764
8943
6461
53070
57381
20764
3303
52873
12654
37239
1764
