#src/zombie.py
# GMT Mon Oct  1 05:57:57 2018
# 
52873 18881 52720
1916 2914
22548 3549
14061 1299
7018 5511
34781 13030
8447 50304 6720
53070 10429
37239 4809
29075 174 50620
5396 3356
701 4134 2497 1299 702
8468 3549
25220 3356
3252 702
16735 28138 1299 3549
57821 12586
3491 3356 174 12389
30844 6939
35054 3303
35699 174
2895 29076
29691 57118 15576
3356 20764 4230 3549 51185 8426 19151 41095 3356 15547 20932 9002 50300 49605 34177 25074 5511 31463 680 174 48526 28917 29608 14361 8359
51405 29608
1853 1764
263321 263584 7738
4777 2497
6830 513 5511 6830
13030 31424 51395 58299 29608 1836
9189 25074
1764 50304
45896 174
6453 5511 22652 29686
12956 18881 5511 10429
52720
12859 42708 30132
5511 29608 209 3257 1299 6762 174 2914 6461
6939 1280 24785 29608
50763 8943
15435 1299
37271 4809 327995
8222 3320
47872 50304
4230 262757
52863 6762
43531 50304 8596
8426
12874 3303 15605
327995
59689 58308 30781
12350 29608
15547
2613 6893
59891 51395
3333 1136
20080 2914
5392 174
25933 3549
31463 56730
28917 39821 8359
1103 3257
29076 12389
20562 50304
58299
198385 202194 41562
31424
42708 42708 50304 13101 1299
513
57118
4637 1221 209
41562 15576
12779 174
30132
41095
2914 2497 4713 8455 1299 8607
553 680
7738 174
1299 50304 3320 8943
6762 28329 174
8607
198249 15576
2497
263584
34177
29222 3303
4608 1221
15576 196621 3303 34288 8758
14361
62567 50304
22652
25160 174
12389
4589 3257
24785 1136 24785
262757
34288
56730
7575 6461
30781 29608
3320 3303 13193
8455
8943
1836
6893 25091
680
13002 20764 25091
8758 20612
48526
20764
1221
49463 13193
286 174
13101 12586
6461 8218
28220 3549
34019 29608
12637 174
39821
41497 174
4713 25152
25152
18881
50300
24482 174
6720
9304 29608
202194
8359
13193
50304 57381 6667 174 12654 13237
20932
3549
51185
19151
4134 4809
13237
49605
29140 174
8596
6661 198290 174
28329
9002
12586
209
25074
57381
174 31122 64396 174 38930
29686
702
29608 12654 43100
198290
28138
38930 8283
15605
8218 16347
51395
3257 29680
1136
6667
4809
29680
10429
196621
12654
64396
20612
16347
58308
31122
50620
8283
25091
43100
3303
1280
