#src/zombie.py
# GMT Mon Oct  1 04:55:25 2018
# 
29608 3356
50620 174
8422 3356 9189
2857 8365
12989 22548 16735
30844 6453
264911 10429
57821 12586
62567 6453
174 701 6762 29680 12956 6453 3356 19151 286 3257 1239 3303 64396 2914 15576 7018 1299 25160 16347 5511 29075 6461 6830
286 8596 34984 1103
198249 15576
29551 25220 3257
34984 44217
22652 3257
52863 6762
56730 31463
2914 29636 4844 8365 20080 6661 9002 7575 1916
8447 1299 6720
15435 1299
8455 3257
12859 6939
8365
513 6830
37497 6939
31133 1299 31261
20080 1251
16347
31463 50300 21396
15547 1299
1257 3333 1239
41497 3257
50300
12586 20676
8218 6461
16735 262757 1299
15576 34288 196621
12779 3257
5539 8763 21385
8607 6939
6830 6830
51395 3257 59891
7018
3356 553 20676 680 3549 6939 30781
37271 37239 1299
4844 37989
8763
49463 13193
21385 6939
28917 1299
6661 198290
29140 3257
42708 1299 50304
3257 4589 9304 31122
47872 44217
6881 15685
202032 6939
44217
262317 6939
8596
48526 5511
12637 6939
2497 701 25152 6939
34019 3303
34288
37989
50304 57381
58299 13030
29680
5511
1103
21396 6453
50763 8943
23106 10429
34781 13030
31261 41617
38930 1299 8283
1251 28571
680
22548
28571
31424 6939
1273 6667 1299
30781 59689
7575
64396
701 1280
1836 13030 20612
49605 6939
13030 35369 1299
8758 6939
12956 6762 52873 10429
8283
14061 1299
3333
8732 20764 1299
8928 10026
3549 28329
9189
263075 6939
198290
13193 1299
20932 6939
37640 6939
263651 6939
59689
25160
4589
29686 6453
9304
51405 6939
29636
29075 198385
28329
1916
6939 10026 263152 25152 19151 53067 12654 5396
25220
20612
41617
5396
6762
6893 25091 2613
25091 13002
59891
2613
10026
263152
198385 202194
553
25152 12654 19151
19151
53067
1299 8943 15685
1239
196621
3303
37239
6720
20676
202194
13002 20764
6667
24482 6453
1280
9002
8426 6453
6453
262757
52720 52873
35369
8943 8943
6461
53070 10429
57381
20764
15685
52873
12654
31122
10429
