#src/zombie.py
# GMT Mon Oct  1 04:21:44 2018
# 
1916 20080
22548 3549
14061 1299
7018 3320
34781 13030
59891 35054
559 553 513
53070 10429
37239 4809
29075 6453 58308 16347 1299 50620
5396 3356
6453 6830 24482
8468 2603
25220 2603
3252 9002
16735 52320 28138 1299
57821 12586
3491 3356 28513
24785 1136 6939 24785
35054 198249 198385 31424 58299 9002 43531 57118 64396 43100 3356 6730 202032 196621 12654 202194 34288 20612 29691
6730 513 6730
35699 174
2895 3267
29691
3356 47872 41095 3549 51185 8426 6830 34177 29222 29608 50300 30781 8359
51405 24611
1853 20965
263321 263584 7738
7660 22388 2500 9270
4777 2500
6830 3320 9002 513 6720 4589 3257 9189 286 6939 174 2914 13237 20562 1299 6762
13030 1299 1836
9189
30132 12859
202032
45896 174
8220 3320 15547
12956 3320 10429
52720 3549
12859 2603
3216 20764 21320
6939 30844 1280
50300
15435 3257
37271 4809 327995 2603
24482
24611 6661
4230 28513 262757
52863 4809
198385
43531 8596
8426
12874 3303 15605
327995
59689 30781
19151 174
15547
29680 3257
3333 1136
20080 6762 11096
5392 3549
25933 3549
51945 39326 56730
58299
1103 3257
13237
20562
2613 6893
31424
42708 57381 2603
513 20965 21320 3320 12654 513
57118
50763 8943
4589
12779 3257
41095
2914 3320 2497 4713
553
39326 2603
7738 3320
1299 20932 7545 1273 2603 8943 12350 4809 49605 52320 38930 8455 62567
8607 2603
198249
2497
263584
7545 24130
34177
29222
4608 24130
15576 3303 8758
14361 3257
62567
25160 2603
8943
47872
30844
262757
34288
56730
24489 24490 24489 9270
7575 24490
21320 2603
30781
3320 8222 3303 4809 6762 6461 13193 6661
8455
2603 50304 6667 3267 29140 29686 34019
1836
6893 25091
680 20965
11096 11537
13002 20764 25091
8758
48526 1273
9270 9270
20965 11537
20764
28513
49463 13193
28917 8359
286
12350
6461 8218
28220 3549
34019
12637 3257
39821 9002
41497 3257
4713 25152
25152
24130
8222
64396
9304 3549
202194
8359
13193
50304
20932
3549 16397
51185
43100
16397 263075
1273
52320
49605
29140
11537 22388
8596
6661 198290
28329 6762
24490
9002
6720
12586 3257
22652 3257
57381
174
29686
29608
198290
28138
38930 8283
15605
8218
2500 2500
263075
3257 31122
1136
6667
4809
6762
10429
196621
12654
20612
16347
58308
31122
50620
22388
8283
25091
3267
3303
1280
