#src/zombie.py
# GMT Mon Oct  1 06:19:01 2018
# 
1916 52888 6939 28571
14061 2914
7018 2497
34781 13030
59891 6939
30844 6939
25160 174
263152 6939
553 680
37989 4844
20485 13002 2497
6461 2497 8218
56730 51945
263075 6939
20932 6939
2613 6893
30781 2497 34019
3320 513 2497 3320
16735 2497
8455 2914
174 2857 64396 12779 2914
57821 6939
57866 6453 8283
8763 2914
6893 25091
680 3356
8426 3356
35369 13030
13002 25091
16347 6939
48526 2497
29636 2914
20764 6939
51405 6939
52888
1853 3356 6720
28917 6939
8943 2914 50763
29608 6453
49463 6939
53070 12989
286 2497 8596
6881 6939
202032 6939
19151 2914
6453 24482 2497 6453
25220 6939
37239 6939
4844 2914
34019
13030 2497 29691 1836
41497 6939
25152 6939
12859 6939 3333
50300 6939
24482
6720
9304 6939
6939 50304 198385 20080 262317 49605 29075 59689 34288 15547 264911 28329 51945 29686 12989 58299 57118 9189 37640 20612 8607 198249 2497 31122 50620 202194 15435
202194
12989
12654 2497
50763
29075
52720 3549
8218
8928 29680 2914
50304 57381
47872 3356
52863 4809
3549 3356 4809
64396
12874 3303 15605
49605
29140 2914
59689
8596
34288
264911
28329
29680
3333
29691
20080
22652 3356
15547
57381
15435
9189
51945
29686
58299
1103 2914
198290 2914
15605
28571
7575 2914
262317
1836
42708 1299
1273 2497
513
57118
4589 2497
3257 2914
12779
6667 2497
4809
37640
3356 2497 15576 37271
2914 2497 6762 2914 1299 62567
196621 15576
20612
1299
8607
198249
2497 9002 3303 1280
37271
31122
50620
198385
9002
8283
25091
6762
15576
3303
1280
2857
62567
