#src/zombie.py
# GMT Mon Oct  1 05:15:25 2018
# 
29608 5511
50620 174
8422 1299 9189
2857 174
12989 22548 16735
264911 10429
57821 12586
62567 3356
174 6762 64396 3356 12956 6453 28917 19151 286 3257 1239 20932 2914 7018 1299 701 1280 25160 16347 5511 6461 20764 21320 6830
58299 13030
198249 13030
28917
15685 1299 6881
8359 20764 19151
198290 6661
56730 31463
29140 3257
41722 20764
2914 1916 4844 12956 20080 19151 3320 4589 6661 3356 8607 7575
15435 1299
1299 31133 13030 42708 14061 8943 29075 13193 1273
12859 6939
1280
513 6830
37497 6939
31133 31261
20080
16347
31463 21396 50300
15547 3356
1257 3333 1239
41497 3257
50300
12586 20676
8218 6461
16735 12956
2497 701 25152 6939
12779 3257
5539 8763 21385
8607
6830 6830
51395 3257 59891
13002 20764 25091
3356 20676 8426 680 553 3549 22652 25220 9002 30781
37271 37239 6939
4844 37989
8763
34288 13030
49463 13193
21385 6939
6661
28666 262757 6939
12874 3303 15605
42708 50304
3257 29636 29680 29686 9304 31122 12637
47872 44217
6881
52863 6762
262317 6939
8596 286
48526 5511
18881 52873 12956
12637
15576 6772 196621
34019 3303
15605
37989
50304 6939 57381
286 1103
29680
5511 5511
1103
50763 8943
23106 10429
34781 13030
31261 41617
20612 1836
1251 28571 1916
680
53067 10429
28571
14061
31424 6939
1273 6667 3320 25152 6939
30781 59689
7575
64396
701
1836 13030
49605 9002
13030 35369 8455 202194 6772
1853 21320 6720
8758 6939
12956 10429
8283 8455
41617
3333
8928 10026
3549 28329
9189
263075 6939
21396 6453
13193
20932
37640 6939
263651 6939
52720 52873
59689
25160
3320 3303
4589
29686
9304
51405 6939
29636
29075 198385 6453
28329
23148 25152 6939
1916
6939 44217 10026 263152 19151 25152 30844 12654 202032 5396
25220
202032
21320
5396
6762
6893 25091 2613
25091
59891
44217
10026
263152
198385
553
22652
25152 12654 19151
19151 9002
22548
8455
1239
196621
20676
6720
30844
202194
7018
6667
24482 6453
8426
9002
6772
6453
262757
31122
35369
8943
6461
53070 10429
57381
20764 20764
3303
52873
12654
37239
10429
2613
