#src/zombie.py
# GMT Mon Oct  1 03:51:37 2018
# 
52873 18881 52720
1916 52888 2914
22548 3549
14061 3356
7018 1299
34781 31025
59891 51395
53070 10429
37239 4809
29075 3320 50620
5396 3356
6453 174
701 4134 2497 174 702 2914 1280
8468 3549
3252 702
48039 12586 8596
28220 12956
16735 28138 12956 3549
57821 12586
3491 3356
30844 5413
35054 3356
35699 2914
2895 3267
29691 57118 13030 15576
3356 20764 47872 3549 51185 3356 22652 6667 6762 19151 2914 25220 12956 9002 8222 1836 1299 29152 680 29608
51405 24611
52888
1853 6720 1764
58299 174
4777 2497
13030 198249 5413 51395
9189 8422
1764 31025 2914
19151
8220 31025 5413 15547 15576
12956 10429 18881 6695
52720
12859 25220 30132
5511 48526 2914
29152 58308
50763 8943
15435 1299
263584 263321
24482 31025
24611 6661
8426 6695
12874 3303 15605
327995 37271
59689 30781
12350 25220
15547
2613 25091
29680 8928
3333 1136
20080 2914
5392 3549
25933 26615
31463 56730 21396
263321 7738
1103 3257
20562 5413
198385 31025 202194 41562
262317 10429
31424 33891
42708 50304 5413
513 20965
57118
4637 1221 5413
4589 2914
41562 15576
30132
41095 5413 24785
2914 12637 2497 4713 8455 5413 25160 174 29686 12654 3303 25220 62567 7575
553 680
7738 3320
1299 25220 174
8607 5413
198249
8732 20764 31025
2497
37271 4809
31025 6695 29140 30781 31122 8422 34177 12779 33891 16347 29551 8218
8928 5413
26615 6762 26615
29222 3303
15576 196621 3303 34288 8758
14361 3257
62567
25160
34177
47872
24785 1136 24785
34288
56730
7575
30781 34019
3320 174 4809 680 13237 3303
8455
8943 5413
1836
680 20965 680 12654 174 3303
13002 20764 25091
8758 20612
48526
8422
20965
20764
1221 4608
5413 9002 50300 12654 49605 9304 3267 8359 16265 21396 6661
49463 8218
28917 8359
286 174
13101 12586 25220
16265 38930
25220 20932 12654 29551 3257
29551
34019
12637
39821 9002
41497 174
4713 25152
25152
18881
50300
8222
6720
9304
33891
202194
8359
4608
6695
50304 57381
20932
3549 16397 28329
51185
16397 263075
4134 4809
13237
49605
29140
8596
21396
6661 198290
28329
9002
12586
22652
57381
174 64396 3257 6762
29686
702
29608
198290
28138
38930 8283
15605
8218
51395
263075
3257
1136
6667
4809
6762 12654
10429
196621
12654
64396
20612
12779
16347
58308
31122
50620
8283
25091
3267
3303
1280
