#src/zombie.py
# GMT Mon Oct  1 05:52:57 2018
# 
7018 3257
6720 1853
15605 12874
14907 1257
29075 15576 198385 174 12859
202032 6939
3333 1257
1103 2603 8758 12654 286
22381 53070 12989
20612 1836
4657 38001 3491
6894 174
31025 12586 29551 57111
3491 3257 22356
22652 13030
3356 3257 3549
29608 174
680 1299
49605 174
3549 263702
20495 286
20932 174
31424 57111
53067 6939
47692 33891 12654 6939
205206 16245
8896 174
28634 22356
39392 174 29504
51405 57111
12654 8455 13030 12859 6939
43100 57111
1273 1299
38001
198290 174
1257 1239
29680 174
2603 30844 50304
513 6730
12874 3303
8607 6939
28571 1251
264911 6939
28917 57111
263702
1764 35369 174
196621 15576
9304 6939
6695 8426 57111
15576 29691 198385 21232 34288 174 198249
6667 174
263152 6939
23106 52320
34019 3303
25091 12859
1239 3257
29636 174
3257 701 174 12859 3320 6762 2914 6453 1299 6939
30781 59689 12859
4844 37989 6939
39351 174
13101 34549 57111
1299 14061 8455 5400 286
33891 57111
198385 202194
29551 25220
50620 174
29686 57463
12859 8943 16347 16265 9002 6939 286
38930 8283 16265
53070
21232
51945 56730 174
1251 52888 1916
174 553 16245 1916 37271 12637 20764 24482 3303 19151 25512 50877 64463 37468 41497 51395 49463 15435 29140 6730 1836 174 25160 31122 16735 31742 21320 48526 12779 50300
6939 263075 262317 22548 7575 52720 16735 1280 57111 20080 37640 5396 58299 263508
8943 50763
59891 51395
16735 12989 262757 52320 266534
57463 57111
31742
1916
59414 13030
14061
3320 3303 47147
51395
12779
5400 2110
58299
25160
29691 57118
553
59689
12637
262317
266534
16265
263075
52720
25220
16347
20764 41722
8426
20080
9002
202194
2914 15562 8455
50304
56730
286 57111
50763
8455
50877
25152 19151
49463
57821 12586
6730 6730
6762
15562
52888
6881 25512
198249
31122
701 2497
21320 1853
47147
37640
5396
48526
4777 2497
16245
34549
37271 37239
37468
22356
3303
49375 57111
37239
19151
25512
8283
8218 57111
12307 57118
262757
15547 57111
2110 39122
6453
8758
64463
50300
41497
13030 57111
1853
12586
24482
57118
22548
7575
34288
30844
35369
39122
52863 52320
2497
37989
41722
15435
1280
29140
57111 2613 2857
12989
2613
263508
52320
1836
2857
29504
