#src/zombie.py
# GMT Mon Oct  1 06:26:17 2018
# 
37468 31025 37239 174
8447 6720 2914
57821 12586
13002 20764 25091
8455 2914
198249 15576
29551 31025 25220
28917 8359
22652 6453
198290 6661
41722 20764
34177 2914
34019 30781
48039 12586 8596
4230 262757 28513
20080 6762
31463 56730 21396
13101 12586 31025
8218 49463 5413 16347
16735 22548 52320
12779 5413
30132 6939
37271 327995 2914
12350 174
7738 701 263321 1299 8167
12654 25220 6762 5413 2914 680
12874 3303 15605
3257 1299
47872 6939
263584 263321
50304 42708 57381
41497 174
15576 34288 47176 29691 8220 41562
51185 3356
286 1299
23106 52320
50763 8943
28329 6762
20612 8758
52320 2828
22548
1136 24785 3333
30781 59689 2914
2895 29226
4777 2497
64396 174
6762 701 3356 1299 3320 174
20965 11537 680
47176 25435
8758 8220 196621
6893 25091 2613
41617 8359
3333
3549 28220 3356 5392 52720
21396 5413
11537 27750
53070 22381
29222 3303
37100 327782 2914
2613
25160 3356
9304 174
25074 9189 5413
29075 174
1916 52888 27750 174
20562 25220
52863 4809
38930 8283 16265
25091
59891 51395
27750
25152 6939
29680 8928
15605
9189
1239 1299 4809
2828 5413
7018 1299
327782 327960
8426 5413
5392
4608 24130
28513 3491
33891 25220 31424 553
57381
20764 8359 25227
3303 3320
7575 2914
37239
15547 8220
20940 37497 5413
25933 8167
35054 3356
3252 9002
24785 24785 6939
16265 5413
174 1299 19151
3491 2914
8359 5413
45896 3356
56730
2914 35699 29140 1299 12637 2497 14361 29686 5413 8943 4589 25220 6661 9002
15435 1299
1299 3356 1299 14061 6453 680 25220 3320
25435
1280 6939
513 6830
37497
29691 57118
59414 6830
8167
12586
263321
5413 8928 49605 13030 48526 1103 42708 9002 6830
6830 6830
51395 6939
262757
3356 25220 29608 20932
49463
29140
327995
13237 25220
8596
48526
12637
2497
34288
12307 57118
28220
1103
57118
42708
9002 39821 29226
8928
49605
13030
29226
16347
8283
14061
24130 7545
20932
41562 198385
202194 6939
327960
29686
8220 25220
3320 8222
6939 25220 7545 30844
25220 24482
29608
6661
52888
8222
701
31424
35699
25227
198385
553
19151
7545
39821
58308 59689
196621
31025
6720
30844
59689
24482
14361
680
6453
8943
4809 22381
4589
22381
52720
