#src/zombie.py
# GMT Mon Oct  1 05:43:50 2018
# 
37468 37239 1299 174
24611 6661 51405
8447 6720 2914
57821 12586
198249 13030
29551 25220 1299
28917 8359 39821 1299
22652 3257
198290 6661
34177 3356
8455 1299
48039 12586 8596
4230 262757 28513
1299 62567 13030 12350 52320 14061 8732 174 1299 4637 13237 20932 15435 680 8943 38930 6939 42708 1273
20080 6762 1251
31463 56730 3356
50300 174
8218 6461
16735 22548 52320
12779 3257
8607 2914
37271 327995 174
12350
7738 701 263321 8167 12956
12654 25152 6939
3257 37100 29140 12859 12586 12389 9304 25152 5396 174
47872 6939
263584 263321
12307 57118
41497 174
15576 3356 47176 8758 196621 3303 41562
51185 3356
58299 13030
23106 52320
286 1103 174
50763 8943
28329 3549
38930 8283
52320
22548
1136 24785 3333
30781 5511 59689
2895 29076
4777 2497
64396 174
701 174 2914 1280 2497
47176 25435
8758 6830 20612
41722 20764
1221 4637 4608
41617 31261
3333
8732 20764
3549 3356 5392 52720
12859 30132
4637
29222 174
37100 327782
2613 6893
25160 174
9304
25074 3356 9189
29075 6762 198385 174
31261 31133
1916 174
52863 6762
8426 3356
6893 25091
25091 13002
59891 51395
15605 12874
29680 174
25152 19151 6939
34019 3303
12389 29076
9189
7018 174
327782 327960
30132
6730 6730 174 513
1273 6667 24785
5392
4608
28513 3491
53070 22381
57381 42708
20764 25227
3303 12874 3320
7575 6461
37239
15547 8220
29691 13030
25933 8167
35054 3356
3252 174
24785 24785
12874
174 6762 3356 49605 12637 5511 19151 35699 2914 3491 12956 6453 6461 3320 6661 6830
3491
8359 3356
45896 3356
56730
2914 3356 29686 4134 14361 16347 19151 3320 4589
15435
31133 3320
25435
1280
513
12956 28220
59414 6830
8167
12586
263321
6830
51395 6939
262757
3356 553 29608 9002
4134 4809
49463 13193
29140
327995
13237
8596
48526 5511
12637
2497
34288 13030
50304 42708
29076
28220
5511
1103
57118 196621
1251 52888
42708
9002
62567
49605
13030 31424 19151
16347
20612
8283
14061
13193 3320
20932
41095 13002 19151
41562 198385
202194 198385
327960
29686
51405
8220 3320
3320 8222
6939 30844
25220
29608
6661
52888
5396
8222
6762
31424
35699
25227
198385
553
19151
39821
58308 59689
196621
6720
30844
59689
6667
24482 6453
14361
680
6453
52720
8943
6461
4809 22381
4589
22381
13002
