#src/zombie.py
# GMT Mon Oct  1 06:32:07 2018
# 
1916 2914
14061 1299
7018 2914
34781 13030
29636 174
2914 3356 3320 12859 20080 4589 3257 1299 5511 15830 174 8943 52320 6453 701 37271 4844 6461 6762
25160 174
263152 6939
29686 6453
24611 51405 6661
37989 4844
1836 13030 20612 174
5396 6939
8220 12859 15576
701 1280 2497
25220 29551
20932 174
2613 6893
21320 174 1853
30781 12859 59689
3320 12713 8422 3303
16735 52320 12989
59891 51395
12713 47872
8455 13030
3549 3356 52720
57821 12586
57866 174 8283
8763 5539
6893 25091
680 553 3356 680 174
8426 6695
6730 513 174 6730
13002 20764 25091
8607 6939
8758 6939
48526 174
8422 9189
3356 22652
51405
52888 1251
1853 6720
28917 1299
29075 174
8943 50763
29608 5511
49463 13193
53070 12989
286 12859 6939 1103
6881 15685
202032 6939
19151 174 25152
29691 15576
6453
6461 8218
37239 37271
4844
34019 3303
13030 51395 1299
15685 29208
41497 174
25152
12859 198385 31122 9002 31025 21385 49605 6939 12654 6695 16347
50300 5580 31463
29551 31025
6720
9304 15830
5511 5511
9189
15830
202194 198385
12989
50763
5580 3257
15435 1299
52720
37271 174
29208 6939
24482 4657
13193 1299
50304 57381 42708
47872
52863 6939
20764 20764 6939 174
64396 174
35369 174
263651 6939
1273 1299
15547 6939
49605
29140 174
8928 10026
59689
52320
51395
8596 48039
34288 15576
6661 198290 6695
4657 6939
264911 6939
28329 6939
29680 174
9002
3333 1103
12586 31025
20080 1251
22652
56730 31463
57381
263075 6939
31463
6939 262317 31424 37640 12654 10026 7575 50620 30844
174 198385 12779 6667 58299 174 2857 15576
30844
58299
1103
1251 28571
198290
15605 12874
8218
7575
262317
31424
42708 1299
48039 31025
5539 21385
513
57118 196621
4589
3257
12779
6667
10026
37640
196621 15576
12654
553
20612
1299 62567
16347
198249 15576
2497
6695
31122
50620
31025
198385
21385
8283
25091
6762
28571
15576 3303
3303 12874
1280
2857
12874
62567
