#src/zombie.py
# GMT Mon Oct  1 05:22:31 2018
# 
6762 20080 12654 174 4230 3356
6720 8447
35699 174
22356 3491 28634
15605 12874
29075 174 58308
12307 39540
3333 1136
1103 3257
22381 53070 4809
20612 9044
4657 24482 38861
29226 2895 20485
8167 7738 25933
3491 7738 3491 64050 174 41095
22652 174
3356 3549 5396 20932 174 29222
29608 12779
680 1299
49605 5413
3549 52873
4809 4134
4230 262757
20932
28634
12637 174
47692 33891 35054 12654
8758 6830 196621
8896 174
37100 327782 2914
29222
34549 59891 13101
39392 174 29504
51405 24611
38861 4637
20485 2914
12654 5413 47147 12779 2914 6939 57111
29680 8220
8359 5413 20764 28917
38001 41095
39351 42708
1136 24785
8220 15576 5413 15547
5392 174
12874 3303
52873
1299 14061 47147 8222 174 1299
8607 5413
327782 327960
39821 9002
34177 2914
28917
513 6830
196621
9304 174
56730 31463
6830 5413 6830 59622 59414
59622 9044
15576 29691 198385 21232 34288 198249
1221 4637 4608
4608
20562 12779
43578 174
6461 5413 7575
6667 5413
23106 10429
23148 25152 701
16347 2914
25091 2914 6893
3257 12586 174 15435
30781 2914 59689
3252 174
35054
198290 6661
13101 57111
31463 5413 50300
33891 3320
198385 202194
29686 2914
12859 47147 30132
28929 12779
38930 8283 16265
53070
21232
1251 52888 20080
174 37468 41497 51185 49463 20764 553 12350 7018 1836 12956 6327 3303 286 16735 701 12389 6661 1916 8218 31742 3320 50877 12779 6453 64463
6939 13760
8943 2914 50763
2895
16735
31742
4777 2497
39540 57118
8222
59414
5413 5400 13030 41095 4637 8426 19151 16265 9002 48526 2914 42708
3320
12779 12779 2914 202032
5400 2110
58299 13030
13760
25160 2914
29691 57118
553
59689
37497 2914
34288
395152 63297
16265
52720 37468
25220 2914
6327 63297
25227 12389
20764 41722
12389
8426
20080
9002 2914
50877
2914 8455 37271 29140 15562 29208 8447 4134 47147 13237
50304 42708 57381
42708
4637
286
50763
63297
30132
9044
202194
25152
25933
49463
7738
29208 15685
29504
7018
15562
52888
6881 15685
198249
24611 6661
701 2497 1280
59891
4134
47147 30844
5396
48526
58308
13237
57821 12586
12956 28220 10429
14061
24785 24785 41095
1916
37271
41095
51185
31424 13030
6893 2613
3303
28220 28220
37239 57111
24482
8455
327960
8283
8218
202032
37468
262757
15547
2110 39122
6453
64463
50300
41497
13030
64050
12586
57118
19151
57381
12350
7575
30844
15685
8447
39122
2497
41722
15435
1280
29140
57111 6661
2613
1836
10429
6661
