#src/zombie.py
# GMT Mon Oct  1 05:18:04 2018
# 
37468 13237
8447 8387 6720
57821 12586
8455 1764
198249 29691
28917 8359 39821 174
22652 3257
198290 13237
41722 20764
34177 13237
34019 13237
8426 8218
4230 262757 3320
20080 1251 2914
31463 56730 3356
13101 12586 174
50300 3356
8218 35699 6461 202032 41095 1764 174
16735 22548 12956 52320
12779 3257
8607 2914
30132 13237
37271 327995 6461
12350 174
7738 701 263321 8167 3320
3257 6667 41497 25152 1103 174 2914 52320 13237 12389 12637
47872 2914
202032
263584 263321
12307 57118
41497
15576 47176 8758 3303 29691 8220 41562
51185 3356
3491 2914
23106 52320
286 701
50763 13237
28329 3549
20612 31424
52320
22548
2895 29226
4777 2497
64396 174
701 3320 1280 5511 2497
53070 10429
47176 25435
8758 8220 196621
8928 13237 29680
1221 4637 4608
41617 31261
3333 1103
8732 20764 1299
3549 3356 52720
4637 174
59414 13030
37100 13237 327782
2613 6893
25160 174
9304 174
29075 13237 58308
31261 31133
1916 2914
20562 13237
52863 6762
6893 6730
25091 13002
59891 51395
25152
29680
15605 12874
31133 3320
12389 29226 25227
25435
9189 6695
7018 3356
327782 327960
48039 8596 174
6730 12654
5392 174
4608
37497 13237
33891 31424 13237
57381 50304
20764
3303 12874 3320 35054 29222
7575 2914
37239 13237
15547 8220
25933 8167
35054
3252 174
52720
12874
174 51395 3356 5511 19151 174 2914 1299 513 12956 15623 1764
58299 15623
8359 3356
45896 3356
56730
2914 1764 3356 62567 13237 9002
15435 13237
1299 3356 50304 13030 14061
12859 13237
1280
513
6695 13237
29691 57118
8387 12654 3320 1764
8167
12586
263321
51395
262757
3356 6762 12956 5396 1764 29608 20932 3320
49463 13237
29140 1764
327995
13237 34288 30844 553 25220 48526 24482 680 16347 51405 3320 4589 12654
8596
48526
12637
2497
34288
50304
28220 12956
5511 8220
15623
1103 1764
57118
1251 52888
9002
62567
49605 1764
13030
29226
12956 10429
8283 1764
14061
20932
41095 13002
41562 198385
202194 198385
327960
29686 1764
51405
8220
3320 59689 6453
25220
29608
29222
52888
5396
8222 1764
6762
31424
35699
25227
198385
553
19151
39821
58308
196621
6720
30844
59689
6667
24482
14361 6461
680
6453
16347
6461
1764
4589
12654 12654
13002
10429
