#src/zombie.py
# GMT Mon Oct  1 04:00:41 2018
# 
1916 6939 174 12654
22548 3549
14061 1299
2497 701 4777
196621 15576
34781 13030
59891 51395
12654 52863
25160 174
37239 4809
29075 58308 1299 50620
1836 13030
5396 3257
701 1280 174 702
263075 16397
8468 3549
6461 174 8218
4608 1221
7018 3356
3252 702
57381 50304
7738 1299 263321
3320 3303 8222 6762 8422
16735 52320 28138 262757 1299
263321 263584
8455 1299
29680 3257
8943 1299 50763
24785 1136 1299 24785
50300 3356
35054 3303
680 553 3356
16347 174
56730 31463
20932 1299
49605 9002
13002 20764 25091
8607 3356
8758 20612 15576
2895 3267
29691 57118 15576
8422 9189
20764 3216
263651 52863
57821 12586
1853 3356 6720
702
4777
1221 4637
12350 1299
6830 513 6830 174
49463 13193
39821 9002
53070 12989
286 3356
13101 12586 174
30132 12859
19151 3356 25152
6453 3356
25220 1299
28220 3549
9189
52720 3549
12637 3257
13030 31424 51395 58299 1299
41497 3257
25152
12859 3257
1273 3216 6667 1299 48526
24482 174
64396 174
4589 3257
9304 3549
6939 30844
202194 198385
12989 6762
41095 3356
50763
209 4637 174
37271 4809 327995
8222
13193 1299
50304 42708
47872 3356
262757
52863 14840 4809 6762 263674
14840
3549 25933 3356 4809 16397 5392
51185 3356
8426 3356
16397
3491 3356
34288 15576
12874 3303 15605
13237 1299
34019 3303
31424
29140 3257
59689 30781
52320 1299
51395
8596 48039
15547 1299
6661 198290 174
3216
28329 6762
48526
9002 3356 2914
6720
12586 48039
20080 2914
22652 3257
5392
25933
15435 1299
31463 3356
174 3356 3257 1299 6762 2914 35699 12779
30844
58299
1103 3257
198290
28138
38930 8283 1299
30781 3356
15605
8218
7575 2914
327995
42708 1299
48039
513
57118
4637
41562 198385 15576
3257 31122 29686
35699
1136 3333
6667
4809 3356 4809 1299
29222 3303
3356 3356 6762 34177 29608 14361
2914 6762
553
20612
1299 3267 28917 62567
12779
34177
198249 15576
58308
263584
2613 25091
31122
50620
29686
198385
3333
8283
263674
25091
3267
6762
29608
15576 3303
3303
1280
14361
28917
62567
