#src/zombie.py
# GMT Mon Oct  1 08:31:40 2018
# 
3257 1299
553 680
198249 15576
3356 15576 6939 8359 1299 4230 15547 28917 37271 680
57118 196621
1257 3333 1239
6881 15685
25091 13002 6893
9002 2914
31424 6939
12654 6939 21385 13030
6762 1299
29680 174
50300 2914
13002 20764
14061 1299
21396 6939 31463
1103 286
31463 56730
47872 12713
1239 1299
8758 6939
12779 174
3303 15576 6939 3320 34019 12874 48526
8763 5539
198290 6661
57821 12586
20932 174
57381 50304
50304 42708
8943 50763 1299
52720 52873
59891 6939
2914 20080 16347 29686 1299 62567 7575 1916 4589 2497 8455 30781 6661 29208 52320 4844
202194 198385
286 9009
53067 6939
52320 16735
37271 6939 37239
8455 8283
6939 263651 263152 1299 4635 8426 12859 13193 29608 49605 264911 263075 5396 202032 37497 28329 22652 8422 13030 37640 52863 10026 52873 6661 31025 262317 703 50620 3320
8359 20764
3320 513 3320 1299
5539 21385
28917
12713 1273
29608
50763
23148 701 25152
13030 30844 21320 8607 1299 34781
263075
5396
20080 1251
202032
8283
34019
28329
29551 31025 25220
22652
8422 9189
6453 1299
7018 1299
51405 24611
8596 48039
6661 24611
19151 174
29208 15685
35369 174
703 701
52873
29140 174
64396 174
29686
263152
16735 12989
1299 6461 174 42708
34781
1916
37989 4844
34288 15576
1280 701
8928 10026
174 174 41497 680 29075 15435 25160 6667 198385 24482 9009 31122 9304 29636 2857 58299
28571 1251
12586 31025
4230 262757
12874 15605
1273 701
49605
513
1836 20612 4635
15576 29691 196621
16347
6461 8218
9009
31122
37239
15547
7575
4635
1853 6720 21320
4589
25220
21320
52863
29636
30781 59689
262757
8607
48039 31025
4844
2857
58299
49463 13193
263651
53070 12989
30844
196621
3333
41497
6893 2613
62567
20612
21385
8426
6667
680 680
29075
29691
15605
56730
2497
13193
24482
2613
264911
31025
12859
1251
198385
25152
37497
15685
262317
701
42708
59689
15435
9189
37640
25160
10026
50620
24611
20764
8218
6720
12989
48526
9304
