#src/zombie.py
# GMT Mon Oct  1 04:10:41 2018
# 
52873 18881 52720
1916 2914
22548 16735
14061 1299
7018 2914
34781 13030
59891 51395
7575 6461
53070 10429
37239 4809
29075 174 50620
5396 9002
8220 15547 15576 9002
701 2497 2914
8468 13101 41095 12654 3549 34019 37497
25220 29551
3252 702
48039 12586 8596
29551 31025
16735 262757 12956 28138
57821 12586
3491 9002
30844 6939
35054 9002
174 3356 28917 31122 2914 19151 64396 35699 25160 50300
35699
2895 29076
29691 198249 57118 6730 15576
3356 3320 20932 3549 9002 34177 3257 29222 29608 1299 2914 8607
51405 24611
1853 21320 6720
58299 13030
4777 2497
13030 9002
9189 8422
30132 12859
45896 3549
6453 2914
24785 1136 6939 24785
12956 47872 10429 7738 9002 18881 28220
41497 9002
12859 9002
37497
6939 202194 7545 51395 1280 9002 34288
24130 4608 7545
15435 1299
37271 4809 327995
8222 3320
24611 6661
262757
52863 4809
8426 9002
327995
59689 58308 30781
19151
15547
29680 8928
3333 1136
20080 2914
5392 9002
25933 3549
31463 50300 56730
263321 263584 7738
1103 286
29076 12389
13237 9002
20562 9002
198385 41562
31424 9002
42708 50304 9002
513 21320
57118
50763 8943
4589 9002
12779 9002
41095
2914 4713 9002 8455 3257 6461 6762 12654 1299 8607
553 680
7738
1299 8732 38930 8943 62567
8607 9002 12654
198249
8732 20764
2497
263584
7545
31025 9002
8928 9002
26615 6762 16397
6762 28329
15576 8758 41562
14361 9002
62567
25160
12389 9002
8943
47872
1836 9002
34288
56730
2613 6893
21320 9002
30781 9002
3320
8455
34177
20485 13002 9002
6893 25091
680 9002
13002 25091
8758 20612
48526 9002
8422 9002
20764
49463 8218
28917
286 9002
13101 12586
6461
28220
34019
12637 9002
39821 9002
52720
4713 25152
25152
18881
50300 9002
24482 9002
64396
9304 9002
202194
4608
50304 57381
20932
3549
51185 9002
16397 263075
4134 4809 9002
12350 9002
41562
49605 9002
29140 9002
8596
6661 198290 9002
28329
9002 6730 29686 702 15605 8218 6667 196621 12654
6720
12586
22652 3257
57381
6730
29686
702
29608
198290
28138
38930 8283
15605
8218 16347
51395
263075
3257
1136
6667
4809
29222
10429
196621
12654 12654
20612
16347
58308
31122
50620
8283
25091
1280
