#src/zombie.py
# GMT Mon Oct  1 06:05:16 2018
# 
20612 1836
50620 174
8422 9189 3320
2857 174
12989 22548 16735 53070 6939
264911 6939
57821 12586
62567 6453
174 64396 51395 29680 37271 25512 19151 174 31133 29140 1916 15576 6667 1299 24482 25160 680 29636 29075 41497 52320 21320 12779 31122
286 1299 1103
198249 15576
28917 6939
22652 3356
8359 20764 3356
198290 6661
56730 31463
2914 1299 20080 8455 6661 4844
15435 6939
8455
12859 6939
1280 701
513 6830
37497 6939
31133 31261
20080
16347 6939
31463 3356
25512 6881
1257 3333 1239
41497
50300 3356
12586 20676
8218 6461 59689 1764
16735 262757 12956 52320
2497 701
12779
5539 8763 21385
8607 6939
6830 1299 6830
51395 59891
13002 20764 25091
3356 20676 1299 9002 6939 14061 25220 20932 1764
37271 37239
4844 37989
8763
49463 13193
6939 31424 28329 37640 8758 5396 263152 15605 4635 58299 49605 263075 10026 29608 262317 12637 263651 1299 50304 44217 3320 29686 51405 6461 30844 53067 202032 12654 15547
6661
4635 1836 9304
29140
3257 4589 1299
47872 44217
6881
52863 6762
262317
8596 1764
48526 5511
12637
15576 34288 196621
34019 3303
34288
1916 1251
37989
50304 57381
58299
23106 52320
5511 1299
1103
50763 8943
34781 13030
31261 41617
38930 8283 6453
15605
1251 28571
52320
53067
28571
14061
9002
7575 6461
64396
6762 1299 12956
1836
49605
13030 8943 1299 12654 8426
1853 21320 6720
8758
31424
8283
41617
3333
8928 10026
9189
263075
12956 1299 52873
13193 3320
20932
37640
263651
1764 35369
52720 52873
59689
25160
4589
29686
9304
51405
29636
29075 198385
28329
3320 1299 3303
21385 12654
25220
202032
21320
5396
701 1299
6893 25091 2613
25091
59891
44217
10026
263152
198385 202194
57381
25152 19151
29680
19151
22548
1299 7018 6453 6461 1239 1273
1239
196621
20676
6720
30844
202194
7018
6667
29608
24482
8426
1273
680 680 553
6453
262757
31122
35369
8943
6461
53070
553
20764
3303
52873
12654
37239
15547
2613
