#src/zombie.py
# GMT Mon Oct  1 05:10:58 2018
# 
52873 18881 52720
1916 174
22548 3549
14061 1299
7018 3356
34781 13030
8447 3320 6720
53070 10429
37239 4809
29075 58308 174
5396 3356
6453 3356 29686 29608 6453 12956 62567
701 3356 1280 2497 702
8468 3549
25220 3320
3252 702
48039 12586 8596
16735 28138 1299 3549
57821 12586
3491 3356
24785 1136 174 24785
35054 3303
35699 174
2895 3267
29691 57118 15576
3356 20764 4230 3549 3356 8426 4637 19151 3257 8732 286 41095 2914 6461 1299 8607 4134 3320 9002 680 49605 12956 51185 31463 6762 174 8359 8422
51405 24611
1853 1764
263321 263584 7738
4777 2497
13030 51395 1299 58299
9189 8422
1764 174
19151 174 25152
8943 1299 50763
8220 3320 15547
12956 47872 10429 18881 174
41497 174
12859 30132 9002
37497 20764
3216 3216 20764 34019 1273
50300 2914
15435 1299
37271 4809 327995
8222 3320
24611 6661
4230 262757
52863 6762
8426
12874 3303 15605
327995
59689 8218
12350 174
15547
2613 6893
29680 174
3333 1136
20080 6762
5392 174
25933 3549
31463 56730
28917 39821 174 8359
1103 3257
20562 20764
58299
198385 202194 41562
31424 33891
42708 50304 1299
513 3320
57118
50763
41562 15576
12779 174
30132
41095
2914 174
553 680
7738 174
1299 13237 1273 174 2603
8607
198249 15576
8732 20764
2497
263584
4637 1221
45896 3549
29222 3303
15576 196621 3303 34288 8758
14361 209
62567
22652 3257
25160 174
34177 174
47872 6762 12654
30844 20764
262757
34288
56730
7575 6461
3320 4809 6762 3320 3303 33891
59891 51395
8455 3257
2603 3267
1836 174
6893 25091
680
13002 20764 25091
8758 20612
48526 174
8422
20764 20764 13101 174 12654 6661
1221 4608
49463 8218
286
13101 12586
6461
28220 3549
34019
12637 174
39821
52720
25152
18881
1273
24482 174
6720
4589 3257
9304 3549
33891
202194
8359
4608
50304 57381
20932 174
3549
51185
4134 4809
13237
49605
29140 174
8596
6661 198290 174
28329 6762
9002 12654
12586
209 174
57381
174 6667 6762 31122 50620 64396 174 38930 8218
29686
702
29608
198290
28138
38930 8283
15605
8218 16347
51395
3257
1136
6667
4809
6762
10429
196621
12654
64396
20612
16347
58308
31122
50620
8283
25091
3267
3303
1280
