#src/zombie.py
# GMT Mon Oct  1 04:29:21 2018
# 
262375 14840 3549
328206 328145
6762 174 31463 41497
6720 8447
15605 12874
18747 174 263702
14907 1299
29075 174
202032 57111
3333 12859
1103 286
20612 1836
4657 38001 3491
6894 2516
328145 6774
3491 22356 174
22652 174
3356 15576 8426 30781 3549 15547 9002 29608 8896 174 1299 20676
29608
680 1299
8365 2914 2857
49605 57111
3549 22548 16735 52873
20495 8455
29686 6453
20932 9002
8732 20764 1299
31424 57111
53067 6939
47692 33891
205206 16245
8896
28634 22356
39392 33891 29504
51405 6939
12654 6939 35266 9002 57111
43100 57111
1273 6667 1299
38001
198290 2914
29680 174
513 6939
12874 3303
52873
8607 6939
28571 1251
264911 6939
20676 12586
28917 1299
263702
196621 15576
9304 3257
56730 31463
15576
6461 174 8218 7575
35266 2914 12859 1299
6667
263152 6939
23106 10429
34019 3303
25091 2914
29636 3257
3257 31122 29140 29551 60501 12779 12637 174
30781 59689
4844 2914 37989
39351 42708
1299 8943 14061 16245 42708 15435 13193 52320 5400 50304 174 8447
33891 34549 553 3320
198385 174 202194
29551 25220
50620 174
31463 50300
12859
53070 10429
21232 13030
14840
1251 52888 20080
174 37468 12956 37271 19151 7018 3303 25160 16735 701 5511 31742 57111 6774 3320 50877 51395 25512 2914 286 6453 64463
6939 13030 262317 57111 16735 2613 37640 263075 58299 6939
8943 50763
59891 51395
16735 262757 263508
31742
1916 2914
59414 13030 12307
13193 49463
14061
3320 3303 47147
51395
12779
35369 13030
58299
25160
29691 13030
553
59689
60501
12637
262317
266534 18881
263075
52720 37468
25220
16347 2914
20764 41722
8426
6774
20080 2914
9002 8758
50877
2914 2497 1280 25152 15562 30844
50304 57381
42708
286
50763
8455 8283 13030
202194
25152
2516 701
49463
57821 12586
29504
7018
15562
52888
5511 48526
6881 25512
198249 13030
31122
701 2497
47147
37640
5396 57111
48526
4777 2497
12956 10429 18881
16245
34549
37271 6453 37239
37468
22356
3303
37239
19151
25512
8283
8218
12307
262757
15547
2110 39122 5400
6453 24482
8758
64463
50300
41497
13030 34288 1836
12586
24482
22548
57381
7575
34288
30844
5400
8447
39122
52863 52320
2497
37989
41722
15435
1280
29140
57111
2613
263508
52320
1836
10429
2857
18881
