#src/zombie.py
# GMT Mon Oct  1 05:30:26 2018
# 
37468 37271
50620 6939
59689 30781
2857 174
12989 22548 16735
22548
24785 20562 1299
264911 10429
57821 12586
62567 6453
174 701 64396 29680 49605 174 5511 553 3356 19151 51395 31133 12389 198290 41497 6762 29140 48526 2914 13002 6667 1299 24482 1280 25160 6730 12779 9304 25512 29636 29075 12637 50300 20764 21320 1916 31122 1764
43100 20764
286 1299 1103
12874 3303 15605
198249 13030
28917 6939
22652 6939
198290
56730 31463
2914 8928 1299 4844 4589 14061 20080 2497 9002
15435 1299
8455 13030
12859 9002
1280
513 6730
29608 5511
31133 31261
20080
12956 16735 6453 3356 10429 18881
31463 50300
25512 6881
15547 6939
1257 3333 1239
16347 8218
41497
50300
12586 20676
8218 49463 6461
16735 262757 6939
2497
12779
5539 8763 21385
8607 6939
3320 3303 6939
51395 59891
7018 1299
3356 20676 1299 8426 20764 680 3549
37271 37239 6939
4844 37989
8763
49463
21385 20764
29140
25074 9189 6939
3257 1299
47872 44217
6881
52863 6762
262317 6939
8596 1764
48526
18881 52873
12637
15576 6772 196621
34019 3303
34288 13030
15605
37989
50304 42708 57381
58299 13030
23106 10429
5511 5511 30781
1103
50763 8943
34781 13030
31261 41617
20612 1836
1251 28571 1916
680
42708 1299
28571
14061
31424 20764
9002 6453 44217 41722
30781
7575 6461
64396
701 23148
1836 13030
49605
13030 35369 1299 202194 6772
8758 6939
41722 12654 12389
41617
3333
8928
3549 28329
9189
263075 6939
20932 6939
198385 29075
37640 6939
263651 6939
1764
52720 52873
20676
44217
25160
4589
29686 6453
9304
51405 6939
29636
29075 6762
28329
23148 25152
1916
6939 5396 263152 25220 202032 12389 1299 37497 20764
25220
202032
21320 1853
5396
6762 1299
6893 25091 2613
25091 13002
59891
2613
263152
20562 20764
553
25152
29680
19151
53067 10429
1299 8943 6453 6461 1239 1273
1239
196621
12389
6720 1853
30844 20764
202194
13002
6667
24482
8426
37497
1273
6730 6730
1853
6772
6453
262757
31122
35369
8943
6461
53070 10429
57381
20764 12654
3303
52873
12654
37239
10429
