#src/zombie.py
# GMT Mon Oct  1 04:31:31 2018
# 
29608 6939
50620 6939
2857 174
264911 6939
57821 6939
62567 3356
174 701 6762 29680 1299 25160 20932 6453 3356 19151 3257 6461 12779 24482 1273 2914 6830
286 19151
12874 3303 15605
198249 6939
28917 1299
22652 6939
8359 20764 19151
9002 3356
56730 31463
2914
15435 1299
1299 8943 31133 13030 8928 14061 1273
12859 6939
1280 701
513 6830
37497 6939
31133 31261
20080 6939
31463 21396
15547 3356
41497 3257
50300 6939
8218 6939
16735 6939
15576 6772 196621
12779
5539 8763 21385
8607 6939
6830 6830
13002 20764 25091
3356 25074 49605 553 25220 680 1764
37271 6939
4844 37989 6939
8763
49463 6939
21385 6939
6661 198290 6939
4635 9304 6939
29140 3257
25074 9189
3257 29636 1103 4589 12637
47872 6939
6881 6939
202032 6939
262317 6939
8596 1764
48526 6939
12637
2497 701 25152 6939
34019 6939
34288 13030
15605
37989
50304 6939
58299 6939
29680
1103
21396 6453
50763 8943
23106 6939
34781 13030
31261 41617
20612 6939
680
22548 6939
28571 6939
1273 6939 6667 25152
7575 6461
64396 6939
701
1836 6939
49605
13030 35369 8455 6772
8758 6939
16347 6939
8283 8455
14061
3333 6939
8928
9189
263075 6939
198290
20932
37640 6939
263651 6939
52720 6939
59689 6939
25160
3320 3303 6939
4589
29686 6453
9304
51405 6939
29636
29075 6939
28329 6939
23148 25152 6939
1916 6939
6939 59891 198385 8426 37239 5396 31424 2613 263152 53067 52863 30844 7018 12654 262757 31122 53070 202194 57381 1764
25220
52863
41617
5396
6762
31424
25091
59891
2613
263152
198385
57381
25152 12654 19151
19151
53067
8455
196621
6720 1853
30844
202194
7018
6667
24482
8426
12654
6772
6453
262757
31122
35369
8943
6461
53070
553
20764
3303
1853 1764
37239
1764
