#src/zombie.py
# GMT Mon Oct  1 05:13:18 2018
# 
8387 3320 1764 12654
1916 2914
22548 3549
14061 1299
7018 1299
34781 13030
198545 29152 174
8447 6720 3257
53070 10429
37239 36937
29075 16347 3320 50620
5396 3356
6453 3320 36937 174 1299 8426
701 4134 3356 2497 702 1280 7738 1299 23148
8468 3549
25220 13237
3252 702
48039 12586 8596
16735 52320 28138 12956
57821 12586
3491 174 28513
30844 13237
35054 3303
6730 513 174 6730
35699 8218
2895 3267
29691 57118 15576
3356 41095 47872 1764 29608 9002 51185 174 3549 8607
51405 24611
1853 3320
263321 263584 7738
4777 2497
13030 3320 58299
9189 6695
30132 12859
202032 1764
19151 174
8220 3320 15547
1239 4809 1299
12956 3320 18881 10429 28220 1299
52720 52873
12859 13237
5511 30781 3320 48526
29152 58308
1273 6667 1299
15435 3257
37271 4809 327995
24482 174
24611 6661
4230 28513 262757
52863 4809
198385 202194 41562
6720
12874 3303 15605
327995
59689 30781
12350 174
15547
29680 3257
3333 13237
20080 2914
5392 174
25933 3549
31463 50300 56730
6939 3320 51395
58299
1103 3257
13237 42708 50300 29140 31025 4589 3257 9304 29686 13101 680 34288 12654 3320 6695 1299 8359 6661
20562 1764
2613 25091
262317 10429
31424 33891
42708 57381
52873 18881
513
57118
50763 8943
41562 15576
12779 174
41095
2914 52320 7575 174
553 680
7738
1299 3320 8943 2603 8732 49605 174 38930 62567 8218
8607
198249 15576
2497 3257
263584
4637 1221 3257
31025 12586
26615 6762 16397
34177 174
6762 3320 28329 174
4608 1221
15576 196621 3303 8758
14361 6461
62567
25160 174
8943
47872
262757
34288
56730
7575
30781
3320 3320 33891 1764 174 3303 6461 13193
59891 51395
8455 3257
2603 3267
1836 174
680
8426
13002 20764 25091
8758 20612
8359 28917
20764 8732 174
1221
28513
49463 13193
28917 39821
286 174
13101 12586
6461 8218
28220
23148 25152
34019 3303
12637 3257
39821
41497 174
25152
18881
50300 174
8222 1764
64396 174
4589
9304
36937
33891
202194
48526
13193
6695
50304 8218
20932 174
3549
51185
16397 263075
4134 4809
52320
49605
29140
8596
6661 198290 174
28329
9002
12586
3303 29222
22652 3257
57381
174 3257 1764 31122
29686
702
29608
198290
28138
38930 8283
15605
8218 1764 8218
51395
263075
3257
8732
6667
4809
29222
10429
196621
12654
20612
16347
58308
31122
50620
8283
25091
3267
1764
1280
