#src/zombie.py
# GMT Mon Oct  1 04:48:56 2018
# 
29691 13030
328206 6939
49605 174
6762 1299
6695 8426 8732
6720 8447
12637 174
262317 6939
39351 6939
59414 13030 12307
15605 12874
18747 174 263702
553 174
264911 6939
202032 6939
3333 12859
52888 1916
52720 52873
12956 10429 52873 6939
20612 1836
16347 6939
4657 38001 24482 6939
2857 6939
680 3356
29636 174
3491 3356
22652 3257
34019 3303
20764 8732 12654 41722 3356 6939
3356 701 14061 2914 3257 30781 3549 3320 9002 5400 6461 174 1299 6939
29608 174
8426
20080 2914
3549 16735
198290 6939
9002 2914 12654 8758 6939 12859
20495 8455
29686 57463
15547 6939
2914 4844 7575 15562 1299
6939 9304 12874 50763 263075 25220 263152 37239 25091 262757 6881 1299 64463 20932 31424 41497 13030 53067 47692 31463 8896 49463 15435 51405 57381 29504 30844 12654 8447 6939 59891 57463 8220 22548 31742 1280 29140 57111 8607 2613 37640 5396 52320 48526 50300 28917 57821 6730
42708 50304 1299
56730 31463
20932
1273 1299
31122 174
34288 13030
8455 8283 13030
53067
47692
8758
8896
25152 19151
59891
49463
15435
51405
6730 513 6730
7018 1299
15562
1103 286
12654
6881
198249 13030
29680 174
8732 8732 1299
38001
31424
50304
701 2497
8220 15576
202194 13030
50877 174
513
12874
59689 30781
52873
8607
47147 3320
37640
5396
22356 27715 28634
48526
4777 2497
28917
263702
12779 174
196621 15576
9304
41722
1916 1251 174
37271 174
263075
35369 13030
15576 198385
37468 174
6461 8218
3303 174
6667 174
263152
23106 10429
29075 174
37239
19151 174
25220
25091
8283
8218
12307
3257
30781
262757
4844 37989
27715 10429
3320
2110 39122 5400
6453 1299
1299 286
64463
50300
198385
41497
13030 21232 58299 1836
50620 174
31463
28571 1251
24482
12859
22548
53070 10429
21232
57381
28634
7575
30844
1251
174 25160
5400
8447
286
39122
52863 52320
2497
16735 263508
37989
57463
57821
31742
1280
29140
57111
14061
2613
263508
50763
52320
1836
10429
58299
25160
29504
