#src/zombie.py
# GMT Mon Oct  1 04:36:57 2018
# 
52873 18881 52720
1916 52888 174
22548 3549
14061 1299
7018 5511
34781 13030
198545 29152 29608
59891 51395
53070 10429
37239 4809
29075 174 50620
5396 6762
6453 5511 29686
701 2497 1299
8468 3549
6461 7575 5511 8218
3252 42708
48039 12586 8596
29551 31025 25220
37179 42708 327984
57821 12586
3491 174 12389
30844 42708
35054 3303
35699 174
2895 29076
29691 57118 15576
3356 3356 47872 1853 3549 51185 680 25074 5511 41095 174 14361 1299 8359
51405 24611
52888
1853 6720
263321 263584 7738
4777 2497
13030 31424 51395 58299 29608 1299 1836
9189 25074
30132 12859
19151 174 25152
8220 3320 15547
1239 5511 4809
12956 5511 174 16735 18881 10429 28220
52720
12859 42708 3333
262589 28329 174
5511 4637 2914 3257 1299 286 6762 174 29608 1280
29152 58308
50763 8943
5580 50300 3257
15435 174
263584
24482 174
24611 3549
52863 4809
198385 202194 41562
8426 6695
12874 3303 15605
327995 37271
59689 30781
52320 174 16735
25074
29680 3257
3333
20080 6762
5392 3549
25933 26615
31463 50300 56730
28917 39821 8359
1103 286
29076 12389
13237 1299
20562 50304
58299
2613 25091
262317 10429
31424
42708 50304 42708 31122 31025 13101 16347 6695 1299 48526 20932
16735 28138
513 3320
57118
4637 1221
4589 3257
263152 10429
41095
2914 2497 8607 174 9002
553 680
7738 174
1299 50304 3320 8455 8943 8732 62567
8607
198249 15576
2497
37271 4809 174
31025
26615 6762 26615
6762
4608 1221
15576 196621 3303 34288 8758 41562
14361
62567
25160 174
12389 25227
34177 174
47872
34288
56730
7575
30781 29608
3320 4809 3320 3303 8222 13193
8455
8943
1836
680 174
13002 174 25091
8758 20612
48526
20764 8732
327984
1221
49463 13193
286
13101 12586
25220
28220
34019 3303
12637 174
39821
41497 174
25152
18881
50300
8222
6720
9304 3549
202194
8359
13193
6695
50304 57381 38930 174 12654
20932
3549
51185
12350 29608
41562
49605 3257
29140 174
8596
6661 198290 174
28329
9002
12586
22652 3257
15547
57381
174 6667 12779 64396 174 29608
29686
29608 43100 12654
198290
28138
38930 8283
15605
8218
51395
3257
8732
6667
4809
29222 3303
10429
196621
12654
64396
20612
12779
16347
58308
31122
50620
8283
25091
43100
3303
1280
25227
