#src/zombie.py
# GMT Mon Oct  1 05:45:11 2018
# 
1916 1251 2914
14061 6939
7018 1299
34781 13030
8447 6939 6720
12654 20764 6939 9002
53070 12989
12389 6939 48166
37239 6939
553 680
37989 4844
1836 13030
5396 6939
34288 15576
6461 1299 8218
263674 28329
20932 6939
2613 6893
3320 3303 1299
16735 6939 262757 12956
15605 12874
53067 6939
8455 3257
3303 34019
57821 6939
263152 6939
8763 5539
6893 25091
680 3356
29467 197264 6939
8426 6939
35369 174
16347 6939
48526 6939
8422 6939 9189
20764 8732 3356 174
263651 6939
1251 28571
1853 1764
28917 6939
29075 6939
21385 6939 5539
6830 513 6830 6939
29608 6939
49463 6939
30844 6939
25160 174
286 174
21396 31463 6939
1764 6939 8596
202032 6939
19151 9002
6453 174 62567
25220 6939
12874 6939
4844 2914
12956 6939
23148 6939 25152
34019
13030 1299
29636 3257
41497 6939
25152
12859 9002
50300 31463
24482 174
6720
48166
37497 6939
9304 6939
31463 6939 56730
6939 50304 44217 262317 50620 59689 25091 15547 7575 264911 28329 59891 29140 20080 29686 58299 6730 703 12989 3356 31424 263075 8732 37640 20612 8607 51405 31122 198385 15576 50763 15435 1280 2857 29208
202194 198385
29691 6730
50763
15435
52720 3549
12989
29208 15685
8928 10026
6881 15685
50304 57381
47872 44217
262757
52863 4809
3549 3356 4809
64396 174
51405
10026 1299
49605 3257
29140
59689
8596
15547
264911
28329
59891
3333 1103
6730
701 2497 703
20080
22652 3257
56730
57381
263075
44217
9189
174 3356 3257 12779 6667 1299
29686
58299
1103 3257
198290 197264
38930 8283 1299
703
8218
7575
262317
31424
42708 1299
1273 1299
5539
513
57118 196621
4589 3257
3257 29680
12779
8732 1299
6667
4809
37640
3356 2914 37271 9002 1299
2914 1299 9002
196621 15576
20612
1299 6762
8607
198249 15576
2497
37271
29680
31122
50620
197264
198385
9002 43100
8283
25091
43100
6762
28571
15576
15685
1280
2857
62567
