#src/zombie.py
# GMT Mon Oct  1 04:54:04 2018
# 
262375 14840 3549
328206 328145
6762 3257
6720 1853
15605 12874
14907 13030
29075 15576 198385 34019 174
202032 6939
3333 1103
52888 1916
20612 1836
4657 38001 4637 24482 3491
6894 2516
31025 12586 29551 57111
3491 3257 22356
22652 3257
3356 3257 2914 3549 8455 286
29608 57111
680 1299
49605 174
3549 263702
20495 286
29686 57463
6939 7575 16735 9304 53067 262317 263075 1280 12859 57111 3257 8607 20080 264911 37640 5396 2516 12654 263152 263508
20932 174
37468 52720 174
53067
47692 33891
205206 16245
8896 12859
28634 22356
39392 174 29504
51405 24611
12654 1103 12859 8455
43100 57111
1273 1299
38001
199714 206356 50629
198290 6661
29680 174
14840
513 174
12874 3303
52873 57111
8607
28571 1251
206356
264911
28917 57111
263702
33891 3320 34549
196621 15576
9304
56730 51945
15576 29691 21232 34288 174
50629 174
35266 12859
6667 174
263152
23106 52320
34019
25091 12859
29636 174
3257 2497 7018 701 174 37271 12859 8426 6774 3320 3292 2914 6453 1299
30781 59689 57111
4844 37989 7473
39351 57111
1299 8943 14061 13030 7473 4637 5400
1764 35369 174
198385 202194
29551 25220
50620 174
31463 12859 50300
12859 50304 31742 15547 16265 48526 30844 2914 286
38930 8283 16265
21232
51945 174
7473
1251 1916
174 41497 21320 37271 12637 19151 25512 49463 29140 12779 174 25160 31122 16735 15435 3303 6661 1916 20764 50877 52320 1836 58299 51395 64463
286 1103 57111
8943 8943 50763
59891 51395
16735 262757 266534
57463 57111
31742
1916
59414 13030
14061
3320 47147
51395
12779
5400 2110
58299
25160
29691 198249 57118
553 57111
59689
60501 57111
12637
262317
266534
16265
263075
52720
3292 16245
16347 57111
20764 41722
8426
6774 328145
20080
9002 57111
202194
2914 15562 8455
50304 57381
4637
50763
8455
25220
50877
25152 19151
2516
49463
15435
29504
7018
15562
1103 8758
328145
6881 25512
198249
31122
24611 6661
701 2497
21320 1853
47147
37640
5396
48526
4777 2497
16245
34549
37271 37239
31424 57111
22356
3303
37239
19151
25512
8283
8218 57111
12307 57118
262757
15547
2110 39122
6453
8758
64463
50300
41497
13030
1853
12586 57821
24482
57118
22548 52320
57381
7575
34288
30844
35369
39122
52863 52320
2497
37989
41722
57821
1280
29140
57111 2613 2857
2613
263508
52320
1836
2857
6661
