#src/zombie.py
# GMT Mon Oct  1 05:32:47 2018
# 
37468 37239 174
24611 6661 51405
8447 6720 2914
57821 12586
13002 25091 41095
61568 263321 18881
198249 15576
29551 31025 25220
28917 8359 39821
22652 3356
198290 6661
41722 20764
34177 2914
8455 2914
48039 12586 8596
20080 6762 1916 1251 11096
31463 56730 21396
13101 12586 31025
50300 5413
8218 174
16735 22548 262757 174 52320
12779 5413
8607 5413
37271 327995 2914
12350 174
7738 8167 1239
12874 3303 15605
3257 1299
47872 6939
263584 263321
12307 57118
18881 12956
41497 174
15576 34288 47176 29691 8220 41562
51185 174
286 3356
23106 52320
50763 8943
28329 3549
38930 8283 16265
52320 2828
22548
1136 24785 3333
30781 34019 59689 2914
2895 29226
7575 6461
64396 174
20965 11537 680
47176 25435
8758 20612 8220 196621
8928 29680 5413
3216 20764 1273
3333
3549 3356 52720
21396 5413
11537 11096
53070 10429
41617 8359
9189 25074
37100 327782 2914
25227 20764
25160 174
9304 174
25074 2914
29075 174
1916
20562 25220
52863 6762
6893 25091 2613
25091
59891 51395
25152 6939
29680
15605
34019
1239 1299
2828 5413
25435
7018 1299
327782 327960
30132 6939
1273 1299
5392 174
4608 24130
33891 25220 31424 553
553
20764
3303 3320 29222
4777 2497
37239
15547 8220
20940 37497 5413
25933 8167
35054 3356
3252 9002
24785 24785 6939
58299 174
16265 5413
174 6762 3356 1299 49463 19151 20932
3491 2914
8359 5413
45896 3356
56730
2914 35699 16347 3356 25220 29140 1299 12637 2497 9002 29686 5413 8943 4589 6661 12654
15435 1299
1299 6762 3356 14061 6453 25220 3320
12859 25220
1280 6939
513 6830
37497
29691 57118
59414 6830
8167
12586
263321
5413 62567 49605 13030 48526 41095 6667 8426 9002 1103 42708 12654 6830
6830 6830
51395 6939
262757
3356 6762 3356 14361 680 6461 25220 29608 5396
49463
11096
29222
29140
327995
13237 25220
8596
48526
12637
2497
34288
50304 42708 57381
28220 12956
1103
57118
1251 52888
42708
9002 29226
62567
49605
13030
29226
12956 6762 10429
20612
8283
14061
24130 7545
8426
20932
41095
41562 198385
202194 6939
327960
29686
51405
8220 25220
3320 8222
6939 7545 25220 30844
25220 24482 6661 12654
29608
6661
52888
5396
8222
6762 12654
31424
35699
2613
198385
57381
19151
7545
39821
58308 59689
196621
31025
6720
30844
59689
6667
24482
14361
680 12654
6453
16347
8943 8943
6461
4589
12654
52720
10429
