#src/zombie.py
# GMT Mon Oct  1 05:13:26 2018
# 
29608 6939
50620 6939
8422 9189 6939
2857 13030
12989 22548 16735 53070
264911 6939
57821 12586
62567 6453
24611 6661 51405
174 64396 41497 10026 198385 52320 19151 29140 174 20932 1916 6667 15435 1299 24482 25160 1280 680 48039 9304 29636 29075 12637 50300 20764 16735 12779 31122
286 1299 1103
198249 13030
28917 6939
15685 29208 6881
198290 6661
56730 31463
29140
49605 3356
2914 14061 20080 1299 9002 4844
12713 47872 3320
15435
34019 3303
12859 6939
1280
513 6730
37497 6939
1299 6762 7018 13030 701 6453 3257 6461 1239 6939 1273 3320
20080
16347 8218
31463 50300
1257 3333 1239
41497
50300
12586 20676
8218 6461
16735 262757 52320
2497 701
12779
5539 8763 21385
8607 6939
13002 20764 25091
3356 553 20676 37271 6939
37271
4844 37989
8763
49463 13193
21385 12654
6661 6939
12874 3303 15605
42708 6939 50304 57381
3257
47872
6881
52863 6762
262317 6939
8596 48039
48526 5511
12637
15576 6772 196621
34288 13030
1916 1251
37989
50304
58299 13030
23106 52320
5511 30781 6939
1103
50763 6939
34781 13030
31261 31133 41617
20612 1836
15605
1251 28571
52320
22548
28571
31424 6939
9002
30781 59689
31133 6939
7575 6461
64396
701
1836 13030
680 680
13030 8455 6772 12654 35369 4589 1853
8758 6939
8928 29680 10026
22652 6939
14061
3333
9189
263075 6939
12956 6762 52873
13193 3320
20932
37640 6939
263651 6939
29208 6939
59689
25160
4589
29686 6939
9304
51405
52720 52873
29636
29075 198385
28329 6939
3320 6939 6730 3303
6939 59891 263152 25220 30844 8426 5396 37239 15547 53067 202032 12654
25220
202032
41617
5396
6762
6893 25091 2613
25091
59891
2613
10026
263152
198385 202194
553
25152 19151
29680
19151
53067
8455
1239
8426
196621
20676
6720 1853
30844
202194
7018
6667
24482
48039
1273
6730 6730
1853
6772
6453
262757
31122
35369
6461
53070
57381
20764 20764
3303
52873
12654
37239
15547
