#src/zombie.py
# GMT Mon Oct  1 05:29:02 2018
# 
328206 6939
7018 3257
6720 8447
15605 12874
18747 174 263702
29075 15576 6939
202032 6939
3333 1103
1103 2603 12654 286 57111
20612 1836
4657 38001 24482 6939
31025 12586 29551 57111
3491 3257
22652 3257
29608 57111
680 1299
49605 57111
20495 286
20932 57111
31122 57111
37468 52720 57111
53067 6939
47692 33891 12654 6939
8758 13030
8896 6939
28634 22356
39392 33891 29504
51405 24611
12654 12859 13030
43100 57111
1273 1299
38001
198290 6661
29680 174
2603 30844
513 6730
12874 57111
52873 57111
8607 6939
28571 1251
264911 6939
28917 57111
263702
136620 136620 59891 57111
196621 15576
9304 6939
56730 31463
15576
29208 15685 57111
263152 6939
23106 10429
23148 25152 6939
34019 30781
29504
25091 57111
29636 174
3257 5400 6762 701 174 2914 6453 12859 1299
30781 59689 57111
4844 2914 37989
39351 57111
1299 14061
33891 33891 57111
198385 57111 202194
29551 25220
50620 57111
29686 57463
12859 2914 6939
38930 8283 16265
53070 10429
21232 13030
1251 20080
174 19151 37271 6667 25160
6939 263075 41497 1916 262317 15435 6730 7575 12956 37239 16735 22548 31742 1280 57111 20080 263508 5396 58299 64463 37640
59891
16735 262757
57463 57111
31742
39540 57118 12307
1916 52888 20080
59414 13030
13193 13193 49463 57111
14061
12779 57111
5400 2110
58299
25160
29691 13030 57118
553 57111
59689
12637 57111
262317
16265 57111
263075
52720
25220
16347 57111
20764 8732 41722
8426 6695
20080
9002 34288 57111
50877 57111
2914 15562 8455
50304 57111
6695 6661 57111
286 57111
50763 57111
8455
202194
25152
49463
57821 12586
6730 6730
6762
15562
52888
6881 15685
198249 13030
8732 57111
24611 6661
701 2497
47147 57111
37640
5396
48526 57111
4777 2497
12956 10429
37271
31424 57111
22356 27715
49375 57111
37239
19151
8283
8218 57111
12307
6667
262757
15547 57111
2110 39122
6453
64463
50300 31463
41497
13030 1836 35369 57111
31463 57111
12586
24482
57118
22548
7575
34288
30844
15685
35369
8447 57111
39122
52863 52320
2497
37989
41722
15435
1280
29140 57111
57111 2613 52320 1836 2857
2613
263508
52320
1836
10429 27715
2857
6661
27715
