#src/zombie.py
# GMT Mon Oct  1 04:24:33 2018
# 
50620 174
2857 6939
12989 22548 16735
24785 20562 1299
264911 6939
57821 6939
62567 1299
174 6762 64396 3356 37271 12956 5511 19151 3257 9304 20932 1916 1836 1299 24482 1280 6453 29075 2914 701 12779 6830
43100 49605
58299 6939
198249 29691
28917 1299
22652 6939
8359 3356 41617
52863 6762
56730 6939
2914 20080 7575 9002
15435 3257
8455 3257 8283
12859 6939
1280
513 6830
37497 6939
20080
29691 15576
15547 1299
16347 12779
4589 12637
50300 49605
8218 6461
16735 4809 52320
2497 701
12779 31424 3257 49605 37271 6939 12654 3333
8607 6939
6830 6830
51395 3257 59891
13002 20764 25091
3356 3549 49605 6939
37271 37239
4844 37989 6939
8763 6939
49463 13193
6661 198290 3257
28666 262757 4809
29140 49605
3257 48526 29680 1103 3320 52320 31122
47872 6939
6881 6939
202032 49605
262317 6939
8596 6939
48526
41497 49605
15576 6453 196621
34019 3303
34288 6939
15605 12654
37989
50304 6939
286 6939
23106 52320
680 6939
5511 30781
1103
50763 8943
34781 13030
28329 6939
20612 1836
1251 28571 1916
52320
53067 6939
28571
31424
9002
30781 59689
7575
64396
701
1836 13030
49605 9189 20562 1299 6939 12654
13030 35369 1299 6939
8758 6939
12956 10429
8283
14061 1299
3333
8732 20764 1299
8928 1299
3549 52720
9189
263075 6939
198290
59891
13193 1299
20932
198385 29075 202194
37640 6939
263651 6939
52720
59689
25160 6939
3320 3303
29686 6939
9304
51405 6939
29636 6939
29075
1916
6939 1299 25220 29608 6667 263152 553 12654 30844 7018 8426 5396 57381 1853
25220
29608
41617
5396
4809
6762
6893 25091 2613
25091
12637 12654
2613
263152
20562
553
25152 19151
29680
19151
22548
1299 8943 6461 1273
196621
6720 1853
30844
202194
7018
6667
24482
8426
1273
1853
6453
262757
31122
35369
8943
6461
53070 10429
57381
20764
3303
12654
37239
10429
