#src/zombie.py
# GMT Mon Oct  1 03:58:22 2018
# 
52873 18881 52720
1916 174
22548 16735
14061 1299
7018 2914
34781 13030
8447 3320 6720
53070 10429
37239 4809
29075 58308 174 50620
5396 3356
6453 2497 701 22652
701 2497 6762 174 702 2914 701 1280 12956
8468 3549
3252 702
16735 52320 174 28138
57821 12586
3491 2497 28513
30844 6939
35054 3356
6730 513 174 6730
35699 174
2895 3267
29691 57118 15576
3356 2497 3549 51185 8426 2914 49605 41095 19151 29608 14361
51405 24611
1853 1764
263321 263584 7738
4777 2516
13030 2497 51395 58299 1299 1836
9189 8422
30132 12859
45896 3549
8220 5511 15547
1239 2497 4637
12956 18881 10429
52720
12859 3257
3216 20764 1273
5511 30781 48526 2914
6939 2497
1273 6667 2497 1299
5580 50300 3257
15435 1299
37271 4809 327995
8222 3320
24611 6661
4230 28513 262757
52863 4809
8426
19151
327995
59689 30781
52320 174
15547
2613 6893
4657 24482 2497
29680 8928
3333 1136
20080 2914
5392 174
25933 3549
31463 50300 56730
58299
1103 286
13237 1299
198385 202194 41562
31424 33891
42708 57381 1299
513
57118
50763 8943
4589 2914
41562 15576
10026 7575 2497
41095 13002 2497
2914 2497 4713 9002 6762 174 29686 2914 8607 1299 62567 6661
553 680
7738 286
4837 2497 4809 4837
8607
198249 15576
2497 3257 286 12654 6661 3320 9002 8928 3303 2516
263584
4637 1221
8928
26615 6762 16397
29222 3303
15576 196621 3303 34288 8758
14361
12874 3303 15605
62567
25160 174
2603 3267 1299
47872 6762
8943 1299
262757
34288
56730
7575
30781
3320 33891 3303 25220 8422
59891 51395
8455 1299
34177 174
1836
1299 31122 4809 38930 12586
6893 25091
680 174
13002 25091
8758 20612
48526
8422
20764
1221 4608
28513
49463 8218
28917 174
286 1136 8596
25220
28220 3549
12637 174
39821 9002
41497 174
4713 25152
25152
18881
50300
24482
64396 174
9304 174
33891
202194
4608
50304 174
20932 174
3549
51185
16397 263075
12350 174
49605
29140 174
8596
6661 198290
28329 6762
9002
6720
12586
3303 174
22652
57381
174 12779 174 8218
29686
702
29608
198290
28138
38930 8283
15605
2516
8218 1764 16347
51395
263075
3257
1136
6667
4809
6762
10429
196621
12654
20612
12779
16347
58308
31122
50620
8283
25091
3267
1764
1280
