#src/zombie.py
# GMT Mon Oct  1 05:21:37 2018
# 
1916 2914
22548 16735
14061 1299
7018 2914
34781 13030
8447 3320 6720
53070 10429
37239 4809
29075 5511 58308 50620
5396 3356
6453 2497 701 22652
701 2497 6939 12956 286 6762 174 702 2914 701 1239 1280
8468 3549
3252 702
48039 8596 174
16735 52320 1299 28138
57821 12586
3491 3356 28513
30844 6939
35054 3356
174 20764 49463 25160 12779 29140 19151 2914 12350 6661 12637 29680 41497 31122 64396 5392 9304 680 6730 28917 174 38930 35699 48526 8218
35699
2895 3267
29691 57118 15576
3356 3356 2497 1853 20932 3549 51185 8426 9002 49605 34177 31463 680 29608 50300
51405 24611
1853
263321 263584 7738
4777 2516
13030 31424 51395 58299 1299 1836
9189 8422
30132 12859
45896 3549
8220 5511 15547
1239 4637 2914 1257
12956 28220 10429
52720 3549
12859 2914
5511 30781 2914
6939
1273 6667 1299
15435 1299
263584
8222 3320
24611 6661
4230 28513 262757
52863 4809
198385 202194 41562
8426
19151
327995 37271
59689 30781
12350
15547
4657 24482 2497
29680
3333 1257
59891 51395
5392
25933 3549
31463 56730
58299
1103 286
2613 6893
31424
42708 50304 1299
513 6730
57118
50763 8943
41562 15576
12779
10026 7575 2497
41095 2497
2914 2497 4713 8455 20080 4589 4134 6762 29686 16347 2914 14361 1299 62567 8607
553 680
7738 2497
1299 12586 2603 8943 13237 52320
8607
198249 15576
2497 3320 9002 3257 12654 2516 6661
37271 4809
8218
4637 1221
34177
29222 3303
15576 196621 3303 34288 8758
14361
12874 3303 15605
62567
25160
8943
47872 6762
262757
34288
56730
7575
30781
3320 3303 25220 8422
8455
2603 3267
1836
6893 25091
680
13002 20764 25091
8758 20612
48526
8422
20764
1221 4608
28513
49463
28917
286
20080
25220
28220
12637
39821 9002
41497
4713 25152
25152
50300
24482
64396
4589
9304
202194
4608
50304 57381
20932
3549 16397
51185
52320
16397 263075
4134 4809
13237
49605
29140
8596
6661 198290
28329 6762
9002
6720
12586
22652
57381
6730 6730
29686
702
29608
198290
28138
38930 8283
15605
2516
1257
51395
263075
3257
6667
4809
6762
10429
196621
12654
20612
16347
58308
31122
50620
8283
25091
3267
3303
1280
