#src/zombie.py
# GMT Mon Oct  1 06:28:02 2018
# 
37468 174
50620 6939
8422 9189 174
2857 174
12989 22548 16735
37640 6939
264911 6939
57821 12586
62567 6453
24611 6661 51405
174 64396 1916 49463 553 19151 174 51395 198290 29140 20932 12637 15435 24482 25160 1280 513 48526 9304 2914 29636 29075 41497 52320 20764 12779
286 34984 2914 2497
12874 3303 15605
198249 13030
34984 44217
22652 3356
198290
56730 31463
41722 20764
2914 6762 7018 1299 37271 4844 29208 20080 6453 19151 3257 6461 1239 2914 2497
8447 6720 6939
15435
34019 3303
12859 3257
1280
513
37497 6939
31133 31261 3320
20080
16347 6939
31463 50300 6939 21396
15547 6939
1257 3333 1239
41497
50300
12586 6939
8218 6461
16735 262757 6939
15576 6772 196621
12779
5539 8763 21385
8607 6939
51395 59891
7018
3356 48166 49605 680 8426 29608 21385 1764 2497
37271 37239
4844 37989
8763
15685 29208 6881
49463
21385
28917 6939
6661 2497
29140
42708 1299 50304 57381
3257 1103 8928
47872 44217
6881
52863 6762
44217
50304
8596 1764
48526
18881 52873 12956
12637
2497 8928 13030 12654 3320 6939 4589 9002 30781
34288 13030
1916 1251
37989
12307 59414
8455 8283 13030
58299 13030
23106 52320
680
1103
50763 8943
48166
29608
31261 41617
20612 1836
15605
1251 28571
52320
53067 6939
28571
1273 6667 1299
30781 59689
7575 6461
64396
1836 13030
49605
13030 35369 202194 6772 29691 59414
29691
12956 10429 6939
8283
14061 1299
3333
8928 29680
9189
263075 6939
21396 6939
20932
59414
263651 6939
1764
29208
59689
25160
262317 6939
4589
29686 6939
9304
51405
52720 52873
29636
29075 198385
3320 3303
6939 263152 202032 30844 25220 31122
25220
202032
41617
6762
6893 25091 2613
25091 13002
59891
2613
263152
198385
553
25152 19151
29680
19151
22548
1299 8943
1239
196621
6720
30844
202194
13002 20764
6667
24482
8426
9002
6772
6453
262757
31122
35369
8943
6461
53070 10429
57381
20764 20764
3303
52873
12654
37239
10429
