#src/zombie.py
# GMT Mon Oct  1 05:04:06 2018
# 
37468 174
50620 174
8422 9189 174
2857 174
12989 22548 16735
59689 30781
264911 6939
57821 6939
62567 3356
174 701 3356 5511 19151 286 3257 6762 64396 2914 13002 1299 41497 1280 9304 29075 6461 12637 20764 21320
43100 20764
286
12874 6762 15605
198249 13030
28917 1299
22652 6939
8359 3356 41722
198290 6661
56730 9002
2914 3356 37271 16347 4589 20080 6661 7575 1916
15435 6939
1299 3356 31133 680 1273 14061
12859 20764
1280
37497 6939
31133 31261
20080 1251
12956 6762 18881 10429
15547 3356
16347
41497
50300 20764
8218 6461
16735 6939
2497 701
12779 3257
5539 8763 21385
8607 9002
13002 25091
3356 701 44217 4230 553 6453 3549 49605 3320 6939 20764 9002 30781
37271 37239
4844 37989 6939
8763
34288 13030
49463 13193
21385 20764
6661
3333 20764
3257 25220 29140 29686
47872 44217
6881 6939
202032 6939
262317 6939
8596 1764
48526 5511
18881 52873
12637
15576 6772 196621
4589
34019 30781
1916
37989
50304 6939
58299 13030
23106 10429
5511
1103 20764
50763 20764
34781 13030
31261 41617
20612 1836
1251 28571
680
53067 6939
28571
19151
31424 6939
1273 6667 6939
30781
7575
64396
701 23148
1836 13030
49605
13030 35369 8455 202194 6939 6772
1853 21320 6720
8758 6939
41722 12654 9002
8283 8455
14061
25091 6893
8928 9002
3549 28329
9189
263075 6939
13193 3320
37640 6939
263651 6939
1764 3320
52720 52873
2613 6893
25160 6939
29608 20764
29686
9304
51405 20764
29636 6939
29075 198385
28329
23148 25152
3320
6939 7018 263152 29680 59891 20764 24482 8426 57381 5396
25220
52863 6762
21320
41617
5396
6762
6893
29680
59891
44217
263152
198385
553
25152
15605
22548
8455
196621
29140
6720
30844 6453
202194
7018
6667
24482
8426
9002 6453 31122
6772
6453
262757 4230
31122
35369
4230
6461
53070 10429
57381
20764 12654
52873
12654
37239
10429
