#src/zombie.py
# GMT Mon Oct  1 08:16:25 2018
# 
3257 49605 4589 1299
29680 174
553 680
198249 13030
3356 20676 6939 3549 680 19151
15605 12874
57118 196621
6881 15685
25091 13002 6893
9002 2914
3303 12874 3320
263152 6939
12654 6939 21385 13030
6762 1299
513 6730
50300 174
13002 174
14061 1299
21396 6939 31463
1103 20495
1764 8596 174
47872 12713
198290 6661
2613 6893
8758 13030
12779 174
57821 12586
8763 5539
52888 1251
9304 174
20932 13030
57381 50304
50304 6939 42708
51395 59891 13030
8943 6939 50763
6730 6730 174
2914 20080 16347 1299 6661 62567 52320 1916 4844 13030
202194 198385
286 1299
52720 3549
59891
37271 174 37239
8455 8283 20495 13030
6939 263651 1299 202032 8426 31424 29075 30844 29208 29608 22652 264911 5396 12859 28329 15547 42708 28917 15435 9189 37640 52863 57463 30781 10026 262317 703 3320
3320
29608
50763
23148 701 25152
13030 29691 1299 8607 34288 6772 34781 35369 58299 1836
3549
5396
20080 1251
202032
8283
34019 20495
1280 701
28329
22652
6453 1299
58299
57463 29686
51405 24611
6661 24611
19151
29208 15685
35369
703 701
8426
29140 20495
64396 174
29686
20495 49463 24482 52320 25220
16735 52320 12989
1299 6461 174 7018
1916
37989 4844
34288
6772 15576
12874
30844
28571 1251
12586 20676
28917
8928 10026
1273 701 12713
49605
52320
1836 20612
15576 196621
16347
6461 7575 8218
21320 174 1853
31122 174
37239
15547
7575
41497 174
1853 6720
4589
25220
52863
29636 174
30781 59689
8607
4844
2857 174
7018
49463
263651
53070 12989
174 680 6667 25160 48526 20764 198385 50620
196621
3333 12859
5539 21385
6893
62567
20612
21385
31424
6667
680 680
29075
29691
31463 56730
56730
2497 701
24482
20676
264911
12713
12859
1251
198385
25152
8596
15685
262317
701
42708
59689
15435
9189
37640
25160
10026
50620
24611
20764
8218
6720
12989
48526
34781
