#src/zombie.py
# GMT Mon Oct  1 06:56:12 2018
# 
37468 37239 174
8447 6720 3320
57821 12586
198249 13030
28917 8359
22652 3356
198290 6661
34177 174
8455 1299
8426 3356
31133 31261 3320 25227
20080 1251 2914
198545 174 29152
31463 56730 50300
13101 12586 20764
50300 174 2914
8218 16347 174
16735 22548 52320
12779 174
8607 3356
37271 327995 9002
12350 174
7738 263321 8167 3320
12654 20764 41722 9002 41095 3252
3257 4589 3356
47872 174
52863 6762
263584 263321
41497 174
51185 3356
286 1103 174
23106 52320
50763 8943
28329 6762
38930 1299 8283
52320 1299
22548
1221 4637 4608
1136 24785 3333
30781 5511 59689
2895 3267
4777 2497
64396 174
701 3356 23148 1280 4134 174 2497
12956 3356 4809
8758 8220 196621
41722 20764
3216 6762 3216 20764
41617 31261
3333
3549 28220 3356 52720
4637 1239
29222 3303
37100 327782 2914
25227
25160 174
9304 174
25074 9189 61157
29075 198385 174
23148 25152
1916 174
20562 41095
20612 1836
6893 6730 2613
25091 13002
59891 51395
25152
29680 174
15605 12874
34019 20764
1239 3356
7018 174
327782 327960
30132 12859
6730 6730 3320 513
1273 6667 1299 8468
5392 174
4608
262757 28666
53070 22381
57381 50304
20764 43100 20764 48526 51405 30844 174
3303 12874 3320
7575 2914
37239
15547 8220
29691 13030
25933 8167
35054 3356
3252 3252 174
24785 24785 1299
58299 13030
12874
174 6762 3356 174 35699 19151 51395 49605 45896 29140 20932 12637 13002 1299 24482 37497 6661
43100
3491 3356
8359 3356
45896
56730
61157 3320
33891 3320 553
2914 3356 29686 9002
15435 1299
1299 2603 3356 680 14061 62567 8943 1299 42708 13237
12859 9002
1280
513
37497
202194 13030
48039 12586 8596
3267 2603
29152 58308
8167
12586
263321
51395
9189
3356 6453 41095 14361 5511 29608 9002 5396 3320
4134 4809
49463 13193
28666 4809
29140
327995
13237
8596
48526
12637
2497
34288 13030
50304 42708
28220
5511
1103
34781 13030
31261
1251 52888
42708
9002 39821
62567
49605
13030 1836 31424 41095
16347
8283
14061
13193 3320
20932
41095
2603
59689
327960
29686
51405
8220 3320
3320 25220 8222
25220
29608
6661
52888
5396
8222
6762
31424
35699
2613
198385
553
19151
39821
58308
196621
6720
30844
1836
6667
24482
8468
14361
680
6453
52720
8943
4809 22381
4589
22381
13002
