#src/zombie.py
# GMT Mon Oct  1 04:38:57 2018
# 
1916 1251 52888 6939
14061 1299
7018 6939
34781 13030
8447 3320 6720
12654 13030 6939 21385
53070 6939
263152 6939
24611 51405 6661
37989 4844
8763 5539
701 1273 1280 703 2497
13002 20764 25091
6461 7575 6939 8218
20932 174
2613 6893
30781 6939 59689
3320 8422 6939 1764 3303
16735 12956
59891 51395
12713 1273 47872
8455 13030
57821 12586
8943 1299 50763
1836 13030 20612
6893 25091
680 553 680 174
8426 6939
35369 13030
34288 15576
15685 6881 29208
8758 13030
48526 3303
29636 174
20764 8732
263651 6939
52888
1853 2852
28917 6939
6830 513 6830 1299
29608 13030
49463 174
20676 3356 12586
9189 8422
286 6939 1103
8422
1764 8596
202032 6939
19151 174
6453 6939 29686 62567
25220 29551
37239 37271
4844 6939
12956 6939
34019 3303
13030 198249 51395 50620 31025 4589 29208 6939 1299
41497 174
25152 1273
12859 6939 3333
1273 1299 6667
29551 31025
64396 174
15605 12874
9304 174
6939 31424 3356 263075 22652 3257 28329 10026 6762 2914 15547 52863 264911 29680 31122 9002 262317 1299 49605 50304 2852 3303 52720 37271 703 8218
202194 198385
29691 57118 15576
50300 5580 31463
5580 3257
29075 174
52720
37271 174
29208
24482 174
50304 57381 42708
47872
52863
198385 174
3356
6720
51405
12874 3303
2852
49605
29140 174
59689
51395
8596
15547
6661 198290 174
264911
28329
29680
9002
3333
12586
20080 2914
22652
56730 31463
57381
263075
31463
174 2857 174 58299 1299 12779
29686
58299
1103
1251 28571
198290
38930 8283 1299
703
8218 16347
7575
262317
31424
42708 1299
5539 21385
513
57118
50763
4589
3257 1299
12779
8732 1299
6667
10026 8928
6762
196621 15576
2914
553
15435 1299
20612
1299
16347
198249
2497
6881
31122
50620
31025
8928
21385
8283
25091
28571
15576 3303
3303
1280
2857
62567
