#src/zombie.py
# GMT Mon Oct  1 06:26:17 2018
# 
37468 174
50620 174
2857 6939
264911 6939
57821 12586
62567 3356
29208 15685 6939
174 64396 1836 37271 12956 12637 198385 50300 19151 29140 174 48526 41497 6667 1299 25160 1280 20932 29636 29075 1916 52320 12779
286 34984 1103 6939
12874 3303 15605
198249 15576
34984 44217
15685 6881
198290 6661
56730 31463
49605 9002
2914 1299 12956 4844 6939 20080 6661
15435 6939
34019 3303
12859 6939
15830 9304 6939
513 6830
37497 6939
1299 6762 3356 6461 1239 12956 3320 16735 1273
20080
29691 57118 15576
43531 8596 6939
31463 21396
15547 3356
1257 3333 1239
16347 8218
41497
50300
12586 20676
8218 35369 6461
16735 6762 4809 6939 22548 14840
15576 8220 196621
12779
5539 33891 8763
8607 6939
6830 6830 12956
7018 12956
3356 6762 680 6939 14061 1853 30781 8732
14840
37271 37239 6939
4844 37989
8763
49463 13193
28917 6939
6661
16265 38930 6939
25074 9189 6939
42708 50304 6939
3257 6939
47872 44217
6881
202032 6939
44217
50304 57381
8596
48526
18881 52873 12956
12637
2497 701 25152
34288 9002
1916
37989
12307 57118
23106 52320
1103
50763 6939
48166 9002
57118
38930 8283
1251 28571 6939
52320
53067 4809
28571
31424 6939
9002 6939 41722 41617
30781 59689
7575 6461
64396
6762 6939
1836 20612
680
13030 8455 6939
8758 6939
12956 701 6939 10429
20612
8283
14061
3333
8732 20764
41722
8928 29680 6939
4589 6939
9189
263075 6939
21396 6939
52873 52720
13193 3320
20932
37640 6939
263651 6939
20676 6939
59689
25160
262317 4809
29608 6939
29686 6453
9304
8220 6939
29636
29075
3320 3303
6939 22652 59891 8426 5396 25220 33891 30844 24482 6453 6461 53070
25220
52863 12654 4809
41617
5396
33891 553
701
6893 25091 2613
25091 13002
59891
2613
263152 4809
198385 202194
553
22652
25152
29680
15605
22548
8455
1239
196621
29140
6720 1853
30844
202194
13002 20764
6667
24482
1280
1273
1853
8426
6453
52720
35369
6461
53070
57381
20764
3303
19151
4809 4809 10429
12654
37239
10429
