#src/zombie.py
# GMT Mon Oct  1 04:58:48 2018
# 
37468 37271
50620 174
2857 8365
8447 6762 6720
59689 30781
52720 52873
57821 12586
62567 2914
29208 15685 2914
174 6762 701 29680 12956 19151 286 3257 1239 22652 64396 2914 7018 1299 1280 25160 48039 6453 29075 6461 16347 3356 6830
286 1103
198249 13030
28917 1299
15685 6881
8359 3356 41617
198290 6661
56730 31463
29140 2914
41722 12389
2914 3356 12637 4844 1916 2497 8365 12654 20080 29686 6453 29636 3320 6939 19151 6661 9002 8607 7575
15435 1299
8455 8283 13030
12859 6939
1280
513 6830
29608 6453
20080 1251
48039 8596
31463 6762 50300
15547 1299
1257 3333 1239
16347
41497 3257
50300
12586 20676
8218 6461
16735 22548 262757 6939 12956
15576 6772 196621
12779 3257
5539 1273 8763
8607
6830 6830
51395 3257 59891
13002 20764 25091
3356 25074 20676 20932 3549 30781
264911 10429
37271 37239 6939
4844 37989
8763
34288 13030
49463 13193
6661
12874 3303 15605
25074 9189
42708 1299 50304 57381
3257 4589 9304 31122
47872 44217
6881
52863 6762
262317 6939
8596
48526 1273
18881 52873 12956
12637
2497 701 25152
34019 3303
15605
37989
50304
58299 13030
23106 10429
1103
50763 8943
34781 13030
28329 3549
20612 1836
1251 28571
680 1299 553
22548
28571
31424 6939
1273 6762 6667 12389
30781
7575
64396
701
1836 13030
49605 9002
13030 35369 202194 6939 6772
8758 6939
12956 6762 10429
8283
14061 1299
3333
8732 20764 1299
8928 10026
3549
9189
263075 6939
12389
13193 1299
20932
37640 6939
263651 6939
44217 6939
25160
3320 3303
4589
29686
9304
51405 6939
29636
29075 198385
1916
6939 5396 263152 10026 19151 37497 202032 12654 30844
25220 1299
202032
41617
5396
6762 12654
6893 25091 2613
25091
59891
2613
10026
263152
198385
553
22652
19151 12654
29680
25152
53067 10429
1299 8943
1239
8426 6453
196621
20676
6720
30844
202194
7018
6667
24482 6453
8365
37497
9002
6772
6453 6453
262757
31122
35369
8943
6461
53070 10429
57381
20764
3303
52873
12654
37239
10429
