#src/zombie.py
# GMT Mon Oct  1 06:47:52 2018
# 
37468 174
50620 6939
2857 174
12989 22548 16735
59689 30781
264911 10429
57821 12586
62567 6453
29208 15685 2914
174 6762 3356 37271 12637 553 19151 29680 29140 51395 198290 64396 174 48526 41497 6667 15435 31133 25160 1280 4230 20932 48039 9304 29636 29075 1916 50300 20764 3303 16735 12779
43100 9002
286 3356
198249 13030
28917 6939
15685 6881
1273 1299
198290
56730 31463
61157 25074 3320
2914 3356 3320 16347 20080 9002 30781 4844
8447 6720 6939
15435
1299 6762 8943 3356 8928 42708 680 14061 6939 6453
12859 9002
1280
25074 9189
29608 5511
31133 31261
20080
16347
31463 50300
15547 34781 6939
1257 3333 1239
41497
50300
12586 6939
8218 6461
16735
15576 6772 196621
12779
5539 8763 21385
8607 6939
51395 59891
13002 20764 25091
3356 701 6762 15605 49605 44217 22652 6453 7018 3257 6461 1239 6939 9002 3320
37271 37239
4844 37989
8763
49463 13193
21385 680
12654 25220 6762 680 9002 6939
29140
42708 50304 57381
3257 4589 31122 1103
47872 44217
6881
52863 6762
262317 6939
8596 48039
48526
18881 52873 12956
12637
2497 701 25152
34019 3303
34288 13030
37989
50304
58299 13030
23106 10429
5511 6762 5511
1103
50763 8943
34781
31261 41617
20612 1836
1251 28571 1916
22548
28571
31424 6939
9002 8758 6453
30781
7575 6461
64396
6762 12956
1836 13030
49605
13030 35369 8455 202194 6939 6772
8758
12956 10429
8283 8455
14061
3333
41722 20764
8928
9189
263075 6939
52873 52720
13193 3320
20932
37640 6939
263651 6939
52720
44217
25160
4589
29686 6453
9304
51405 6939
29636
29075 198385
3320 25220
6939 5396 263152 53067 202032 37497 6461 25220
25220 30844
202032
41617
5396
701
6893 25091 2613
25091
59891
2613
263152
198385
553
22652
25152
29680
15605
53067
8455
1239
8426 6453
196621
6720
30844
202194
7018
6667
24482 6453
48039
37497
4230 262757
680
6772
6453
262757
31122
35369
8943
6461
53070 10429
57381
20764 20764
3303
19151
1916
37239
10429
