#src/zombie.py
# GMT Mon Oct  1 04:58:10 2018
# 
328206 328145
6762 60501 1299
6720 8447
15605 12874
14907 13030
29075 15576 3320 16347 174 198385
202032 6939
3333 12859
1103 286
20612 1836
4657 38001 3491
6894 174
3491 3356
22652 3356
3356 8426 25091 47692 3356 1299 680 30781 3549 3320 5400 2914 6939
29608 13030
680
49605 174
3549 52873 263702
20495 8455
15935 174 29504
20932 174
37468 52720 174
53067 6939
47692 33891 12654 6453 6939
205206 16245
8896 174
28634 22356
51405 6939
12654 47147 13030 6939
38001
198290 6661
29680 174
513 174
12874 3303
52873
8607 6939
28571 1251
264911 6939
50300 174
28917 1299
263702
196621 15576
9304 6939
56730 51945
15576
6461 8218 1299
35266 2914
6667 174
263152 6939
23106 52320
34019 3303
25091
29636 174
3257 1299
30781 59689
4844 2914 37989
39351 174
13101 34549 13030
1299 12956 13030 15435 7018 174 286 8943 2497 29551 1273 6453 14061 47147 3320 50304 42708 20676
33891 3320
198385
29551 25220
50620 174
29686 6453
12859 6939
53070 10429
21232 13030
51945 174
1251 1916
174 25512 12779 41497 16245 37271 12637 29140 19151 64463 24482 174 553 25160 31122 2857 16735 31742 3303 6661 1916 20764 51395 3320 50877 52320 48526 6453
6939 263075 31424 15547 262317 7575 30844 328145 6939 37239 16735 13030 8447 1280 57111 20080 262757 3320 37640 5396 4635 2613
8943 50763
59891 51395
16735 12989 263508 266534
31742
1916 52888
59414 13030 12307
13193 3320 49463
14061
3320 47147 2914
51395
12779
35369 13030
58299 13030
25160
29691 13030
553
59689
60501
12637
262317
266534
263075
52720
25220
16347
20764 41722
8426
20080
9002 4635
202194 13030
4635
2914 15562
50304
42708 57381
286
50763
8455 8283 13030
50877
25152 19151
49463
15435
29504
7018
15562
52888
328145
6881 25512
198249 13030
31122
1273
47147
37640
5396
48526
4777 2497
12956 10429
16245
34549
37271
31424
22356 27715
3303
37239
19151
25512
8283
8218
12307
262757
15547
2110 39122 5400
6453
8758 13030
64463
20676 12586
41497
13030 34288 1836
12586 57821
24482
22548 12989
57381
7575
34288
30844
5400
8447
39122
52863 52320
2497
37989
41722
57821
1280
29140
57111
12989
2613
263508
52320
1836
10429 27715
2857
6661
27715
