#src/zombie.py
# GMT Mon Oct  1 06:56:12 2018
# 
37468 174
24611 6661 51405
8447 6720 3320
57821 12586
198249 13030
28917 174
22652 1299
198290 174
34177 12859
8455 12654 2914
48039 8596 3320
20080 6762 1251
198545 174 29152
31463 56730 21396
50300 12859
8218 174
16735 22548 52320
12779 174
8607 2914
37271 327995 1299
12350 174
7738 263321 8167 3320
3257 701 6762 3356 1299 12859 12956 14361 6453 5511 7018 174 286 3320 12586 3491 2914 1239
47872 174
52863 6762
263584 263321
41497 174
15576 3303 41562 8758 8220 196621
51185 174
286 1103
23106 52320
50763 8943
28329 6762
38930 1299 8283
52320 1299 12859
22548
1136 24785 3333
30781 5511 59689
2895 3267
7575 2914
64396 174
701 4134 23148 1280 2497
8758
41722 20764
1221 4637 4608
3333
3549 3356 52720
21396 12859
4637 1239
41617 31261
37100 327782 12859
2613 6893
25160 174
9304 174
25074 9189 61157
29075 174
23148 25152
1916 174
20562 2603
20612 1836
8426 3356
6893 25091
25091 13002
59891 51395
25152
29680 174
15605 12874
34019 12859
1239
12389 3491 31261 25227
9189
7018
327782 327960
30132 6939
6730 6730 3320 513
1273 3216 1299 8468 6667
5392 174
4608
53070 10429
57381 50304
20764 13002 3216
3303 12874 3320 29222
4777 2497
37239 12859
15547 8220
29691 13030
25933 8167
35054 3356
3252 174
24785 24785 41095
58299 13030
12874
174 174 35699 19151 49605 45896 29140 48526 12637 24482 3267
3491
45896
56730
61157 3320
33891 3320 553
2914 12859 4589 29686 9002
15435 1299
1299 62567 1299 50304 680 20932 14061 8943 6939 42708 13237
12859 16347 37497 12654 6939 6661 9002 41095 30844
1280
513
37497
202194 13030
16347
3267
29152 58308
8167
3216
12586
263321
5413 12654
51395 6939
262757 28666
3356 29608
4134 4809
49463 13193
29222
28666 4809
29140
327995
13237
8596
48526
12637
2497
34288 13030
50304 42708
28220 28220 12956
5511
1103 2603 12654
34781 13030
31261
1251 52888
42708
9002 39821
62567
49605
13030 2603 1836 31424
12956 10429
8283
14061
13193 3320
20932
41095
41562 198385
2603
59689
327960
29686
51405
8220 3320
3320 25220 8222
6939
25220
29608
6661
52888
5396 6762
8222
6762
31424
35699
25227
198385
553
19151
39821
58308
196621
6720
30844
1836
6667
24482
8468
14361
680
6453
52720
8943
4809
4589
12654
13002
10429
