#src/zombie.py
# GMT Mon Oct  1 05:47:55 2018
# 
29691 13030
328206 328145
7575 6939
59689 30781
6720 8447
29686 6453
35369 13030
34288 13030
262317 6939
39351 42708
59414 13030 12307
15605 12874
553 3356
29075 15576 6453 174
12307
3333 12859
52888 1251
52720 37468
12956 10429 6939
20612 1836
16347 2914
45896 9002
2857 174
8426 3356
12654 12779 57111 47692 9002 6939
3491 4657 6939
7018 6939
22652 6939
49605 1299
34019 3303
20764 8732 41722
3356 15576 12586 29608 30781 3549 9002 48526 6939 6453 20932
29608
680 1299
6774 328145 6939
20080 2914 1251
3549 16735 263702
9002 4635 8758 6453
20495 8455
4635 9304 6939
15547 6939
2914 50300 1916 25091 15562 12779 174 29636 6939
50304 42708 57381
42708 1299
56730 31463
6939 263075 31424 13030 53067 47692 37271 12859 22548 264911 202032 6762 263152 286 2497 6461 8607 50620 1280 57111 3257 262757 3320 37640 4637 5396 4844 6453 1299 263508
20932
31122 3257
12637 174
8455 8283 13030
53067
47692 33891
8758
8896 174
25152 2497
59891 136620
49463 13193
39392 33891 29504
51405 24611
29504
6762 8732 30844
15562
1103 286
328145
43100 57111
6881 15685
198249 13030
29680 3257
8732
38001 4657
31424
198290 6661
24611 6661
1273 6667 1299
513 174
12874 3303
19151 174
62240 136620 6461
8607
47147 3320
37640
5396
22356 27715 28634
48526
4777 2497
28917 1299
57821 12586
263702
136620 136620
196621 15576
9304
198385 15576
1916
37271 37239 37468
263075
202194 13030
15576
37468
264911
6461 8218
3303 3320
6667
263152
23106 10429
50877 174
37239
24482 4657
25220 29551
29551 1299
25091
8283
8218
202032
4657 4637
3257 12779
30781
262757
4844 37989
15685 1299
4637
3320 33891
2110 39122 5400
6453
1299 8943 15435 13193 14061 52320 5400 8447
64463 174
50300 31463 174
33891
29636
41497 174
13030 58299 1836 21232
50620
8943 50763
12586 12586
31463
28571 1251
50763
12859
22548
53070 10429
21232
57381
28634
1836
30844
1251
174 31742 6661 29140 174 25160
10429 27715
8447
286
39122
52863 52320
2497
16735
37989
41722
15435
31742
1280
29140
57111 2613
13193
14061
2613
263508
52320
12779
5400
58299
6661
25160
27715
