#src/zombie.py
# GMT Mon Oct  1 06:32:59 2018
# 
50620 174
8422 9189 6939
2857 174
12989 22548 16735
264911 4809
57821 12586
62567 3356
174 6762 64396 29680 25512 12637 553 19151 174 31133 29140 20932 1916 6667 1299 25160 513 29636 29075 41497 50300 21320 12779 1764
58299 13030
12874 3303 15605
198249 13030
28917 6939
22652 6939
8359 20764 3356
198290 2914
56730 31463
2914 1299 37271 4589 20080 9002
20485 13002 4635
15435 1299
8455 8283 13030
28666 262757 262589
12859 6939
1280 701
513
37497 6939
31133 31261
20080
16347 6939
31463 50300
25512 6881
15547 3356
1257 3333 1239
41497
50300
12586 20676
8218 6461
16735 6762 28329 1299 6939 14840 52873 262589 4809
2497 701
12779
5539 8763 21385
8607 6939
7018 1299
3356 6762 20676 1299 44217 6939 25220 14061 30781
14840
37271 37239
4844 37989 6939
8763
49463 13193
21385 6939
4635 9304 6939
29140
37239
3257 1299
47872 44217
6881
52863 12654 4809
44217
262317 4809
8596 1764
48526 6939
12637
15576 6772 196621
34019 30781
34288 13030
1916 1251
37989
50304 42708 57381
286 1299 1103
23106 10429
1103
50763 8943
34781 13030
28329 12654 6939
20612 1836
15605
1251 28571
680 6939
22548
202032 6939
14061
31424 6939
9002
30781 59689
7575 6461
64396
701 6939
1836 13030
49605 6939
13030 1299 35369 6772
8758 6939
12956 6762 1299 10429
8283
41617 31261
3333
553
8928 10026
9189
263075 6939
13193 3320
20932
37640 6939
263651 6939
1764
59689
25160
4589
29686 6453
9304
51405 6939
29636
29075 198385
31261
23148 25152 6939
3320 1299 3303
6939 6762 1239 59891 30844 1299 24482 8426 10026 4809 29608 31122 5396
25220
29608
21320 1853
5396
4809 263152
6762 1299
6893 25091 2613
25091 13002
59891
2613
10026
263152
198385 202194
262589
25152
29680
19151
42708 1299
1299 8943 6453 6461 1273
1239
196621
28571
20676
6720 1853
30844
202194
13002
6667
24482
8426
1273
1853
6772
6453
262757
52720 52873
35369
8943
6461
53070 10429
57381
20764
3303
52873
12654
31122
10429
