#src/zombie.py
# GMT Mon Oct  1 04:44:51 2018
# 
262375 52720 22548 3549 14840
7018 3257
6720 8447
15605 57111
14907 13030
264911 6939
202032 6939
3333 1103
1103 2603 8758 12654 286
22381 53070 12989
20612 1836
4657 38001 3491
6894 57111
31025 29551 57111
3491 3257
22652 3257
3356 2914 3549 8455 286
29608 57111
680 1299
49605 57111
3549 52873 263702
20495 286
6939 12654 41497 9304 50620 1280 262317 12859 34549 57821 263075 1251 263152 16735 53067 1916 57111 8607 20080 262757 37640 5396 52320 39351 28917 263508
20932 57111
31122 57111
37468 37239 12859 57111
53067
47692 33891
8758
8896 174
28634 22356
39392 33891 29504
51405 24611
12654 12859 8455
43100 57111
1273 1299
8359 20764 57111
38001
198290 6661
29680 174
8220 15576 57111
2603 30844
513 6730
52873
8607
28571 1251
14840
28917
263702
136620 136620 59891 57111
196621 15576
9304
56730 31463
15576 29691 198385 21232 34288 198249
6461 3257 7575
6667 57111
263152
23106 52320
34019 30781
25091 57111
29636 174
3257 6762 6453 12859 8426 2914 174 1299 701
30781 59689 57111
4844 2914 37989
39351
1299 14061
33891 57111
198385 202194
29551 25220
50620
29686 57463
12859 48526 16347 50304 2914 286
38930 8283 16265
53070
21232
1251 52888 1916
174 39122 16735 16245 31742 1916 15435 19151 29075 6730 22356 64463 25160
286 57111
59891
16735 12989 266534
57463 57111
31742
39540 57118 12307
1916
59414 13030
13193 49463 57111
14061
12779 57111
35369 13030
58299 13030
25160
29691 57118
553 57111
59689
12637 57111
262317
266534
16265 57111
263075
52720
29208 15685 57111
16347
20764 8732 41722
8426
20080
9002 57111
50877 57111
2914 8455 15562 37271
50304
50763 57111
8455
25220
202194
25152 19151
49463
57821
6730 6730
6762
15562
52888
6881 15685
198249
8732 57111
24611 6661
701 2497
47147 57111
37640
5396
48526
4777 2497
16245 205206
34549
37271
31424 57111
22356
29075
37239
19151
8283
8218 57111
12307
262757
15547 57111
6453
205206
64463
50300 31463
41497
13030 1836 57111
31463 57111
24482 57111
57118
22548
7575
34288
30844
15685
8447 57111
39122
52863 52320
2497
37989
41722
15435
1280
29140 57111
57111 1836 6661 2613 2857
12989
2613
263508
52320
1836
2857
6661
29504
