#src/zombie.py
# GMT Mon Oct  1 03:58:41 2018
# 
263584 263321
16685 22356 16685 4230
7018 174
6720 8447
22356 28634
15605 12874
14907 6908
29075 15576 174
12307 39540
3333 12859
1103 286
22381 53070 4809
57866 8283 701
29226 2895 20764
6894 2497
8167 7738 25933
3491 64050 7738 41095 174 28513
22652 3257
3356 8359 37468 14007 37497 8896 41095 51185 29222 3549 9002 1836 34177 16347 174 6939
29608 20764
680 1299
49605 9002
3549 28220 16735 24611 52873 9304 52720 5392 23106
4809 4134
29686 3257
4230 28513 262757 9002
20932 1299
28634
12637 3257
6730 6893 174
53067 6939
47692 33891
205206 16245
8896
37100 327782 174
29222
34549 33891
39392 3257 29504
51405 24611
35699 2914
12654 20764 9002
701 174 1280 2497 23148
8359 28917
38001 41095
198290 2914
29680 174
8220 3320 15547
513 6830
12874 3303
52873
8607 6939
327782 327960
39821 28917
264911 6939
34177
28917 174
5392
196621 8758
9304
56730 31463
6830 174 6830
15576 29691 3257 21232 198385 8758 34288 198249
1221 4637 4608
4608
20562 20764
43578 174
6461 174 8218
20612 1836
263152 6939
23106
23148 25152
34019 6939
25091 2914
3257 8455 29551 12586 31742 29140 174 12779 13237 50300
30781 5511 59689
3252 174
35054 6939
39351 42708
1299 25512 8943 40191 1273 13030 42708 15435 14061 12350 52320 553 50304 174 1299 8447 6939
33891 3320
198385 202194
40191 395766
29551 25220
31463 6762
12859 30132 20764
28929 6939
53070
21232
1251 52888 20080
174 24482 4637 6762 5511 5400 286 16245 20764 3320 2914 6453
6939 51395 262317 202032 263075 45896 20764 57111 8426 3320 37640 58299 13760 64463 263508
8943 50763
2895
16735
31742
4777 2497
39540 57118
8222 3320
59414 13030
13193 3320 49463
14061
3320 47147 3303
51395 59891
12779
5400 2110
58299
13760
25160 2914
29691 57118
553
59689
37497
34288
262317
266534 18881
395152 14007
263075
52720
25220
16347
25227 12389
45896
20764 30844
12389 1273
8426
20080 6762
9002 12956 41722 2914 4134
50877 6762
2914 28329 2497 19151 6908 37271 1916 7575 15562 35369 49375
286
42708
4637
50763
8455
202194
25152
25933
49463
15435
29504
6762 41497 5396
15562
52888
5511
6881 25512
198249
31424 13030
50304
24611
1273 48526 6667
59891
4134
47147
37640
5396
48526
13237
57821 12586
12956 18881
16245
6908
1916
37271
41095
51185
37468
6893 2613
3303
49375
28220
24482
30132
327960
8283
8218
202032
6667
262757
15547
395766
2110 39122
6453
8758
64463
50300
28329 263321
263321
41497
13030 1836
64050
12586
57118
19151
12350
7575
30844
14007
35369
8447
25512
39122
52863 52320
2497
41722
7738
1280
29140
57111
2613
263508
52320
1836
28513
18881
