#src/zombie.py
# GMT Mon Oct  1 06:18:02 2018
# 
1916 1251 2914
14061 3356
7018 1299
34781 13030
59891 51395
30844 6939
25074 3356 9189
25160 174
57866 174 8283
37989 4844
8943 2914 50763
5396 6939
4230 262757 2914
701 1273 1280 6939 2497 23148
51395 3257
25220 29551
53067 10429
20932 174
2613 6893
21320 174 1853 3356
29551 3320
3320 3303 21385 1299 1273
16735 52320 12989
1239 1273 1257
8455 2914
3549 3356 28329 52720
57821 12586
263152 6939
8763 5539
50300 31463
6893 25091
45896 19151
8426 6453
174 198385 50304 35369 49463 12779 174 6667 29075 1836 19151 2914 680 29140 29680 41497 31122 50620 1273 24482 25512 64396 48166 2857 9304 51945 6730 58299 15435 37271 48526 29636
13002 20764 25091
16347 8218
8758 6939
29691 198249 15576
29636
20764 8359
263651 6939
1251 28571
1853 6720
28917 3356
29075
48526
29608 5511
49463
53070 12989
286 1273 1103
6881 25512
202032 6939
19151 3356 6939 2914 25152
6453 1273 29686 62567
6461 7575 1273 8218
37239 37271
4844 6939
12956 1273 10429
23148 25152
34019 3303
13030 1273
41497
25152 3257 1273 12654
12859 6939
1273 3356 6939 9002 3257 1299 6762 5511 37271
24482
6720
48166
37497 6939
9304
5511 5511
9189
6939 3356 31424 263075 51405 10026 37640 12654 1299 264911 262317 8359
202194 198385
8359
50763
15435
52720
8218 59689
8928 10026
50304 57381
47872 44217
262757
52863 6762
3356 49605 1299 15547
64396
35369
3333 1257
12874 3303 15605
15547
12989
31424
29140
25512
59689
52320 2914
42708 1299
8596 48039
34288 15576
2914 20080 1299
6661 198290 3257
264911
28329 263674
29680
9002
12586 3257
20080
22652 3257
56730 51945
57381
263075
44217 6762
51945
6730 513 6730
29686
58299
1103
198290
15605
1257
7575
262317
1836 20612
49605
48039 3257
5539 21385
513
57118 196621
4589 3257
3257 8607
12779
6667
10026
37640
10429
196621 15576
12654
553 680
20612
1299
8607
198249
2497
37271
51405
31122
50620
680 680
198385
21385
8283
263674
25091
6762 31463
28571
15576 3303
3303
1280
2857
31463
62567
