#src/zombie.py
# GMT Mon Oct  1 05:38:14 2018
# 
37468 37239 174
24611 6661 51405
57821 12586
8455 3257
28917 8359 39821
22652 3257
198290 6661
34177 3356
9189 25074
8426 3356
20080 6762 1251
31463 56730 3356
50300 174
8218 6461 16347
16735 22548 12956
12779 3257
8607 2914
37271 327995 9002
12350 174
7738 263321 8167 3320
12654 9002 19151
12874 3303 15605
3257 29680 12586 13237 29686 9304 174
47872 3356
263584 263321
41497 174
15576 41562 47176 8758 8220 196621
51185 3356
3491 3491 12389 174
23106 52320
50763 8943
28329 6762
38930 1299 8283
52320 1299
22548
1136 286 3333
30781 3356 59689
2895 3267
4777 2497
64396 174
701 2497 23148 1280 174
47176 25435
8758
41722 20764
3216 20764 1273
1764 8596 1853 3320
41617 31261
3333
3549 3356 5392 52720 8468
4637 1221 174
29222 3303
37100 327782 174
2613 6893
25160 3356
9304
25074 61157
29075 1299 58308 174
23148 25152
1916 2914
20562 9002
52863 6762
6893 6730
25091 13002
59891 51395
25152
29680
15605
31133 31261 3320
12389 25227
25435
7018 174
327782 327960
30132 12859
6730 6730 3320 513
1273 6667 1299 174
5392
4608 1221
53070 22381
57381 42708
20764 13002
3303 3320
7575 6461
1853 6720
37239
15547 8220
20940 37497 9002
29691 13030
25933 8167
35054 3356
3252 174
1836 20612 13030
174 6762 3356 49605 12956 19151 29140 174 48526 2914 1299 286 6453 6461 12637 6661
286 1103
8359 3356
45896 3356
56730
61157 3320
33891 3320 553
2914 6762 35699 4589 3320 9002 3356 19151
15435 1299
1299 2603 50304 6939 14061 8943 42708 20932
12859 9002
1280
513
37497
12956 28220 9002 4809
3267 2603
8167
12586
263321
51395 6939
262757 28666
3356 6762 62567 4134 3356 14361 680 3320 29608 9002 41095
4134 4809
49463 13193
28666 4809
29140
327995
13237
8596 8596
48526
12637
2497
34288 13030
50304
28220 28220
1221
1103
31261
1251 52888
42708
9002 6661 8220
62567
49605
13030 202194 31424 19151
16347
20612
8283
14061
13193 3320
20932
41095
41562 198385
2603
202194
327960
29686
51405
8220 3320
3320 25220 8222
6939 30844
25220
29608
6661
52888
5396 6762
8222
6762
31424
35699
25227
198385
553
19151 6461
39821
58308
196621
6720
30844
59689
6667
24482 6453
8468
14361
680
6453
52720
8943
6461
4809 22381
4589
22381
13002
