#src/zombie.py
# GMT Mon Oct  1 04:53:00 2018
# 
6762 8732 6939
6720 1853
15605 12874
14907 13030
29075 34019 174
202032 6939
3333 12859
1103 286
20612 1836
4657 4637 24482
6894 174
31025 29551 6939
3491 6939
22652 6939
3356 30781 3549 15547 47692 2914 174 1299 6939
29608 174
680 1299
49605 9002
3549 52873 263702
20495 8455
4230 262757 174
20932 174
8732 20764
12637 174
53067 6939
47692 12654 6453 25091 6939
205206 16245
8896 174
28634 22356
39392 174 29504
51405 6939
12654 13030 6939
1273 1299
38001 7473
198290 6661
29680 174
8220 15576 6939
513 174
12874 3303
52873
8607 6939
28571 1251
264911 6939
50300 31463 174
28917 1299
263702
136620 136620 59891 174
196621 15576
9304 4635
56730 31463
15576 198385
6461 8218 6939
6667 174
263152 6939
23106 52320
34019
25091
29636 174
3257 6939
30781 59689
4844 37989 6939
39351 174
13101 34549 6939
1299 8943 701 13030 14061 5400 50304 174 49375 6939 20676
198385
29551 25220
50620 6939
29686 6453
12859 6939
53070 10429
21232 13030
7473 4635
1251 52888 1916
174 25512 37468 41497 16245 21320 37271 49463 29140 19151 12779 174 553 25160 31122 16735 15435 31742 3303 6661 1916 50877 52320 48526 2857 64463
6939 12956 262317 266534 52720 263075 16347 8426 4635 2613 2914 31424 22548 7018 7575 30844 286 2497 6453 1280 57111 3320 37640 5396
8943 50763
59891
16735 263508
31742
1916
59414 13030 12307
14061
3320 47147
12779
35369 13030
58299 13030
25160
29691 13030
553
59689
34288 13030
262317
266534
263075
52720
25220
16347
20764 41722
8426
20080 2914
9002 4635
202194 13030
4635 4637
2914 15562
50304
4637
286
50763
8455 8283 13030
50877
25152 19151
49463
57821 12586
29504
7018
15562
52888
6881 25512
198249 13030
31122
701 2497
21320 1853
47147
37640
5396
48526
4777 2497
12956 10429 6453
16245
34549
37271 37239
31424
22356 27715
3303
49375
37239
19151
25512
8283
8218
12307
37468
262757
15547
2110 39122 5400
6453
8758 13030
64463
20676 12586
41497
13030 1836
1853
31463
12586
24482
22548
7575
30844
5400
39122
52863 52320
2497
37989
41722
15435
1280
29140
57111
2613
263508
52320
1836
10429 27715
2857
6661
27715
