#src/zombie.py
# GMT Mon Oct  1 03:52:42 2018
# 
37468 37239 174
24611 6661 51405
8447 6720 3320
59689 30781
57821 12586
198249 15576
28917 39821 174
22652 3257
198290 6661
34177 174
8455 3257
48039 8596 3320
1299 701 62567 49605 50304 6453 20932 3267 3257 174 47872 42708 29075 38930 4637 13030 37271 1273 14061 2914
20080 6762 1251
8422 9189 3320
31463 6762 56730
13101 12586 12779
50300 174
8218 6461
16735 22548 52320
12779 34019 3257 49605 20562 12654 30844 174
8607 2914
37271 327995 3257
12350 174
7738 263321 8167 3320
3257 51395 29680 12637 174 13237 29140 41497 15435 8468 14361 29686 9304 1103 3320 52320 4589 3303 31122 5396
47872
202032 49605
263584 263321
41497
15576 34288 8758 196621 3303 29691 41562
51185 3356
286 1136 174
23106 10429
50763 8943
28329 6762
38930 8283
52320
22548
1136 3333
30781 5511
2895 3267
7575 2914
64396 174
701 23148 1280 2497
53070 10429
8758
1221 4637 4608
41617 31261
3333
3549 3356
4637
29222 3303
37100 327782 174
25227 31133
25160 174
9304
29075 58308 174
23148 25152
1916 2914
20562
52863 6762
8426 3356
6893 6730 2613
25091 13002
59891 51395
25152
29680
15605 12874
34019
25435 49605
9189
7018 174
327782 327960
30132 12859
6730 6730 3320 513
1273 6667
5392 174
4608
33891 31424 3320 553
57381 50304
20764 13002 174
3303 3320 35054 12874
52873 52720 12956
4777 2497
37239
15547 8220
29691
25933 8167
35054
3252 174
52720
58299 174
12874
174 3356 6762 12956 3491 35699 19151 48526 2914 24482 6461
43100 49605
3491
45896 3356
56730
2914 8943 16347 4134 9002 12637
15435
31133 31261 3320
12859 49605
1280
513
37497 49605
16347
3267
8167
12586
263321
51395
262757 28666
3356 6762 3356 49605 680 5511 29608 41095
4134 4809
49463 13193
28666 4809
29140
327995
13237
8596
48526
12637 12654
2497
34288
50304 42708
28220 12956
5511
1103
34781 13030
31261
1251 52888
42708
9002
62567
49605 12654
13030 1836
12956 10429
20612 31424
8283
14061
13193 13193 3320
20932
41095
41562 198385
202194 198385
327960
29686
51405
8220 3320
3320 6661 25220 8222
25220
29608
6661
52888
5396
8222
6762
31424
35699
2613
198385
553
19151
39821
58308
196621
6720
30844
1836
6667
24482
8468
14361
680
6453
31122
8943
6461
4809
4589
12654
13002
10429
