#src/zombie.py
# GMT Mon Oct  1 06:36:20 2018
# 
37468 37271
2857 8365
24785 20562 1299
57821 12586
43531 8596 6939
24611 3549 51405
174 64396 50620 3356 1299 25160
43100 49605
58299 13030
9002 34288 3356 49605 6939 41722 9002
198249 13030
28917 1299
8359 6939 41617
198290 2914
56730 51945
41722
2914 29636 37271 12859 8365 6939 16347 8607 50300
20485 13002 1299
15435 1299
9189 8422
12859
8365
513 6830
37497 6939
1299 15685 50304 680 8422 34781 25220 29075 51945 6939 42708 20932
37239 37271
8422
16347
41497 3257
50300
12586 3356
8218 49463 6461 59689
12779 31424 3257 6939 20562 12654 12779
5539 1273 8763
8607
6830 6830 6939
51395 3257 59891
13002 25091
3356 3549 49605 8426 6939 20764 1853 15605 15576
37271
37640 6939
8763
49463
12654 49605 6939
29140 3257
15685 6881
3257 29686 6939 31122 12637 3333
6881
50620
20562
8596
48526 6939
12637
15576 196621
34019 3303
34288
50304
286 6939
29680 8928
1103 2603
34781
28329 3549
20612 1836
42708 57381
1273 6939
64396
1836 13030
49605 8758 5396
13030 35369 8455 6939
8758
31424
3333
8928 6939
3549
20932
41617
2603 6939
202194 198385
25160
29608 6453
29686
51405
29636
29075 198385
6461 6939
6939 6762 7018 25152 3303 6667 24482 6453 33891 4589 202032 15547
25220
202032
5396
6762
6893 25091 2613
25091
59891
2613
198385
553 33891
25152
15605
4589
8455
196621
6720 1853
30844 6453
59689
7018
6667
24482
8426
680
6453 6453
35369
51945
33891
57381
20764
3303
1853
31122
15547
