#src/zombie.py
# GMT Mon Oct  1 06:23:26 2018
# 
37468 37239 1299 6453
24611 6661 51405
8447 6720 3320
57821 12586
61568 263321 18881
198249 15576
28917 8359
22652 174
198290 6661
34177 2914
8455 2914
48039 12586 8596
4230 701 262757
20080 1251 2914
31463 56730 2914
13101 12586 174
50300 2914
8218 6461
16735 22548 52320
12779 3257
8607 2914
37271 2603 327995
12350 174
7738 8167 3320
12654 35054 513
12874 3303 15605
3257 29680 9304 41497 174
47872 2914
202032 35054
263584 263321
18881 12956
41497
15576 34288 47176 8758 196621 3303 29691 8220 41562
51185 3356
3491 12389 174
23106 52320
286 174
50763 8943
28329 6762
20612 8758
52320 2914
22548
1136 24785 3333
30781 59689 2914
2895 3267
4777 2497
64396 174
701 6830 174 4134
20965 11537 513
47176 25435
8758
41722 20764
41617 31261
3333
8732 20764 1299
3549 3356 52720
11537 1103
29222 3303
9189 25074
37100 2603 327782
25227 20764
25160 3356
9304
25074 61157
29075 1299
1916 2914
20562 2603
52863 6762
21320 2603 6661 30844 513
8426 3356
6893 25091 2613
29680
59891 51395
25152 6939
15605
34019 2603
12389 31261
25435
7018 174
327782 327960
30132 12859
6730 6730 35054 513
1273 6667 1299 8468
5392 6453
4608 24130
53070 22381
57381 50304
20764 13002
3303 3320
7575 2914
37239
15547 8220
29691
25933 8167
35054 43100 58299 3356 6939
3252 9002
24785 24785 2914
1836 13030
174 6762 3356 1299 513 12956 6453 6461 45896 20932 2914
43100
58299
8359 3356
45896
56730
61157 3320
33891 31424 3320 553
2914 62567 16347 14061 35699 4589 13237 29140 48526 12637 2497 12859 37497 14361 29686 8943 25220 19151 6661 9002
15435 1299
1299 2603 1299 13030 680 6939 42708
12859
1280 6939
513 513 6830
37497
16347
3267 2603
8167
12586
263321
6830 3320
51395 6939
262757
3356 29608 41095
4134 4809
49463 13193
29140
327995
13237
8596
48526
12637
2497
34288
50304 42708
28220 12956
25091 13002
1103
34781 13030
31261
1251 52888
42708
9002 39821 49605
62567
49605
13030
12956
14061
24130 7545
13193 3320
20932
41095
41562 198385
2603
202194 198385
327960
29686
51405
8220 3320
3320 8222
6939 7545
25220
29608
6661
52888
5396 6762
8222
6762
31424
35699
2613
198385
553
19151
7545
39821
58308 59689
196621
6720
30844
59689
6667
24482 6453
8468
14361
680
6453
52720
8943
6461
4809 22381
4589
22381
13002
