#src/zombie.py
# GMT Mon Oct  1 05:31:54 2018
# 
263584 263321
16685 22356 16685 4230
7018 174
6720 8447
22356 28634
15605 12874
14907 6908
29075 15576 1299
12389 25227 1273
3333 12859
1103 11537
22381 53070 4809
57866 8283 701
29226 2895 9002
6894 2497
8167 7738 25933
3491 64050 7738 41095 174 28513
22652 174
3356 8359 8426 3549 37497 41095 35054 174 34177 553
680 20965
49605 9002
3549 28220 52720 5392 52873
4809 4134
29686 2914
11096 20080 11537
4230 262757 28513
20932 1299
28634
31424 13030
22388 7660 11537
47692 33891
205206 42525
8896 1299
11537 20965
37100 327782 6453
29222 3303
34549 13101
39392 3257 29504
51405 24611
35699 2914
12654 35054 513
701 174 1280 2497 23148
8359 28917
38001 41095
39351 42708
29680 8928
8220 3320 15547
2603 8607 20562 3303 30844 21320 12859
559 513 20965
513 6830 513 6730 25091 174 21320 20965
12874 3303
52873
62240 136620 1299
8607
327782 327960
39821 28917
34177
28917 1299
42525 3320
1764 35369 3320
5392
196621 8758
9304 3257
56730 31463
6830
15576 29691 198385 21232 8758 34288 198249
1221 4637 4608
4608
20562
61568 263321 6762
43578 1299
6461 174 8218
20612 1836
23106 52320
23148 25152
25091 2914 6893
1239 4637 174
3257 8928 3252 41497 12779 31742 12586 174
30781 2914 59689
3252
35054 202032 9002 6939 6730
198290 2914
13101 174
1299 37468 13030 37271 15435 12350 174 8447 8732 8943 16735 1273 15685 8222 13193 14061 52320 50304 42708
33891 3320
198385 202194
40191 174 395766
20965 21320
31463 6762
12859 30132
53070
21232
1251 52888 20080
174 6762 51185 19151 5511 286 16735 3320 64463 50877 2914 6453 4134
6939 63297
8943 50763
25933
16735 266534
31742
13237 2914
8222
59414 13030
13193 49463
14061
3320 47147 3303
12779
5400 2914 2110
58299 13030
13760 2914
25160 2914
29691 57118
136620 59891
553
59689
202032
37497
12637 2914
266534
395152 63297
52720
25220 2914
16347 2914
25227
8928
9270 9270 7660 24490
20764 8732 41722
24490 24490 7575
8426
20080 1916 2914
9002 2914
50877
2914 29140 50300 8455 6908 15562 49375
50304
42708
4637
286
50763
63297
8455
202194
25152
2895
49463
7738
29504
6762 5396
15562
52888
5511 48526
6881 15685
198249
8732
24611 6661
1273 6667
59891
4134
21320 6661
47147
5396
48526
7660
4777 2497
57821 12586
6908
1916
37271
41095
51185
37468
6893 2613
3303
49375
28220
24482 6453
30132
327960
8283
8218
12307 57118
6667
262757
15547
395766
2110 39122
6453
8758
64463
50300
263321
41497
13030 1836
64050
12586
57118
19151
12350
7575
34288
30844
15685
35369
8447
39122
52863 52320
2497
41722
15435
1280
29140
2613
52320
1836
28513
6661
6730 6730
