#src/zombie.py
# GMT Mon Oct  1 04:53:23 2018
# 
52873 18881 52720
1916 2914
22548 3549
14061 1299
7018 1299
34781 13030
8447 3320 6720
53070 10429
37239 4809
29075 5511 58308 50620
5396 3356
6453 174
701 4134 2497 702 1280 1299 23148
8468 3549
25220 3320
3252 702
48039 31025 8596
16735 28138 12956 3549
57821 12586
4589 3257
30844 12779
35054 3303
174 3356 20932 20764 51185 25160 3257 12779 29140 19151 2914 12350 6461 28917 1239 1299 12637 29680 41497 50300 24482 64396 12956 174 58299 13002 38930 35699
35699
2895 3267
29691 57118 15576
3356 3356 47872 4230 3549 8426 3257 34177 286 49605 1299 6762 8607 30781 3320 9002 22652 12956 5511 680 41095 14361
51405 24611
1853 1764
58299
4777 2497
13030 51395 1299 1836
9189 8422
1764 8218
202032 12779
45896 3549
8220 3320 15547
1239 4637 7738
12956 10429 18881 28220
52720
12859 30132 12779
37497 49605
5511 48526
50300 31463
15435 1299
37271 4809 327995
24482
24611 6661
4230 262757
52863 6762
198385 202194 41562
8426
12874 3303 15605
327995
59689 30781
13237 1299
15547
29680
3333 1136
20080 2914
5392 3549
25933 3549
31463 56730
43100 49605
263321 263584 7738
1103 3257
20562 49605
7575 6461
31424 33891
42708 50304 1299
513 6730
57118
50763 8943
41562 15576
12779 28929 31025 12654 3257 12779 49605 29608 34019
30132
41095
2914 12637 6762 29686 9002 3491
553 33891
7738
1299 1273 8455 8943 286 3267 49605 3320 6461 62567
8607
198249 15576
2497
263584
4637 1221
31025
6762 28329
4608 1221
15576 196621 3303 34288 8758
14361
62567
28929
25160
3491
47872
8943
262757
34288
56730
2613 6893
30781
3320 8222 3257 33891 6730 3303 8422 13193 6661
59891 51395
8455
34177
1836
6893 6730
680
13002 25091
8758 20612
48526
8422
20764
1221
49463 13193
28917
286 1136
13101 12586 49605
6461 8218
28220
23148 25152
34019
12637 12654
39821 9002
41497
25152
18881
1273 6667
8222
64396
9304 3549
33891
202194
13193
50304 57381
20932
3549
51185
19151
4134 4809
12350
49605 9002 12654
29140
8596
6661 198290
28329
9002
6720
12586
22652
57381
6730 6730
29686
702
29608
198290
28138
38930 8283
15605
8218 16347
51395
3257 31122
1136
6667
4809
29222 3303
10429
196621
12654
20612
16347
58308
31122
50620
8283
25091
3267
3303
1280
