#src/zombie.py
# GMT Mon Oct  1 04:47:27 2018
# 
262375 52720 22548 3549
7018 3257
6720 8447
15605 12874
14907 13030
29075 15576 174 57111
202032 6939
3333 1103 12654 1257
1103 2603 8758 12654 286
20612 1836
4657 38001 3491
6894 57111
31025 29551 57111
3491 3257
22652 3257
3356 3257 3549 8455
29608 57111
680 1299
49605 57111
3549 263702
20495 8455
6939 263075 16735 12956 9304 13030 53067 47692 7575 1280 12859 57111 8607 20080 264911 37640 5396 64463 12654 262317 263152
20932 57111
31424 57111
53067
47692 33891 12654
205206 16245
8896 174
28634 22356
39392 33891 29504
51405 57111
12654 8455 12859
43100 57111
8359 20764 57111
38001
198290 57111
1257 174
29680 174
2603 30844
513 174
12874 57111
52873 57111
8607
28571 1251
264911
50300 31463
28917 57111
263702
136620 136620 59891 57111
196621 15576
9304
6695 8426 57111
15576
6667 57111
263152
23106 52320
34019 30781
25091 57111
29636 174
3257 2497 6762 174 2914 6453 12859 1299
30781 59689 57111
4844 2914 37989
39351 57111
13101 34549 57111
1299 15435 14061 1273 5400
33891 57111
198385 57111
29551 25220
50620 57111
29686 57463
12859 2914 286
53070 10429
21232 13030
1251 52888 1916
174 16735 16245 31742 37271 1916 57111 19151 41497 174 25160
286 57111
59891
16735 262757 263508 266534
57463 57111
31742
1916
59414 13030 12307
13193 49463 57111
14061
12779 57111
35369 13030
58299 13030
25160
29691 13030
553 57111
59689
12637 57111
262317
266534
263075
52720
29208 15685 57111
16347 57111
20764 41722 57111
8426
20080
9002 57111
50877 57111
2914 15562
50304 57111
56730 31463
50763 57111
8455 8283 13030
25220
202194 13030
25152 19151
49463
57821 12586
29504
6762
15562
52888
6881 15685
198249 13030
31122 57111
1273
47147 57111
37640
5396
48526 57111
4777 2497
12956 10429
16245
34549
37271
37468 37239 57111
22356 27715
49375 57111
37239
19151
8283
8218 57111
12307
262757
15547 57111
2110 39122 5400
6453
8758
64463
20676 12586 57111
41497
13030 34288 1836
31463 57111
12586
24482 57111
22548
7575
34288
30844
15685
5400
8447 57111
39122
52863 52320
2497
37989
41722
15435
1280
29140 57111
57111 2613 52320 2857
2613
263508
52320
1836
10429 27715
2857
27715
