#src/zombie.py
# GMT Mon Oct  1 05:49:36 2018
# 
52873 18881 52720
1916 52888 2914
22548 3549
14061 1299
7018 701
34781 13030
8447 3320 6720
53070 10429
37239 4809
29075 58308 174 50620
5396 3356
6453 701
701 3356 2497 2828 3491 1299 286 6762 174 702 2914 1280 1239 6461 12956
8468 3549
6461 7575 8218
3252 174 702 12654
48039 12586 8596
37179 3257 327984
57821 12586
3491 12389
30844 20764
35054 3303
35699 174
2895 29076
29691 57118 15576
3356 6939 3320 3549 51185 34177 3257 1299 5511 41095 174 14361 12956 8359 8422
51405 24611
52888
1853 1764
263321 263584 7738
4777 2497
26592 16397 3549
13030 1299 1836 58299
9189 8422
30132 12859
19151 174
8220 3320 15547
1239 4637
12956 18881 28220 10429
41497 174
12859 9002
262589 28329 1299
3216 8732 28917
5511 30781 48526
6939 51395
1273 6667 1299
15435 3257
37271 4809 327995 9002
24482 174
24611 6661
198385 202194 41562
8426 6695
12874 3303 15605
327995
59689 30781
12350 174
15547
29680 174
3333 1136
20080 2914
5392 3549
25933 3549
51945 174 56730
58299
1103 3257
29076 12389
20562 20764
2613 25091
262317 10429
31424 33891
42708 50304 1299
16735 28138 1299 3549
513 3320
57118
50763 8943
41562 15576
12779 174
41095 12654
2914 4134 47872 9002 16347 8607
553 680
7738 3320
1299 8455 8943 8732 13237 38930 62567
8607
198249 15576
8732 20764
2497
263584
4637 1221
29222 3303
4608 1221
15576 196621 3303 34288 8758
14361
62567
2828 23148
25160 174
12389
34177
47872
34288
56730
7575
30781
3320 3320 8222 33891 1764 25220 13193 6661
59891 51395
8455
8943
1836
680 174
13002 20764 25091
8758 20612
48526
8422
20764 13101 6695 12654 6661
327984
1221
49463 13193
28917 39821 8359
286 1136
13101 12586
25220
28220
23148 25152
34019 3303
12637 174
39821
52720
25152
18881
50300 174
8222
6720
4589 3257
9304 174
33891
202194
8359
13193
6695
50304 57381
20932 174
3549
51185
16397 263075
4134 4809
13237
49605 3257
29140 174
8596
6661 198290
28329
9002 12654
12586
3303 174
22652 3257
57381
174 64396 174 29608
29686 3257
702
29608
198290
28138
38930 8283
15605
8218
51395
263075
3257 31122
1136
6667
4809
6762
10429
196621
12654
64396
20612
16347
58308
31122
50620
8283
25091
1764
1280
