#src/zombie.py
# GMT Mon Oct  1 05:33:28 2018
# 
328206 328145
6762 41497 6939
6720 8447
15605 12874
29075 15576 198385 6453
202032 6939
3333 12859
1103 286
20612 1836
4657 38001 4637 24482
3491 6939
22652 3356
3356 33891 553 14061 12586 37271 8896 6730 12552 62240 6667 6939 8359 25091 29608 680 30781 3549 15547 9002 47692 48526 5400 56730
29608
680
8365 2914 2857
49605 9002
3549 16735 263702
20495 8455
29686 6453
20932 57111
12637 2914
53067 6939
47692 12654 6939
8758 13030
8896
28634 22356
39392 33891 29504
51405 57111
12552 39351
12654 13030 9002 12779 57111 6939
43100 57111
8359 20764
38001
198290 6661
29680 3257
513 6730
12874 3303
62240 136620
8607 6939
28571 1251
264911 6939
28917 6939
263702
136620 136620 59891
196621 15576
9304 6939
56730
15576
6667
263152 6939
23106 6939
34019 3303
29504
25091
29636 2914
3257 15435 31463 174 6939
30781 59689
4844 37989 6939
39351
1299 1273 6939
33891
198385
29551 25220 3320
50620 6939
31463 50300
12859 13030
53070 10429
21232 13030
1251 52888 1916
174 12779
6939 12956 37271 262317 263075 8426 19151 8218 6774 262757 2914 25160 6453 4637 64463 263508 31424 13030 22548 7018 7575 286 31122 2497 31742 42708 1280 57111 3320 37640 5396
8943 8943 2914 50763
59891
16735 52320
31742
1916 2914
59414 13030 12307
13193 3320 49463
14061
3320 47147 6661 3303
12779 2914
35369 13030
58299 13030
25160
29691 13030
553
59689
34288 13030
262317
263075
52720 37468
29208 2914 15685
16347 2914
45896 9002
20764 41722
8426
6774 328145
20080 2914
9002
202194 13030
2914 29140 15562
50304 42708 57381
42708
4637
286
50763
8455 8283 13030
25220
50877 57111
25152 2497
49463
57821 12586
6730 6730
7018
15562
52888
328145
6881 15685
198249 13030
31122
1273
47147
37640
5396
48526
4777 2497
12956 10429
37271 37239 37468
31424
22356 27715
3303
37239
19151
8283
8218
12307
37468
262757
15547
2110 39122 5400
6453
64463
50300
41497
13030 1836
12586 12586
24482
22548
57381
7575
30844 57111
15685
5400
8447 57111
39122
52863 52320
2497
37989
41722
15435
1280
29140
57111 2613
2613
263508
52320
1836
10429 27715
2857
6661
27715
