#src/zombie.py
# GMT Mon Oct  1 06:27:11 2018
# 
1916 2914
14061 3356
7018 1299
34781 13030
57821 12586
12654 13030 6939 21385
25074 3356 9189
25160 174
263152 6939
29686 6453
37989 4844
1836 13030 20612
5396 6939
701 2497 1280 703 1273
25220 3356
263674 28329
20932 6939
2613 6893
21320 174 1853
30781 5511 59689
3320 3303 6939
16735 52320 3549 262757 6939 12989
59891 51395
1239 6939 1257
8455 13030 8283
29680 3257
8943 1299 50763
8763 5539
50300 31463
6893 25091
680 553 3356
8426 6939
37239 6939
35369 13030
13002 20764 25091
16347 6939
8758 6939
8359 20764 13030
29636 174
3356 19151 3549 9002 6939 48166 15547 6667 20676 28917 37271 1299
263651 6939
1251 20080 28571
1853 6720
28917
6830 513 6830 1299
29608 13030
49463 13193
53070 12989
286 6939
21396 6453 31463
20676 12586
202032 6939
19151
29691 13030
6453 24482 1299 62567
6461 1299 8218
6772 13030 15576
4844 6939
34019 3303
13030 198249 51395 58299 31025 4589 30844 2914 34288 1299
15685 6881 29208
41497 174
25152 1273
12859 6939
1273 1299
24482
6720
48166
15605 12874
9304 6939
5511 6939 48526
31463 56730
6939 31424 263075 22652 262317 37640 1299 8607 7575 264911 51405 31122 50620 44217 29208 15435 703
202194 198385
12989
50763
29075 1299
52720 3549
8218
29208
8928 1299
13193 1299
6881
50304 42708
47872 44217
262757
52863 4809
3549 4809 28329
64396 174
51405
12874 3303
15547
49605 1299
29140 174
59689
52320 2914
51395
8596 48039
34288
6661 198290 174
264911
28329
48526
9002
3333 1257
12586
20080 2914
22652
56730
57381 42708
263075
44217
9189
174 2857 198385 12779 174 1299
30844
58299
1103 3257
198290
703
20764
1257
7575
262317
31424
42708 1299
48039 31025
5539 21385
513
57118 196621
4589
3257 1299
12779
6667
4809
37640
196621 15576
2914 1299
553
15435
20612
1299 1299 6762
8607
198249
2497
37271
31122
50620
31025
198385
21385
8283
25091
6762
28571
15576
3303
1280
2857
62567
