#src/zombie.py
# GMT Mon Oct  1 04:07:50 2018
# 
263584 263321
16685 22356 16685 4230
6762 12654 174 6939
6720 8447
22356 28634
15605 12874
14907 38930
29075 15576 198385 1299
12389 25227 1299
3333 12859
1103 3257
22381 53070 4809
20612 1836
15935 29504 1299
8167 7738 25933
3491 174 41095
22652 3356
3356 8359 8426 3549 6730 5396 41095 34177 174 51185 20932
29608 57111
680 1299
49605 9002
3549 52873 52720 5392 9304
4809 4134
29686 2914
4230 28513 262757 2828
20932
28634
37468 1299
47692 33891 35054 12654 202032
8758 15576 196621
8896 174
37100 327782 2914
29222 3303
51405 57111
12552 39351 1299
35699 2914
12654 5413 47147 12779 25220 2914 57111
25160 2914
1273 48526 6667 1299
8359 28917
38001 41095
39351
29680 8220
8220 3320 5413 15547
513 6730
12874 3303
52873
8607 2914
327782 327960
39821 9002
34177
28917
5392
196621
9304
56730 31463
15576 21232
1221 4637 4608
4608
20562 12779
43578 1299
6667
23106 52320
25091 2914
3257 174
30781 2914 59689
3252 9002
35054
198290 6661
1299 13030 553 12586 4637 38930 15435 29551 12350 7473 174 49375 8447 6939 8732 8943 16735 31742 13237 14061 47147 52320 25512 5400 50304 6453 1299
33891 3320
198385 202194
40191 174 395766
29551 25220
31463 2914
12859 25220 30132
28929 12779
38930 8283
53070
21232
7473 64050
1251 52888 20080
174 41497 7018 51395 12956 24482 3303 286 19151 701 6661 8218 3320 50877 12779 2914 64463
6939 25152 1280 63297
8943 50763
25933
16735
31742
4777 2497
39540 57118 12307
8222 3320
59414 13030
13193 3320 49463
5413 2828
3320 47147 7738 3303
51395 59891
12779 2914
5400 2110
58299 13030
13760 2914
263321 28329
29691 13030 57118
553
59689
202032
37497 2914
12637 2914
395152 63297
52720
25220 30844
16347 2914
25227
20764 8732 41722
8426
20080 2914
9002 2914
50877
2914 28329 8455 29140 7575 15562 28513 4134 1916 35369 37271 50300
50304
4637
286
50763
63297
8455
202194
25152
59891
49463
7738
6730 6893 6730
7018
15562
52888
6881 25512
198249 13030
8732
701 2497
4134
2828
47147
5396
48526
13237
57821 12586
12956 28220
14061
1916
37271
41095
51185
31424 13030
6893 2613
3303
49375
28220
19151
30132
327960
8283
8218
12307
262757
15547
395766
2110 39122
6453
64463
50300
28329
41497
13030 34288 1836
64050
12586
24482
57118
12350
7575
34288
30844
35369
8447
25512
39122
52863 52320
2497
41722
15435
1280
29140
57111
2613
52320
1836
28513
6661
29504
