#src/zombie.py
# GMT Mon Oct  1 05:01:01 2018
# 
1916 174
14061 1299
7018 3356
34781 13030
59891 51395
12654 13030 6939 19151 9002
25160 174
263152 6939
37989 4844
1836 174
5396 6939
701 3356 1280
6461 1299 8218
20932 6939
2613 6893
21320 174 1853
30781 3356 59689
3320 3303 3356
16735 12956
8455 2914
3549 3356 52720
57821 12586
8943 1299 50763
8763 5539
6893 25091
680 553 3356
8426 3356
174 3356 50304 35369 58299 12779 6667 29075 19151 2914 198385 12956 29140 6661 41497 24482 174 64396 22652 1299 9304 5511 6730 15576 15435 2857 20764 29636
13002 20764 25091
16347 2914
8758 6939
48526 5511
29636
20764 20764
51405 6939
52888 1251
1853 6720
28917 3356
21385 3356 5539
29608 3356
49463 13193
53070 10429
286 3356 1103
8422 9189 1299
20676 3356 12586
202032 6939
19151 3356 6939 9002 25152
6453 3356
25220 3356
37239 37271
4844 2914
12956 6939 10429
34019 3303
13030 51395 1299
15685 6881 29208
41497
25152
12859 9002
50300 5580 31463
24482
6720
9304
5511
31463 56730
6939 3356 262317 31424 263075 1251 37640 263651 20612 52863 264911 28329 31122 50620 29208 30844 15547 44217 8607
202194 198385
29691 15576
50763
5580 3257
29075
52720
37271 3356
29208
8928 10026
13193 1299
50304 57381 42708
47872 44217
52863
3356 3257 6762 2914 2497 9002 1299 3303
64396
35369
263651
34288 15576
1273 1299
49605 9002
29140
59689
51395
8596 48039
15547
6661 198290
264911
28329
29680 3257
9002 43100 2914
12586
20080 2914
22652
56730
57381
263075
44217
9189
6730 513 6730
30844
58299
1103 3333
1251 28571
198290
38930 8283 1299
15605 12874
8218
7575 2914
262317
31424
42708 1299
48039 3257
5539
513
57118 196621
4589 2914
3257 2914
12779
6667
10026 1299
37640
10429
196621 15576
2914 29686 62567
553
15435
20612
1299
8607
198249 15576
2497
6881
31122
50620
29686
198385
3333
8283
25091
43100
6762
28571
15576 3303
3303 12874
1280
2857
12874
62567
