#src/zombie.py
# GMT Mon Oct  1 05:37:01 2018
# 
1916 1251 174
14061 1299
7018 2914
34781 13030
8447 3320 6720
2914 7575 3356 2497 3320 5511 8928 8943 3257 1299 286 6762 174 2914 6461 4844 1280
25160 174
37239 37271
37989 4844
30844 6939
34288 15576
6461 8218
20932 1299
2613 6893
21320 174 1853
30781 2497 59689
3320 3303 2497 8422
16735 52320 1299 12989
59891 6939
12713 1273 47872
8455 13030
3549 3356 52720
57821 12586
263152 6939
1836 13030 20612 174
6893 25091
680 553 3356 680 174
8426 3356
35369 13030
13002 20764 25091
16347 8218
48526 5511
8422 9189
3356 2497 21385 9002 37271 22652 20676
51405 6939
52888 1251
1853
28917 1299
29075 6939
8943 50763
6830 513 6830 1299
29680 8928
49463 174
53070 12989
286 2497 1103 8596
29608 6453
202032 6939
19151 174
29691 15576
6453 6453 2497 29686
25220 29551
29551 1299
4844
23148 6939 25152
52720
13030 1299
29636 174
41497 174
25152
12859 3257 3333
1273 1299 6667
24482 174
6720
9304 174
5511
6939 264911 2497 52863 50620 263075 49605 20080 28329 37640 58299 262317 15547 8607
202194 198385
12989
50300 5580 31463
5580 3257
15435 174
37271
8928 10026
50304 57381 174 42708
47872
52863
20764 8732
64396 174
8763 5539
12874 3303 15605
34019 3303
49605
29140 174
25512 6881 1299
59689
52320 1299
8596
15547
6661 198290 174
264911
28329
20676 12586
9002
3333
12586
20080
22652
56730 31463
57381
263075
31463
9189
174 198385 12779 31122 174 2857
29686
58299
1103
1251 28571
198290
38930 8283 1299
15605
8218
7575
262317
42708 1299
5539 21385
513
57118 196621
50763
4589 2497
3257
12779
8732 1299
6667
10026 1299
37640
196621 15576
12654 2497
553
20612
1299 62567
8607
198249 15576
2497
6881
31122
50620
198385
21385
8283
25091
6762
28571
15576 3303
3303
1280
2857
62567
