#src/zombie.py
# GMT Mon Oct  1 04:55:44 2018
# 
1916 1251 52888 174
14061 1299
7018 2914
34781 13030
59891 51395
12654 12859 13030 6939
25160 174
2603 12859 21320 2914 1103
37989 4844
1836 13030 20612 174
5396 6939
34288 15576
25220 29551
20932 12859
2613 6893
21320 513 174 1853
30781 12859 59689
3320 3303 2914
16735 52320
8455 2914
3549 3356 52720
57821 12586
263152 6939
8763 5539
6893 25091
680 553 3356
8426 6695
174 20764 47872 58299 12779 6667 29075 19151 2914 52320 6661 48039 29680 41497 198385 174 64396 9304 35369 15576 29140 1280 8422 29636
13002 20764 25091
16347 6939
8758 13030
48526 5511
29636
3356 20676 22652 2914
263651 6939
52888
1853 6720
28917 1299
29075
21385 12859 5539
29608 5511
49463 13193
53070 10429
286 12859 6939
8422 9189
202032 6939
19151 25152
8943 2914 50763
6453 2914
6461 2914 8218
37239 6939
4844 2914
12956 10429 2914
34019 3303
13030 51395 1299
15685 6881 29208
41497
25152
12859 31122 3257 2857 6939 6695 29208 2914
50300 5580 31463
29551 1299
6720
9304
5511 5511 2914
6939 4657 31424 52863 263075 2914 262317 37640 10026 15547 8607 7575 264911 28329 51405 50620 20080 30844 49605 29686
202194 198385
29691 15576
50763
5580 3257
15435 1299
52720
37271 2914
29208
24482 4657
13193 1299
6695
50304 42708
47872
52863
20764 20764
64396
8596 48039
51405
1273 1299
49605
29140
8928 10026
59689
52320
51395
20676 12586
15547
6661 198290
4657
264911
28329
29680
3333 1103
12586
20080
22652
56730 31463
57381 42708
263075
31463
9189
35369
30844
58299
1103
1251 28571
198290
38930 8283 1299
15605 12874
8218
7575
262317
31424
42708 1299
48039
5539
513
57118 196621
4589 2914
3257 2914
12779
6667
10026
37640
10429
196621 15576
2914 2497 9002 1299 6762
553
20612
1299 62567
8607
198249 15576
2497
6881
31122
50620
29686
198385
9002
8283
25091
6762
28571
15576 3303
3303 12874
1280
2857
12874
62567
