#src/zombie.py
# GMT Mon Oct  1 04:05:38 2018
# 
52873 18881 52720
1916 52888 20080
22548 3549
14061 1299
7018 3320
34781 13030
198545 35054 29152
59891 51395
559 20965 513
53070 10429
37239 4809
29075 16347 1299 50620
5396 6762
701 1280 3320 2497 702
8468 3549
25220 3356
3252 702
37179 41095 327984
57821 12586
3491 3356
30844 21320
35054 43100 6730 202032 58299 12654 3303
174 12637 3320 41497 6830 262589 64396 12779 29140 19151 12350 174 7738 35699 24482 6661
35699
2895 3267
29691 15576
3356 20764 47872 19151 3549 51185 8426 6830 25160 41095 1764 3356 15547 8607 30781 3320 9002 8222 34177 680 8359 29608 14361 48526
51405 24611
52888
1853 20965 6720
58299
7660 22388 2500 9270
4777 2500
6830 513 8928 12956 4589
13030 31424 51395 1299 1836
9189 8422
1764 8596
202032
19151 25152
6453 3320
12956 18881 3320 10429
52720
12859 30132 2603 3333
262589 28329
29152 58308
50300 5580 31463
5580 6762
15435 1299
37271 4809 327995
8222
24611 6661
52863 4809
8426
12874 3303 15605
327995
59689 30781
12350
15547
2613 6893
29680 8928
3333
20080 6762 11096
5392 3549
25933 3549
31463 56730
43100
263321 263584 7738
1103 11537
20562 2603
198385 202194 41562
262317 10429
31424
42708 57381 50304 1299
16735 28138 3549
513 20965 21320 3320 12654 513 6730
57118 196621
50763 8943
41562 15576
12779
41095 2603
2914 3320
553 680
7738
1299 3320 20932 1273 8455 22652 8943 13193 13237 12586 62567
8607
198249 15576
2497
263584
4637 1221 3320
8928
4608 1221
15576 196621 3303 34288 8758
14361
62567
25160
2603 20965 21320 3267
47872
8943
34288
56730
7575 24490
21320 16265
30781
3320 3257 4134 286 6762 3303 6461 8422
8455
34177
1836
6893 25091
680 20965
11096 11537
13002 20764 25091
8758 20612
48526
9270 24490 9270
20965 11537
20764
327984
1221
49463 13193
28917 8359
286
16265 38930
6461 8218
28220 3549
34019 3303
12637
39821 9002
41497
25152
18881
1273 6667
24482
64396
4589
9304 3549
202194
8359
8422
13193
50304
20932
3549
51185
4134 4809
13237
49605 9002
29140
11537 22388
24490 24490
6661 198290
28329
8596 8596
9002
6720
12586
3303
22652
57381
6730 6730
29686 3257
702
29608
198290
28138
38930 8283
15605
8218
51395
2500 2500
3257 31122
6667
4809
6762
10429
196621
12654
20612
16347
58308
31122
50620
22388
8283
25091
3267
30132
1280
