#src/zombie.py
# GMT Mon Oct  1 05:11:37 2018
# 
37468 174
50620 174
24489 24490 17579
2857 174
8447 6720 3320
42708 1299 50304
264911 6939
57821 6939
62567 6939
174 64396 3356 49605 6762 50300 1836 174 198290 29140 41497 15576 6667 24482 48039 29680 8422 9304 29075 12637 52320 20764 29608 19151 12779
43100 9002
286 3356 12654 10026
12874 3303 15605
198249 15576
28917 6939
22652 6453
198290
56730 9002
49605
2914 4589 3356 8455 4844
12989 22548 16735 53070 6939
20485 13002 9002 41722
15435 1299
34019 3303
12859 9002
1280 6939
513 6730
4230 262757 3356
1299 6762 3356 13030 14061 8943 6461 38930 3320 16735 1273
20080 6939
16347 8218
29680
24490 20965
1257 3333 1239
41497
50300
15685 6881 6939
8218 6461 59689
16735
2497 701
12779
5539 8763 21385
8607 9002
262757
3356 6762 701 680 12956 48526 20932 553 6453 3257 3549 1239 6939 9002 15576
37271 37239 6939
4844 37989
8763
34288 15576
49463 13193
21385 6939
29140
37239
3257
47872 44217
6881
17579 7660
52863 6762
44217 25220
262317 6939
8596 48039
48526
18881 52873 12956
12637
15576 196621
22388 11537 7660
1916 27750 1251
37989
50304 57381
58299 6939
23106 52320
1103 11537
27750 11537
34781 13030
31261 31133 41617
38930 8283
15605
1251 28571
52320
53067 6939
28571
9002 8758 6453 12654 31122 51405
31133 3320
7575 6461
64396
701
1836 20612 13030
20965 680
13030 35369 29636 8426 12654
7660
8758
31424 6939
20612
8283
14061
3333
41722
8928 10026
3549 28329
9189 8422
263075 6939
11537
12956
13193 3320
20932
37640 6939
263651 6939
50763 8943
59689
25160 6939
4589
29686 6453
9304
51405
29636
29075 198385
28329
3320 6730 3303
6939 263152 59891 25220 37497 5396 202032 12654 15547
25220 12654 30844
202032
41617
5396
6762 12654
6893 25091 2613
25091 13002
59891
2613
10026
263152
198385 202194
57381
25152 19151
8422
19151
22548
8455
1239
196621
6720
30844
202194
13002
6667
29608
24482
48039
37497
1273
6730 6730
680 12654
8426
6453
52720 52873
35369
8943
6461
53070
553
20764
3303
52873
12654
31122
15547
