#src/zombie.py
# GMT Mon Oct  1 05:28:20 2018
# 
52873 18881 52720
1916 52888 174
22548 3549
14061 1299
7018 2914
34781 13030
8447 3320 6720
53070 10429
37239 4809
29075 12859
5396 3356
701 2497 1280 23148 702 2914
8468 3549
25220 29551
3252 702
48039 31025 8596
29551 1299
37179 41095 327984
57821 12586
3491 2914
30844 12859
35054 3356
35699 174
2895 29076
29691 57118 15576
3356 3356 30781 1853 3549 51185 50300 2914 34177 8422 29152 41095 47872 29608 14361 680 8607
51405 24611
52888
1853
263321 263584 7738
4777 2497
13030 31424 51395 58299 1299 1836
9189 8422
30132 6939
19151 174
6453 7738 29686 2914
1239 4637 2914
12956 18881 28220 10429 16735 2914
52720
12859 6695 41095 29076 12654 2914 31025 2603
262589 28329 174
5511 48526 2914
29152 58308
50763 8943
15435 1299
37271 4809 327995
8222 3320
24611 6661
198385 202194 41562
8426 6695
12874 3303 15605
327995
59689 30781
12350 174
15547 1299
29680 174
3333 1136 6762 3320 12654
59891 51395
5392 174
25933 26615
31463 50300 56730
6939 1299
58299
1103 20562 2603 3257 12654
29076
20562
2613 25091
262317 10429
31424
42708 50304 1299
16735 52320 28138
513 3320
57118
4637 1221
4589 3257
12779 174
263584
2914 3320 9002 3257 1299 4134 286 6762 174 6461
553 680
7738
1299 20932 8455 8943 8732 13237 49605 28917 52320 38930 62567
8607
198249 15576
1136 286
2497
6695
31025 12586
26615 6762 26615
34177
6762 20080
15576 196621 3303 34288 8758 41562
14361
62567
25160 174
8943
47872
34288
56730
7575 6461
30781
3320 4809 3320 3303
8455
2603
1836
680
13002 20764 25091
8758 20612
48526
8422
20764 8732
327984
1221 4608
5413 12654
49463 174
28917 39821 174
286
20080
6461 8218
28220
23148 25152
34019 3303
12637 174
39821
41497 174
25152
18881
50300 174
24482 174
64396 174
9304 174
202194
41095
4608
50304 57381 174
20932
3549
51185
52320
4134 4809
13237
41562
49605
29140 174
8596
6661 198290 174
28329
9002
6720
12586
22652 3257
57381
174 6667 50620 174
29686
702
29608
198290
28138
38930 8283
15605
8218 16347
51395
3257 31122
8732
6667
4809
29222 3303
10429
196621
12654
20612
16347
58308
31122
50620
8283
25091
3303
1280
