#src/zombie.py
# GMT Mon Oct  1 05:24:45 2018
# 
1916 174
22548 3549
14061 1299
7018 701
34781 13030
198545 3356 29152
8447 3320 6720
53070 10429
37239 4809
29075 1299
5396 3356
6453 3356 701 7738
701 3356 2497 3491 12956 286 6762 174 702 2914 6461 1299
8468 3549
25220 3320
3252 20562 174 702 12654
48039 12586 8596
16735 28138 174 12956
57821 12586
3491 28513
30844 20764
35054 3303
6730 513 3320 6730
35699 174
2895 29076
29691 57118 15576
3356 3356 3549 8426 3257 41095 2914 1239 1299 6762 3320 9002 50300 12956 51185 31463 680 174 14361 8359
51405 24611
1853 1764
263321 263584 7738
4777 2497
26592 16397 26615
39821 9002
9189 8422
1764 174
19151 174 25152
8220 3320 15547
1239 4637
12956 10429
41497 174
12859 20764 30132
37497 20764
3216 3216 20764 34019
29152 58308
1273 6667 1299 3333
15435 174
37271 4809 327995
24482 174
24611 6661
4230 28513 262757
52863 6762
198385 202194 41562
8426
12874 3303 15605
327995
59689 30781
12350 174
15547
29680 174
3333
20080 2914
5392 174
25933 3549
31463 56730
58299 13030
1103 286
29076 12389
20562
2613 6893
31424 33891
513
57118
50763 8943
41562 15576
12779 174
41095 3303 12654
2914 30781 3320 29686 9002 8455 8607 4589 34177
553 680
7738
1299 13030 31122 22652 8943 49605 13237 38930 62567
8607
198249 15576
2497
263584
4637 1221
45896 174
26615 6762
34177
6762 28329 47872
4608 1221
15576 196621 3303 34288 8758
14361
62567
25160 174
12389 20764 4809
4589
47872
262757
34288
56730
7575 6461
30781
3320 8222 3303 33891 702 13193 8422
59891 51395
8455
8943
1836 13030
6893 25091
680 174
13002 20764 25091
8758 20612
48526 9002
8422
20764 13101 174 12654 6661
1221
28513
49463 13193
28917 8359
286
13101 12586
6461
28220 3549
34019
12637 174
13030 51395
52720 3549
25152
50300
8222
64396 174
9304 174
33891
202194
8359
13193
50304 57381 174
20932 174
3549
51185
16397 263075
13237
49605
29140 174
8596
6661
28329
9002 12654
6720
12586
3303 29222
22652
57381
174 198290 50620 174 702 29608 1280 8218
29686
702
29608
198290
28138
38930 8283
15605
8218 16347
51395
263075
3257
6667
4809
29222
10429
196621
12654
20612
16347
58308
31122
50620
8283
25091
30132
1280
