#src/zombie.py
# GMT Mon Oct  1 05:53:27 2018
# 
52873 18881 52720
1916 52888 2914
22548 16735
14061 1299
7018 701
34781 13030
8447 3320 6720
53070 10429
37239 4809
29075 58308 174 50620
5396 3356
701 2497 6461 12956 286 6762 174 702 2914 6453 701 1280
8468 3549
25220 3320
3252 702
48039 8596 174
16735 52320 28138 12956
57821 12586
3491 2497
30844 6939
35054 3356
6730 513 174 6730
35699 174
2895 29076
29691 57118 15576
3356 3356 2497 47872 20932 3549 51185 8426 9002 25160 680 29608 15547 8422
51405 24611
52888
1853 1764
263321 263584 7738
4777 2516
13030 51395 1299 1836 58299
9189 8422
30132 12859
19151 174
6453 2497 22652
12956 18881 10429
52720
12859 2914
262589 28329 174
5511 30781 48526 2914
6939 2497
50300 31463 174
15435 1299
37271 4809 327995
8222 3320
24611 6661
198385 202194 41562
8426
12874 3303 15605
327995
59689 30781
12350 174
10026 7575 2497
29680 174
3333 1136
59891 51395
5392 174
25933 26615
31463 56730
58299
1103 286
29076 8359
2613 25091
262317 10429
31424 33891
42708 50304 1299
513
57118
50763 8943
41562 15576
12779 174
41095 2497
2914 2497 4713 4589 174 29686 16347 2914 14361 1299 8607
553 680
7738 3320
1299 1273 8455 8943 8732 49605 13237 38930 12586 62567
8607
198249 15576
8732 20764
2497 4637 3320 9002 12654 3257 4134 286 2516 3303 8359
263584
4637 1221
26615 6762 16397 26615
29222 3303
15576 3303 34288 8758
14361
62567
25160
8943
47872
34288
56730
7575
30781
3320 33891 3303
8455
34177 174
1836
680 174
13002 20764 25091
8758 20612 196621
48526
8422
20764
1221 4608
49463 174
28917 174
286 1136
20080 6762
6461 8218
28220 3549
34019 3303
12637 174
39821 9002
41497 174
4713 25152
25152
18881
1273 6667
24482 174
64396 174
4589
9304 174
33891
202194
8359
4608
50304 57381
20932
3549
51185
52320 174
16397 263075
4134 4809
13237
49605
29140 174
8596
6661 198290 174
28329
9002
6720
12586
3303
22652
15547
57381
174 1764 31122 174
29686
702
29608
198290
28138
38930 8283
15605
2516
8218
51395
263075
3257
1136
6667
4809
6762
10429
196621
12654
20612
16347
58308
31122
50620
8283
25091
1764
1280
