#src/zombie.py
# GMT Mon Oct  1 04:52:53 2018
# 
50620 174
2857 174
12989 22548 16735 53070
264911 6939
57821 12586
62567 1299
174 64396 6762 3356 25512 12956 198385 19151 29680 286 3257 1239 3303 20932 12637 7018 1299 701 25160 6730 16347 6453 6461 2914 50300 21320
286 8596 1103
198249 13030
29551 25220 1299
28917 1299
22652 6453
52863 6762
56730 31463
29140 2914
41722 20764
2914 3356 4844 20080 29686 19151 29636 1916 4589 6661 9002 30781 8607 7575
15435 1299
8455 8283 13030
12859 6939
1280 19151
513 6730
37497 6939
31133 1299 31261
20080 1251
16347
31463 21396
25512 6881
15547 1299
1257 3333 1239
41497 3257
50300
12586 20676
8218 6461
16735 3549 12956
15576 6772 196621
12779 3257
5539 8763 21385
8607
51395 3257 59891
13002 20764 25091
3356 49605 8426 680 21385 8732 25074 3549 6939 553 29608 48526 30781
37271 37239 6939
4844 37989
8763
49463 13193
6939 31424 37640 8758 262757 263152 25152 19151 263075 30844 2497 263651 262317 1273 51405 23148 53067 202032 12654 5396
6661 198290
12874 3303 15605
25074 9189
3257 9304 31122
6881
202032
262317
8596
48526
18881 52873 12956
12637
2497 701 25152
34019 30781
34288 13030
15605
37989
50304 42708 57381
58299 13030
23106 10429
1103
21396 6453
50763 8943
34781 13030
31261 41617
20612 1836
1251 28571
680
42708 1299
28571
14061 1299
31424
9002
30781 59689
7575
64396
701
1836 13030
49605
13030 35369 1299 6772
1853 21320 6720
8758
12956 10429
8283
41617
3333
8732 20764
8928 10026
3549 28329
9189
263075
198290
13193 1299
20932
37640
263651
52720 52873
59689
25160
4589
29686
9304
51405
29636
29075 1299
28329
23148 25152
1916
21385
25220
29608
21320
5396
6762
6893 25091 2613
25091
59891
2613
10026 1299
263152
198385 202194
553
19151 25152
29680
25152 1273 12654
22548
1299 20676 8943 1273
1239
196621
53067
20676
6720
30844
202194
7018
6667 1273
24482 6453
8426
6730 6730
1273
6772
6453
262757
31122
35369
8943
6461
53070
57381
20764
3303
52873
12654
37239
10429
