#src/zombie.py
# GMT Mon Oct  1 05:10:58 2018
# 
52873 18881 52720
1916 20080
22548 3549
14061 1299
7018 6830
34781 13030
59891 51395
559 20965 513
53070 10429
37239 4809
29075 58308 174
5396 6762
701 4134 6830 4230 23148 702
8468 3549
3252 702
48039 12586 8596
29551 25220 1299
16735 52320 28138 1299
57821 12586
3491 3356
30844 6453
35054 43100 6730 202032 9002 3303 12654
174 12637 3320 41497 50620 6830 64396 12779 29140 174 35699 8218
35699
2895 3267
29691 57118 15576
3356 30781 3320 9002 51185 8426 6830 3549 49605 25160 34177 31463 41095 29608 19151 50300 8359 8607
51405 24611
1853 20965 6720
263321 263584 7738
7660 22388 2500 9270
4777 2500
6830 513 4637 4589 3257 6453 14361 1239 12956
13030 31424 51395 58299 1299 1836
9189 8422
30132 12859
202032
45896 3549
6453 286 29686 24482 5392
1239 2497
12956 18881 10429
52720
12859 2603
3216 20764 1273
6939 1280 1299
50300
15435 1299
37271 4809 327995
8222 1299
24611 6661
4230 262757
52863 6762
198385 202194 41562
8426
12874 3303 15605
327995
59689 30781
52320 1299
15547 1299
29680 3257
3333 1136
20080 6762 11096
5392
25933 3549
31463 56730
43100
58299
1103 11537
13237 1299
20562 2603
2613 6893
31424
42708 57381 50304 1299
513 20965 21320 3320 12654 513 6730
57118
50763 8943
41562 15576
12779
41095
2914 3320
553 680
7738 1299
1299 20932 8943 8732 12350 3320 31122 1273 8455 22652 13193 38930 62567 8422
8607
198249 15576
1136 21320
2497
263584
4637 1221
29222 3303
4608 1221
15576 196621 3303 34288 8758
14361
62567
25160
2603 20965 21320 3267 13101
47872 6762
8943
262757
34288
56730
24489 24490 24489 9270
7575 24490
21320 6661
30781
3320 6762 3303 3257 34019
8455
34177
1836
6893 25091
680 20965
11096 11537
13002 20764 25091
8758 20612
48526 1273
9270 9270
20965 11537
20764 8732
1221
49463 13193
28917 8359
286
13101 12586
25220
28220 6762
23148 25152
34019
12637
39821 9002
41497
25152
18881
1273 6667
24482
64396
4589
9304 3549
202194
8359
8422
13193
50304
20932
3549
51185
19151
4134 4809
12350
49605
29140
11537 22388
24490
6661 198290
28329 6762
8596
9002
6720
12586
22652
57381
6730 6730
29686
702
29608
198290
28138
38930 8283
15605
8218 16347
51395
2500 2500
3257
8732
6667
4809
6762
10429
196621
12654
20612
16347
58308
31122
50620
22388
8283
25091
3267
3303
1280
