#src/zombie.py
# GMT Mon Oct  1 05:46:38 2018
# 
263584 263321
16685 22356 16685 4230
6762 3257 20080 5396
6720 8447
267286 4809 264911 263651 262317 14840
35699 174
22356 28634
15605 12874
29075 15576 174
202032 47692
3333 12654 1136 20562
1103 2603 12654 286
22381 53070 4809
20612 1836
29226 2895 20485
8167 7738 25933
3491 64050 3257 28513 38001
22652 1299
3356 3257 8426 3549 553
29608 57111
680 1299
49605 12859
3549 52873
4809 4134 12956
29686 6453
4230 262757 28513
20932 174
28634
12637 174
6730 6893 513 174 6730
47692 33891 12654
8758 15576 196621
8896 50304
37100 327782 12859
29222 3303
39392 33891 29504
51405 24611
20485 12859
24611 6661
12654 5413 12956 12859 57111
25160 174
29680 8220
38001
39351 174
1136 286
8220 15576 5511 15547
2603 30844
513
12874 3303
52873
8607 2914
327782 327960
39821 28917
264911
34177 174
28917 174
136620 59891 12859
1764 35369 174
5392 174
196621
9304 174
56730 31463
6830 3257 59414
15576 29691 198385 21232 34288 198249
1221 4637 4608
4608
20562
61568 263321 18881
43578 1299
6461 3257 7575
6667 174
23106 52320
23148 25152 701
16347 8218
25091 12859
6893 2613
3257 6327 30132 701 7018 6453 4134 12859 3320 12586 12956 2914 5511 174 1299 286
30781 2914 59689
3252 174
35054 3303
198290 6661
1299 29551 8455 8943 49375 15435 14061 38930 13030 50304 13237 1299 8447
33891 31424 3320
198385 202194
40191 174 395766
29551 25220
31463 50300
12859 50304 3216 13030 4637 41095 2914 6939
38930 8283
53070
21232
14840
1251 52888 20080
174 12779 37468 41497 37497 37271 19151 51185 62663 29140 24482 3303 16735 25512 31742 174 6661 1916 8218 12389 50877 52320 1836 50300 64463 12350
6939 13760
8943 8943 50763
2895
16735
31742
4777 2497
39540 57118 12307
8222 3320
59414
5413 2914
3320 47147 3303
12779
5400 2914 2110
58299 13030
13760
263321
29691 57118
553
59689
37497
34288
262317
62663 7738
395152 63297
52720 37468
25220
6327 63297
25227 12389
20764 3216 41722
12389
8426
20080
9002 2914
50877
2914 15562
50304
4637
286
50763
63297
30132
202194
25152
25933
49463 8218
7738
29504
7018
15562
52888
5511 48526
6881 25512
198249
31424
3216
701 2497 1280
59891
4134
47147
263651
5396
48526
13237
57821 12586
12956 28220 18881
14061
1916
37271
41095
51185
37468
24482
3303
49375
28220 28220
19151
8455
327960
8283
8218
12307
262757
15547
395766
2110 39122
6453
64463
50300
41497
13030
64050
12586
57118
12350
7575
30844
35369
8447
25512
39122
52863 52320
2497
41722
15435
1280
29140
57111
2613
52320
1836
28513
6661
18881
