#src/zombie.py
# GMT Mon Oct  1 05:04:11 2018
# 
1916 28329 1251
14061 1299
7018 6762
34781 13030
59891 51395
30844 6939
25160 174
37239 6939
24611 51405 3549
37989 4844
1836 13030 20612
701 1280 6762 2497
6461 7575 6762 8218
20932 3356
2613 6893
21320 3356 1853
30781 3356 59689
16735 28329 12989
1239 6762 1257
8455 13030 8283
3549 3356
57821 12586
31463 50300 56730
8763 5539
6893 25091
680 553 3356
8426 3356
174 48039 198385 50620 50300 24482 174 64396 12779 9304 6667 6762 6730 3303 29075 29636 29140 6661
13002 20764 25091
16347 8218
48526 3356
29636
3356 1853 9002 21385 19151 22652 48166 8732 6762 28917 25220 20676
8365 2857 6762
52888 28571
1853 6720
28917
29075
8943 1299 50763
29608 6453
49463 13193
53070 12989
286 6762 1103
6881 6939
20676 12586
202032 6939
19151
29691 13030
6453 6453 6762 62567
25220
6772 13030 15576
4844 2914
52720 28329
13030 198249 35369 58299 51395 34288 1299
41497 6939
25152 2497
12859 2914
50300
24482
10026 8928 6939
6720
48166
9304
6939 198385 50304 31122 263075 29686 28329 4809 6762 37640 15435 15547 8607
202194 198385
12989
12654 28329 52863
50763
15435
8218
8928
13193 1299
50304
47872 44217
52863 4809 6762
14840 4809
20764 8732
64396
35369
51405
34288
1273 1299
34019 3303
49605 9002
29140
59689
51395
8596 48039
15547
6661 198290
8422 9189 1299
28329
29680 3257
9002
3333 1257
12586
20080 2914
22652
56730
57381 42708
263075
44217 6762
9189
6730 513 6730
29686
58299
1103
1251 28571
198290
15605 12874
1257
7575
42708 1299
48039
5539 21385
513
57118 196621
4589 2914
3257 6762
12779
8732
6667
4809
6762 1299 2914 37271 12874
196621 15576
2914 2497
553
20612
1299
8607
198249
2497
37271
31122
50620
198385
21385
8283
25091
37640
28571 28571
15576
3303
1280
2857
12874
62567
