#src/zombie.py
# GMT Mon Oct  1 06:07:47 2018
# 
29691 13030
328206 328145
7575 6939
59689 30781
6720 8447
35369 13030
12637 3257
262317 6939
39351 57111
59414 13030 12307
15605 12874
553 33891
29075 1299
12307
3333 12859
52888 1916
52720 37468
12956 10429 6939
20612 1836
16347 6939
4657 38001 24482 6939
2857 8365
680 1299
12654 9002 57111
3491 22356 174 6939
8365 2914
22652 6939
49605 9002
34019 6939
20764 8359 41722
3356 29608 30781 3549 174 6939
29608
8426 6777
6774 328145 6939
20080 2914 1251
3549 16735 263702
7018 174
9002 8758 12859 6939
20495 8455
29686 6453
15547 6939
2914 2497 29636 15562 1916 174 50300
50304 8896 57381 6939
56730 31463
6939 12874 15830 4230 31424 264911 202032 263075 25220 263152 19151 25091 6661 4844 1299 20932 33891 8359 37468 13030 53067 263508 49463 15435 29140 1103 30844 8447 286 31122 701 22548 1280 57111 8607 6777 37640 5396 52320 12779 29208
20932
31122
37468
8455 8283 13030
53067
47692 33891
8758
50877 174
25152 23148
59891 136620
49463
39392 33891 29504
51405 24611
29504
6762 31463 174
15562
1103
328145
43100 57111
6881 15685
198249 13030
701 23148
8359
38001
198290 6661
24611 6661
1273 6667 1299
513 6830
12874
19151
4230 262757
8607
6777
47147 3320
37640
5396
22356 28634
48526 57111
29208 15685
4777 2497
28917 1299
57821 12586
263702
136620 136620 62240
12779
196621 15576
31742 174
9304 15830
1916
37271 37239 6453 1299
263075
6830 174 6830
202194 13030
15576 6453 198385
31424
264911
6461 174 8218
6667
263152
23106 10429
23148
37239
24482
25220
25091
8283
8218
202032
3257 174 41497 12586
30781
262757
4844 37989
15685
3320 174
2110 39122 5400
6453 14061 174
1299 5400 62240 174
64463 174
50300
33891
198385
8896
41497
13030 34288 1836 21232 58299
50620 174
12586 12586
31463
28571 1251
50763 57111
12859 57111
29680 174
22548
53070 10429
21232
57381
28634
15830
34288
30844
1251
174 57111 25160
10429
8447
286
39122
52863 52320
2497
16735
37989
41722
15435
29636
1280
29140
57111 2613
14061
2613
263508
62240
52320
1836
5400
58299
6661
25160
