#src/zombie.py
# GMT Mon Oct  1 04:08:03 2018
# 
37468 174
50620 174
8422 9189 3320
2857 174
12989 22548 16735
264911 6939
57821 12586
62567 6453
29208 15685 2914
174 64396 1836 12637 174 29680 19151 51395 29608 29140 20932 1916 15576 6667 25160 48039 41497 29636 29075 2914 20764 16735 12779 31122
286 2914
12874 3303 15605
198249 15576
29551 25220 3320
28917 6939
15685 6881
1273 1299
198290 6661
56730 31463
41722 20485
2914 2603 6762 1299 37271 12859 1280 8943 15830 7575 7018 3257 6461 1239 4844 6939 2497 2914 3320
8447 6720 3320
20485 13002 2497
15435 1299
1299 38930 42708 13030 14061
12859
15830 9304
513 6730
37497 6939
31133 31261 3320
20080 6939
48039 8596
31463 21396 50300
15547 6939
1257 3333 1239
16347 6939
41497
50300
12586 3320
8218 6461
16735
2497 3356 3320 6939 48526 6453 4589 10026 12654 30781
12779
5539 8763 21385
8607 6939
51395 59891
7018
3356 3549 49605 8426 44217 21385 22652 680 553 9002
37271 37239
4844 37989
8763
49463 13193
6939 263651 37640 12956 263152 51405 58299 263075 53067 202032 262317 30844
6661 3320
29140
42708 50304 57381
3257
47872 44217
6881
52863 6762
44217
262317
8596
48526
18881 52873 12956
12637
15576 3303 34288 196621
34019 3303
34288
1916 1251
37989
50304
58299
23106 10429
263651
1103 2603
50763 8943
34781 13030
31261 41617
38930 8283
15605
1251 28571
22548
28571
9002
30781 59689
7575
64396
1836 20612
49605
13030 8455
12956 10429
20612
8283
14061
3333
8928 10026
3549 28329
9189
263075
21396 6762
13193 3320
20932
37640
2603
1764 35369 3320
52720 52873
59689
25160
4589
29686 6453
9304
51405
29636
29075 198385
28329
3320 6730 3303
21385
25220
202032
41617
6762
6893 25091 2613
25091 13002
59891
2613
10026
263152
198385 202194
553
22652
25152 19151
29680
19151
53067
8455
1239
196621
6720
30844
202194
13002
6667
29608
24482 6453
1280
4230 262757 6453
6730 6730
680
8426
6453
262757
31122
35369
8943 8943
6461
53070 10429
57381
20764
3303
52873
12654
37239
10429
