#src/zombie.py
# GMT Mon Oct  1 05:27:56 2018
# 
263584 263321
6762 2914 20080 57111
6720 1853
22356 27715 28634
15605 12874
18747 174 263702
14907 38930
29075 174
12307 57118
3333 1136
1103 286
20612 1836
6894 174
8167 7738 25933
3491 2497
22652 6453
3356 8426 2497 3549 5396 2914 25091
680 1299
37497 174
49605 174
3549 28220 52720 52873
29686 6453
6939 1280 1299
20932 174
28634
31424 13030
6730 6893 174
47692 33891
205206 16245
8896 174
37100 327782 174
29222 3303
51405 24611
35699 174
12654 2497
25160 174
29680 174
38001 2914
198290 174
1136 24785
8220 3320 15547
513 174
12874 3303
52873
8607 2914
327782 327960
39351 174
39821 28917
34177 174
28917 47441 174
263702
33891 1299 34549
5392 174
196621 15576
9304 174
56730 51945
6830 2497 59414
15576 174 21232
1221 4637 4608
50629 206356 174
47441
61568 263321 18881
43578 174
6461 2914 7575 7473
35266 1299
6667 174
23106 52320
3267 2895 174 3267
25091
1239 4637 2914
6893 2613
3257 2497
4844 37989 7473
35054 3303
15935 174 29504
1299 8943 2497 29551 8455 14061 12586 13030 50304 13237 1299
1764 35369 174 1853
198385 174 202194
40191 174 395766
1916 174
29551 25220
51395 59891 174
12859 2914 30132
38930 8283 174
206356
21232
51945 174
7473
2895
1251 52888 20080
174 29691 12779 16245 24785 37271 12637 51185 8218 24482 3303 19151 25512 6661 20764 12389 48526 553 64463 50300 37468 41497 8758 14007 7738 29140 49463 34288 174 39122 50877 16735 701 15435 31742 52320 1836 58299 13760 12350
286 2497 2914
8943 8943 50763
25933
16735 22548 262757 266534
31742
4777 2516
8222 3320
59414
14061
3320 47147 2497
12779
35369
58299
13760
263321
29691 198249 57118
553
59689 8218
60501 2497
12637
266534
395152 14007
52720
25220
16347 8218
25227 12389
20764 41722
8426
20080
9002 2914
202194
2914 2497 7018 15562 2914 6453
50304 57381
4637
50763
8455
50877
25152 19151
2516 2497
49463
7738
29504
7018
15562
52888
6881 25512
198249
24611 6661
701 12956 2497 701
59891
4608
47147
5396
48526
13237
57821 12586
12956 10429 18881
16245
24785 24785
34549
37271
41095 2497
51185
37468 37239
24482
3303
28220 28220
37239
19151
30132
327960
6661
8218
12389
262757
15547
395766
27715 10429
6453 30844 2497
8758
64463
50300
41497
13030
1853
12586
57118
22548
57381
12350
7575
34288
30844
14007
25512
39122
52863 52320
2497
37989
41722
15435
1280
29140
57111
2613
52320
1836
10429
8283
18881
