#src/zombie.py
# GMT Mon Oct  1 08:31:06 2018
# 
3257 22652 174 1103 4589 3356
198249 13030
3356 20676 6461 174 2914 1299 1239 6830 20932 6453 9002 3303 6939 30781 680 20764 7018 3549
57118 196621
1257 3333 1239
6881 25512
25091 13002 6893
9002 12859 30844 2914 43100 6453 12654
6453 1299 3320
31424 6939
12654 20764 6939
6762 52863 174
51405 6939
513 6830
50300 174 31463
13002 20764
21396 6939 31463
1103
31463 56730
47872 12713
1239
8758 6939
12779 174
3303 12874 34019 3320
8763 5539
48166 12389
9304 174
20932
57381 42708
3549 52720
50304 42708
51395 59891 13030
1916 1251 2914
8943 50763 1299
196621 15576
59891
2914 20080 16347 174 6661 62567
202194 198385
286 174
53067 6939
6830 6830
37271 174 37239
8455 8283 13030
6939 263651 263152 8607 703 21385 8426 28917 29608 264911 263075 5396 202032 1299 31122 28329 15547 25074 25220 37640 57463 20764 4844 262317 7575 50620
3320
28917
29608
50763
25074 9189
13030 35369 6772 1299 29691 1836 34288 58299 34781
263075
5396
20080
202032
57821 12586
34019
28329 263674
2857 174
22652
1280 701
58299
57463 29686
553 680
12389 1299
263674
6661 198290
19151 174 25152
198290
35369
703 701
29140 174
64396 174
29686
263152
16735 174 12989 1299
1299 1273 8732 42708 14061 15435 13193 10026
8732 20764
14061
37989 4844
34288
6772 15576
20676 12586
8928 10026
30844
28571 1251
12586
4230 701 262757
12874 15605
1273 12713
49605 20764
29680 174
1836 20612
15576
16347
6461 8218
1251
12713
31122
37239
15547
7575
41497 174
1853 6720 21320
4589
25220
21320 174
52863
29636 174
30781 59689
262757
8607
48039 8596 174
4844
25512 174
7018
49463 13193
8283
53070 12989
174 174 5511 29075 6667 24482 25160 20764 198385
43100
3333
5539 21385
6893 2613
62567
20612
21385
8426
6667
680
5511 48526
29691
15605
56730
2497 701
13193
24482
29075
2613
264911
12859
263651
198385
25152
8596
262317
701
42708
59689
15435
9189
37640
25160
10026
50620
20764 20764
52720
8218
6720
12989
48526
34781
