#src/zombie.py
# GMT Mon Oct  1 04:32:41 2018
# 
29691 13030
136620 136620 59891 62240
328206 328145
49605 9002
59689 30781
701 2497 6939
29686 6453
12637 2914
262317 6939
39351 12552
59414 13030 12307
15605 12874
553 3356
29075 15576 6453 1299
12307
3333 12859
52888 1916
52720 37468
12956 10429 6939
20612 1836
16347 2914
4657 38001 3491
2857 8365
8426 3356
5400 2110 1299
12654 47692 47147 13030 6939
3491 22356 6939
6774 328145 3356
22652 6939
5511 5511 6939 29608
6720 8447
34019 3303
20764 8732 41722
3356 47692 8896 12874 3549 48526 6453 174 6939 20932
2110 39122
680 1299
8365 2914
20080 2914
3549 16735 263702
7018 6939
9002 4635
20495 8455
4635 9304 6939
15547 6939
2914 50300 25091 1916 29140 29636 30781 15562 6939
286 1103 6939
42708 50304 57381 1299
56730 31463
20932
31122 3257
31424 6939
8455 8283 13030
53067 6939
47692 6453 6939
8758 13030
202194 13030
25152 23148
59891
49463 13193
39392 3257 29504
51405 6939
29504
6762 30844 50877 41497 31463 6939
15562
1103
328145
6881 25512
198249 13030
1273 6667 1299
8732 1299
38001
50304
29680 174
513 6830
12874
19151 6939
62240 1299
8607 6939
47147 3320 57111
37640 6939
5396 6939
22356 28634
48526
50300
4777 2497
28917 1299
57821 12586
263702
25512 1299
12779 3257
196621 15576
9304
198385 15576
1916 1251
37271 37239 37468 1299 6939
263075 6939
6830 6830 6939
15576
50763 6939
264911 6939
12552 1299
6461 8218 6939
3303 3320
6667
263152 6939
23106 10429
23148 6939
37239
24482 6939
25220 29551
29551 3257
25091
8283
8218
202032 6939
3257 31742 12586 6939
30781
262757 6939
4844 37989 6939
3320 13193 6661 174 8447 6939
198290 6661
6453 6939
1299 15435 14061 6939
64463 174
50877
29636
8896
41497
13030 58299 34288 21232 1836 35369 6939
50620 174
12586 12586
31463
28571 1251
12859 6939
22548 6939
53070 6939
21232
57381
28634
7575 6939
34288
30844
1251
174 25160
35369
8447
6939 2613 16735 1280
39122
52863 52320
2497
16735 52320 263508
29608
37989
41722
15435
31742
37468
1280
29140
57111
13193
14061
2613
263508
52320
1836
10429
58299
6661
25160
