#src/zombie.py
# GMT Mon Oct  1 04:31:16 2018
# 
262375 14840 3549 263152
328206 328145
6762 30844 174
6720 1853
15605 12874
14907 13030
29075 15576 174
202032 6939
3333 12859
1103 286
22381 53070 16735
20612 1836
4657 38001 3491
6894 174
5511 5511 174 29608
3491 22356 174
22652 3356
3356 8359 8426 553 12956 20764 680 60501 30781 3549 15547 2914 20932 174 6939 20676
29608
680
49605 174
3549 16735 52873 263702
20495 8455
29686 6453
4230 262757 174
20932
12637 174
6730 513 174 6730
53067 6939
47692 33891
205206 16245
8896 174
28634 22356
39392 174 29504
51405 20764
20485 41722 6939
12654 20764 41722
8359 41722
38001
198290 6661
29680 174
513
12874 3303
52873
8607 6939
28571 1251
264911 6939
50300 31463 174
28917 1299
263702
196621 15576
31133 20764
56730 31463
15576 198385
6461 174 8218 7575
35266 2914
6667 174
263152
23106 52320
34019 3303
25091 2914
29636 174
3257 174 9304
30781 59689
4844 2914 37989
39351 174
1299 15435 1273 13030 8943 174 5400 50304 42708
33891 3320 34549
198385
29551 25220 3320
50620 174
31463
12859 9002
53070
21232 13030
14840
1251 1916
174 16245 21320 37271 20764 24482 6661 6774 50877 2914 6453 286 37468 41497 51395 29140 19151 7018 48526 174 25160 31122 31742 1916 3320 64463 12779 2857
6939 31424 5396 262317 20764 37640 263075 263508
8943 50763
59891 51395
16735 52320 12989
31742
1916 52888
59414 13030 12307
13193 3320 49463
14061 6453
3320 47147 3303
51395
12779
5400 2110
58299 13030
25160
29691 13030
553
59689
60501
34288 13030
262317
266534 18881
263075
52720 37468
29208 2914 15685
16347 2914
45896 9002
9304
20764 41722 57111
8426
6774 328145
20080 2914
9002 2914 8758 41722
202194 13030
2914 2497 1280 15562
50304
42708 57381
286
50763
8455 8283 13030
25220
50877
25152 19151
49463
57821 12586
29504
7018
15562
52888
328145
6881 15685
198249 13030
31122
1273
21320 1853
47147
37640
5396
48526
4777 2497
12956 18881
16245
34549
37271 37239
31424
22356
3303
37239
19151
8283
8218
12307
37468
262757
15547
2110 39122
6453
8758
64463
20676 12586
41497
13030 1836 35369
1853
12586
24482
22548 12989
57381
7575
30844
15685
35369
39122
52863 52320
2497
37989
41722
15435
1280
29140
57111
12989
263508
52320
1836
2857
6661
18881
