#src/zombie.py
# GMT Mon Oct  1 05:51:15 2018
# 
52873 18881 52720
38861 4657 6453
22548 16735
14061 1299
7018 2914
34781 13030
1916 2914
8447 3320 6720
53070 10429
37239 4809
29075 5511 58308 174
5396 6762
6453 8468 2914
701 2497 4230 702 2914 1280 23148
8468 13101 37497 29467 12654 3549 34019 6661
25220 3320
3252 702
48039 12586 8596
16735 52320 1299 28138
57821 12586
3491 2914
24785 1136 1273 24785
35054 3356
29467 197264
6730 513 3320 6730 6893
35699 174
2895 3267
29691 57118 15576
3356 3356 14361 3320 3549 8426 9002 49605 34177 1299 5511 6762 174 29608 41095 2914 680 12956 29222 8607
51405 24611
1853 1764
58299 13030
4777 2497
26592 16397 26615
13030 51395 1299 1836
9189 8422
1764 3320
45896 174
8220 5511 15547
1239 4637 2914
12956 18881 10429
52720
12859 30132 9002
37497
3216 20764 1273
5511 30781 2914 48526
1273 6667 1299
15435 1299
37271 4809 327995 2914
24482 4657
24611 6661
4230 262757
52863 6762
198385 202194 41562
8426
12874 3303 15605
327995
59689 30781
12350 174
15547
4657
29680 174
3333 1136
20080 6762
5392 174
25933 3549
31463 50300 56730
263321 263584 7738
1103 3257
13237 1299
20562 9002
2613 6893
31424 33891
42708 57381 50304 1299
513
57118
50763 8943
41562 15576
12779 174
30132
41095
2914 51185 6461 25160 3257 4589 286 6762 12654 1299 8607 3320 9002 50300 8455 174 29686 16347 38930
553 680
7738 1299
1299 3267 8943 8732 4809 28917 52320 62567 20932
8607 12654 30844
198249 15576
8732 20764
2497
263584
4637 1221
19151 174
26615 6762
29222
4608 1221
15576 196621 3303 34288 8758
14361
62567
25160
34177
47872 6762
30844
262757
34288
56730
7575 6461
30781
3320 33891 3303 8222 13193 8422
59891 51395
8455
8943
1836
6893
680
13002 20764 25091
8758 20612
48526
8422
20764
1221
49463 13193
28917
286
13101 12586
6461 8218
28220 6762
23148 25152
34019
12637 174
39821 9002
41497 174
25152
18881
50300 174
8222
6720
4589
9304 174
33891
202194
13193
50304
20932
3549
51185
16397 263075
52320
49605
29140 174
8596
6661
28329 6762
9002 12654
12586
22652 3257
57381
174 50620 174 64396
29686
702
29608
198290 197264
28138
38930 8283
15605
8218
51395
263075
3257 31122
1136
6667
4809
6762
10429
196621
12654
64396
20612
16347
58308
31122
50620
197264 197264
8283
25091
3267
3303
1280
