#src/zombie.py
# GMT Mon Oct  1 03:50:17 2018
# 
37468 37239 174
24611 6661 51405
8447 49605 6720
57821 12586
198249 29691
28917 8359 39821 174
22652 3257
198290 6661
34177 3356
8455 3257
8426 3356
20080 6762 1251
8422 9189 3320
31463 6762 56730
13101 12586 174
50300 2914
8218 174
16735 22548 52320
12779 3257 34019 12859 20562 37497 202032 13237 12654 1764 174
8607 2914
37271 327995 1299
12350 174
7738 701 263321 3257 8167
3257 29680 3320 31122 41497 174
47872 1299
202032
263584 263321
41497
15576 1299 3356 29691 8758
51185 3356
286 174
23106 52320
50763 49605
28329 6762
20612 8758
52320 174
22548
1136 24785 3333
30781 5511 59689
2895 3267
4777 2497
64396 174
6762 52863 174 5396
53070 10429
8758 6830 196621
1221 4637 4608
41617 31261
3333
8732 20764 1299
3549 28220 3356 52720
12859 49605 30132
4637 174
29222 3303
37100 49605 327782
2613 6893
25160 174
9304 174
29075 198385 1299 58308
23148 701 25152
1916 174
20562
52863
6893 25091
25091 13002
59891 51395
25152
29680
15605 49605
34019
12389 3491 31261 25227
9189
7018 174
327782 327960
30132
6730 6730 3320 513
1273 6667 1299 8468
5392 174
4608
33891 31424 3320
57381 50304
20764 13002
3303 49605 3320 35054
7575 2914
1764 8596
37239
15547 8220
25933 8167
35054
3252 174
24785 24785 6939
52720
58299 13030
1836 13030
174 701 3356 12956 2914 1299 24482 3491 6661 6830
43100 49605
3491 2914
8359 3356
45896 3356
56730
2914 35699 16347 14361 29686 19151 29140 12637 4589 9002
15435 49605
1299 2603 701 62567 49605 13030 20932 553 14061 680 1299 3320 6939 42708
25435 49605
1280 701
513
37497
29691
3267 2603
8167
12586
263321
6830
51395 6939
262757 28666
3356 49605 5511 6453 29608 41095
4134 701 4809
49463 13193
28666 4809
29140
327995
13237
8596
48526 5511
12637 49605 12654
2497 701
34288 6939
31122
50304 42708
28220
5511
1103 49605
34781 13030
31261
1251 52888
42708
9002
62567
49605 30844 8283 12654
13030
12956 10429
8283
14061
13193 3320
20932
41095
2603
202194 198385
327960
29686
51405
8220 3320
3320 25220 8222
6939
25220
29608
6661
52888
5396
8222
701
31424
35699
25227
198385
553
19151
39821
58308
196621
6720
30844
59689
6667
24482
8468
14361
680
6453
16347
4809
4589
12654
13002
10429
