#src/zombie.py
# GMT Mon Oct  1 05:54:40 2018
# 
8387 1764 12654
1916 52888 2914
22548 3549
14061 3356
7018 174
34781 13030
8447 6720 1299
53070 10429
37239 4809
29075 1299 50620
5396 3356
701 1280 7738 1299 702
8468 3549
25220 3356
3252 702
48039 8596 3257
16735 52320 28138
57821 12586
3491 3356 12389
30844 13237
35054 3303
6730 513 3356 6730
35699 2914
2895 29076
29691 57118 15576
3356 20764 1853 20932 3549 51185 22652 3356 25160 29152 47872 1764 24785 19151 12956 8607 30781 9002 680 33891 34177 1836 15547 25074 31463 41095 15576 8426 174 14361 8359
51405 24611
52888
1853
263321 263584 7738
4777 2497
13030 51395 1299
9189 25074
30132 12859
202032 1764
19151
6453 174
1239 4637 1299
12956 10429
41497 174
12859 13237
5511 1299 48526
29152 58308
50300 174
15435 1299
37271 4809 327995
8222 3320
24611 6661
198385 202194 41562
8426
12874 3303 15605
327995
59689 30781
12350 1299
25074
29680 174
3333 1136
59891 51395
5392 3549
25933 3549
31463 56730
58299 174
1103 3257
29076 12389
13237 3320 3257 12654 31025 20562 1299
20562
2613 25091
262317 10429
31424 33891
42708 50304 1299
513
57118
50763 8943
41562 15576
12779 174
41095
2914 12637 2497 4713 8455 20080 8943 4589 4134 1764 29686 52320 174 29140 16347 62567 7575
553 680
7738
1299 1273 174 3320 38930 8218
8607
198249 15576
2497
263584
4637 1221
31025 12586
34177
6762 174
15576 196621 3303 34288 8758
14361
62567
25160
12389
4589
47872
24785 1136 24785
34288
56730
7575
30781
3320 3303 174
8455
8943
1836
680
13002 20764 25091
8758 20612
8359 28917
20764
1221 4608
49463 174
28917 39821
286 174
20080
6461 174 8218
28220 3549
34019 3303
12637
39821
52720 3549
4713 25152
25152
1273 6667
24482 174
64396 174
9304 3549
33891
202194
48526
4608
50304 57381
20932
3549 16397 28329
51185
16397 263075
4134 4809
52320
49605 9002
29140
8596
6661 198290 174
28329
9002
6720
12586
3303 29222
22652
15547
57381
174 3257 1764 31122 29608
29686
702
29608
198290
28138
38930 8283
15605
8218 1764 8218
51395
263075
3257
1136
6667
4809
29222
10429
196621
12654 12654
20612
16347
58308
31122
50620
8283
25091
1764
1280
