#src/zombie.py
# GMT Mon Oct  1 04:55:44 2018
# 
52873 18881 52720
1916 52888 174
22548 16735
14061 1299
7018 701
34781 13030
8447 3320 6720
53070 10429
37239 4809
29075 58308 174
5396 3356
701 2497 6461 286 6762 174 702 2914 6453 701 1239 12956
8468 3549
6461 8218
3252 702
48039 8596 3320
16735 52320 12956 28138
57821 12586
3491 2497
30844 6939
35054 3303
37179 41095 327984
174 20764 50304 262589 49463 25160 12779 19151 2914 12350 6661 12637 29140 29680 41497 50620 24482 174 64396 5392 9304 680 6730 28917 15435 13002 35699
35699
2895 29076
29691 57118 15576
3356 2497 30781 1853 20932 3549 51185 8426 34177 41095 29608 15547
51405 24611
52888
1853
58299 13030
4777 2516
13030 51395 1299 1836
9189 8422
30132 12859
19151 25152
6453 2497 22652
1239 4637
12956 18881 10429
52720
12859 2914 3333
262589 28329
5511 48526 2914
6939 2497
50300 5580 31463
5580 3257
15435
37271 4809 327995
8222 3320
24611 6661
52863 4809
198385 202194 41562
8426
12874 3303 15605
327995
59689 30781
52320 2828
10026 7575 2497
29680
3333
59891 51395
5392
25933 26615
31463 56730
263321 263584 7738
1103 286
29076 8359
13237 1299
7575
262317 10429
31424 33891
42708 57381 1299
513 6730
57118
50763 8943
41562 15576
12779
41095 2497
2914 2497 47872 9002 8455 20080 4589 1299 6762 29686 2914 1280 16347 62567 8607
553 680
7738 2497
1299 31122 1273 12586 38930 8943
8607
198249 15576
2497 3320 9002 2828 12654 14361 3257 4134 2516 3303 8359 6661
263584
4637 1221
26615 6762 26615
6762
15576 196621 3303 34288 8758
14361
62567
2828
25160
4589
47872
8943
34288
56730
2613 6893
30781
3320 33891 3303 25220 8422
8455
34177
1836
6893 25091
680
13002 25091
8758 20612
8359
8422
20764
327984
1221 4608
49463
28917
286
20080
25220
28220 3549
34019 3303
12637
39821 9002
41497
25152
18881
1273 6667
24482
64396
9304
33891
202194
48526
4608
50304
20932
3549
51185
4134 4809
12350
49605 9002
29140
8596
6661 198290
28329
9002
6720
12586
22652
15547
57381
6730 6730
29686
702
29608
198290
28138
38930 8283
15605
2516
8218
51395
3257
6667
4809
29222 3303
10429
196621
12654
20612
16347
58308
31122
50620
8283
25091
3303
1280
