#src/zombie.py
# GMT Mon Oct  1 05:32:38 2018
# 
50620 174
24611 6661 51405
12989 22548 16735 53070 6939
264911 6939
57821 12586
62567 3356
174 64396 29680 49605 37271 25512 52320 19151 174 2857 29140 12637 6667 15435 1299 24482 25160 1280 513 680 9304 12779 29636 29075 41497 50300 20764 1916 31122 1764
286 1299
12874 3303 15605
198249 13030
29551 25220 3320
28917 6939
22652 6939
2613 6893
52863 6762
56730 31463
29140
61157 25074 3320
2914 20080 1299 4844
8447 6720 3320
15435
8455 8283 13030
12859 6939
1280
513
4230 701 262757
31133 31261 3320
20080
16347 8218
31463 50300
25512 6881
15547 3356
1257 3333 1239
41497
50300
12586 20676
8218 6461
16735 6939
2497 701
12779
5539 8763 21385
8607 6939
51395 3257 59891
7018 1299
3356 20676 1299 44217 6939 3549 20932 9002 30781
37271 37239
4844 37989
8763
49463 13193
21385 12654
6661 198290 3320 6939
3333
25074 9189
42708 1299 50304
3257 4589 1299 29686 1103
47872 44217
6881
202032 6939
262317 6939
8596 1764
48526 5511
18881 52873 12956
12637
15576 6772 196621
34019 3303
34288 13030
1916 1251
37989
50304 57381
58299 13030
23106 52320
5511 6939
1103
50763 8943
34781 13030
31261 41617
20612 1836
15605
1251 28571
52320
22548
28571
9002
30781 59689
7575 6461
64396
701 1299
1836 13030
49605
13030 6772 35369 1299 29608 12654 30844
8758 6939
31424 6939
8283
14061 1299
25091 13002 6893
41722 20764
8928 10026
3549 28329
9189
263075 6939
198290
12956 6939
13193 3320
20932
37640 6939
263651 6939
52720 52873
59689
25160
4589
29686
9304
51405
29636
29075 198385
28329
3320 6939 3303 1299
6939 5396 263152 1299 8426 10026 6461 53067 12654
25220
29608
41617
5396
6762 1299
6893
29680
59891
44217
10026
263152
198385 202194
57381
25152 19151
19151
53067
2857
1299 8943 6453 6461 1273 1239
1239
196621
20676
6720
30844
202194
13002 20764
6667
24482
8426
1273
680 680 553
6772
6453
262757
31122
35369
8943
6461
53070
553
20764 20764
3303
52873
12654
37239
1764
