#src/zombie.py
# GMT Mon Oct  1 04:36:57 2018
# 
3303 174 34019
14061 1299
7018 174
34781 13030
1916 174
59891 51395
30844 6939
25160 174
263152 6939
37989 4844
20485 13002 1299
5396 6939
701 3356 1280 2497
6461 174 8218
20932 1299
2613 6939
21320 174 1853
6772 13030 15576
16735 52320
8455 13030 8283
174 20764 198385 3356 49463 3257 12779 174 6667 6762 29075 19151 2914 52320 6453 1299 29140 6661 2857 41497 286 50300 24482 25512 64396 22652 9304 6730 1764 37271 29636
57821 12586
8943 1299 50763
8763 5539
1251 52888 6939 28571
680 553 3356
8426 20764
35369 13030
13002 25091
8607 6939
48526 3356
29636
3356 3549 20764 6939 29608 2914 20676 1299
263651 6939
52888
1853 6720
28917 6939
29608
49463
53070 12989
286
1764 8596
202032 6939
19151
29691 13030
6453 29686 62567
25220 29551
37239 6939
4844 2914
52720 3549
13030 198249 58299 51395 34288 1299 1836
41497
25152 2497
12859 6939 3333
50300
29551 3257
6720
9304
9189 6939
6939 20764 31424 52863 263075 262317 37640 39326 15547 7575 264911 28329 30781 51405 31122 50620 21385 20080 15435 12989
202194 198385
12989
15435
50763
29075
37271
24482
50304 42708
47872 44217
52863
20764 20764 12654 49605
64396
25512 6881
8596
51405
34288
12874 15605 1299
34019
31424
29140
8928 1299
59689 30781
52320
51395
20676 12586
15547
2914 9002 4589 16347
6661 198290
264911
28329
29680 3257
9002
3333
12586
20080
22652
56730 51945
57381 42708
263075
44217 6762
51945 39326
6730 513 6730
29686
58299
1103 3257
198290
15605
8218
3549
7575
262317
1836 20612
42708 1299
1273 1299
5539 21385
513
57118 196621
4589
3257
12779
6667
6762
196621 15576
12654
553
39326
20612
1299
16347
198249
2497
6881
31122
50620
30781
198385
21385
8283
25091
37640
28571
15576
49605
1280
2857
62567
