#src/zombie.py
# GMT Mon Oct  1 04:00:41 2018
# 
52873 18881 52720
1916 174
22548 16735
14061 1299
7018 2914
34781 13030
8447 3320 6720
7575 10026
53070 12989
37239 4809
29075 1299 50620
5396 3356
6453 2497 22652 2914
701 286 2497 174 702 2914 701 12956
8468 3549
6461 2914 8218
3252 702
48039 8596 3320
16735 52320 12956 28138
57821 12586
3491 3356 2497 28513
30844 6939
35054 3303
6730 513 174 6730
35699 174
2895 3267
29691 57118 15576
3356 3356 2497 47872 1853 19151 3549 51185 30781 9002 34177 3267 680 29608 8426 2914
51405 24611
1853
263321 263584 7738
4777 2516
13030 51395 1299 1836 58299
9189 8422
30132 12859
19151 25152
8220 5511 15547
1239 2497 4637
12956 18881 10429
52720
12859 2914
3216 20764 1273
5511 30781 48526 2914
6939 2497 1280 1299
50300 2914
15435 1299
263584
24482 174
24611 3549
4230 28513 262757
52863 4809
8426
12874 3303 15605
327995 37271
59689 58308 30781
12350 174
15547
29680 8928
3333 1136
20080 2914
5392 174
25933 26615
51945 174 56730
58299
1103 286
198385 202194 41562
262317 10429
31424 33891
42708 50304 1299
513
57118
50763 8943
4589 2914
41562 15576
10026 2497
41095 2497
2914 2497 1299 6762 174 29686 2914 16347 8607
553 33891
7738 2497
1299 31122 1273 8455 49605 8943 13237 38930 12586 62567
8607
198249 15576
2497 14361 3320 1273 8928 3257 4134 286 12654 2516
37271 4809
8218
4637 1221
8928
26615 6762 16397 26615
6762 28329 12989
15576 196621 3303 34288 8758
14361
62567
25160 174
8943
47872
262757
34288
56730
2613 25091
30781
3320 33891 3303 8222 25220 8422
59891 51395
8455
34177
1836
680
13002 20764 25091
8758 20612
48526
8422
20764
1221 4608
28513
49463 174
28917 39821 174
286 1136
25220
28220 3549
34019 3303
12637 174
39821
41497 174
25152
18881
1273 6667
8222
6720
9304 174
33891
202194
4608
50304 57381
20932 174
3549
51185
52320 174
16397 263075
4134 4809
13237
49605
29140 174
8596
6661 198290 174
28329
9002
12586
22652
57381
174 12779 64396 174
29686
702
29608
198290
28138
38930 8283
15605
2516
12989
51395
263075
3257
1136
6667
4809
29222 3303
10429
196621
12654
64396
20612
12779
16347
58308
31122
50620
8283
25091
3267
3303
1280
