#src/zombie.py
# GMT Mon Oct  1 04:23:22 2018
# 
52873 18881 52720
1916 174
22548 16735
14061 1299
7018 1299
34781 13030
8447 3320 6720
53070 10429
29075 58308 174 50620
5396 3356
6453 174 8468 9002
701 2497 174 702 1280 1299 23148
8468
25220 49605
3252 702
48039 8596 3320
16735 52320 28138
57821 12586
3491 174 28513
35054 3303
174 3356 19151 51185 25160 12779 4134 286 1299 6762 45896 12350 6461 1239 29680 24482 1836 5392 28917 35699
35699
2895 3267
29691 49605
3356 41095 49605 34177 3549 8426 8607 1299 8359 12956
51405 24611
1853 1764
263321 263584 7738
4777 2497
13030 1299
9189 49605
30132 49605
202032 49605
45896
8220 3320 15547
1239 4637
12956 18881 28220 10429 2914
52720
12859 49605
3216 20764 1273
5511 30781 1299 48526
50300 5580 31463
5580 3257
15435 49605
37271 4809 327995
24482
47872 49605
4230 28513 262757
52863 6762
198385 49605 202194 41562
8426
12874 3303 15605
327995
59689 30781
12350
15547
29680
3333 1136
20080 6762
5392 4589 12654
25933 3549
31463 56730
43100 49605
58299 49605
1103 49605
13237 3257
20562 49605
7575 6461
31424 49605
42708 50304 1299
513 6730
57118 49605
50763 49605
4589
41562 15576
41095
2914 12637 1299 9002
553 680
7738 3320
1299 3320 1273 8222 2603 3257 49605 20932 62567 6762
8607
198249 15576
2497
263584
4637 1221
19151
6762 28329
4608 1221
15576 3303 8758 196621
14361 3257
62567
28929 49605
25160
2603 3267
24611 6661
262757
34288 49605
56730
2613 6893
30781
3320 1764 3303 6730 13193 6661
59891 49605
8455 3257
34177
1836
6893 6730
680 12779
13002 20764 25091
8758 20612
48526
20764
1221
49463 13193
28917 39821 8359
286 1136
6461 8218
28220
23148 25152
34019 12779
12637 12654 3257
39821
41497 3257
25152
18881
1273
8222
64396 49605
9304 3257
202194
8359
13193
50304 57381
20932
3549
51185
28513
4134 4809
52320 3257
49605 8283 29608 12654 9002 29140 29686
29140
8596
6661 198290
28329
9002
6720
12586 3257
3303 29222
22652 3257
57381
6730 6730
29686
702
29608
198290
28138
15605
8218 16347
3257 31122 12779
1136
6667 12779
4809
29222
10429
196621
12654 12779
20612
12779 12779
16347
58308
31122
50620
8283
25091
3267
1764
1280
