#src/zombie.py
# GMT Mon Oct  1 06:33:41 2018
# 
37468 37271
50620 174
2857 174
42708 29208 50304 12859 44217 21385 31025 57381
30844 6939
24785 20562 1299
264911 6939
57821 12586
62567 3356
174 64396 51395 1836 49605 25512 49463 19151 29140 5511 41497 174 20932 12637 15576 6667 1299 24482 25160 1280 29680 9304 29636 29075 1916 20764 31122
43100 29608
286 1299 1103
12874 3303 15605
198249 15576
28917 6939
22652 3356
8359 3356 41617
10429 23106 53070 12956
56730 31463
41722 20764
2914 29208 3356 1299 4589 20080 6661 2497
15435 6939
8455 13030
12859
1280
513 6730
37497 6939
20080
16347 29208
31463 21396 3356 50300
25512 6881
1257 3333 1239
41497
50300
12586 20676
8218 35369 6461 59689
16735 22548 6939 4809 12956
2497
12779 3257
5539 8763 21385
8607 6939
51395 59891
29208 15685 20562 51405
3356 20676 1299 680 25074 9002 14061 25220 3549 15547 29608 1853
37271 37239 6939
4844 37989 6939
8763
49463
6939 29686 37640 8758 12956 263152 58299 263075 15685 262317 202032 263651 1299 50304 8426 10026 23148 5396 53067 29608
6661 198290
28666 262757 4809
29140
25074 9189
15685 15685 6881
3257 1299
47872 44217
202032
44217
24482
8596 48039
48526 5511
18881 52873 12956
12637
15576 34288 196621
34019 3303
34288
1916 1251
37989
50304 20562 1299 12654
58299
23106
5511 29608 1299 1239
1103
21396 6453
50763 8943
34781 13030
28329 3549
38930 8283 6453
15605
1251 28571
680 553
53067
28571
31424 29608
9002
7575 6461
64396
1836 20612
49605
13030 1299
1853 6720
8758
12956 6762
20612
8283
14061
3333
8928 10026
3549
9189
263075
198290
20932
198385 29075 202194
37640
263651
59689
25160
262317
51405
4589
29686
9304
7018 1299
29636
29075
23148 25152
3320 6730 3303 1299
21385
25220
29608 12654
41617
5396
4809
6762 52863 1299
6893 25091 2613
25091 13002
59891
2613
10026
263152
20562
553
25152
29680
19151
22548
1299 8943 6453 6461 1273
1239
196621
31025 48039
37239
6720
20676
202194
13002 20764
6667
6881 12654
48039
1273
6730 6730
52863
8426
6453
262757
52720 52873
35369
8943 8943
6461
53070
57381
20764 20764
3303
52873
12654
31122
15547
