#src/zombie.py
# GMT Mon Oct  1 03:51:27 2018
# 
328206 328145
6762 174 31463 41497
6720 8447
15605 12874
14907 13030
29075 1299
202032 6939
3333 12859
1103 3257
20612 1836
4657 38001 3491
6894 2516
3491 174
22652 174
3356 553 37271 2516 29608 8426 6774 30781 3549 2914 174 4230 6939
29608
680 1299
49605 174
3549 22548 16735 24611 52720 52873 263702
20495 8455
29686 2914
4230 262757
20932 174
8732 20764 1299
31424 6939
53067 6939
47692 33891
205206 16245
8896 174
28634 22356
39392 33891 29504
51405 24611
12654 25152 6939
38001
199714 206356 13030
198290 6661
29680 174
8220 15576 6939
513 6830
12874 3303
52873
62240 136620 6461
8607 6939
28571 1251
206356
264911 6939
50300 31463
28917 1299
263702
136620 136620 59891
196621 15576
9304 3257
56730 31463
6830 174 6830
15576 198385 6453
6461 174 8218 7575
35266 2914
6667 1273
263152 6939
23106 52320
34019 3303
25091 2914
18881 12956 266534
29636 2914
3257 60501 174
30781 59689
4844 2914 37989
39351 42708
1299 8943 37468 1273 13030 16245 42708 15547 15435 14061 48526 50304 174 8447 20676
33891 34549 3320
198385
50620 6939
31463
12859 6939
21232 13030
1251 52888 20080
174 12956 7018 25160 31122 19151 6661 57111 31742 3320 50877 25512 2914 2857 6453 286
6939 12956 25152 262317 263075 6939 2497 19151 2613 37640 5396 2914 64463
8943 50763
59891
16735 52320 263508
31742
1916 2914
59414 13030 12307
13193 3320 49463
14061
3320 3303 47147
12779 2914
35369 13030
58299 13030
25160
29691 13030
553
59689
60501
12637 2914
262317
266534
263075
52720
25220 2914
16347 2914
20764 41722
8426
6774 328145
20080 2914
9002 2914
50877
2914 1280 29140 15562 30844 2497 19151 5400
50304 57381
42708
286
50763
8455 8283 13030
202194 13030
25152 19151 2497
2516
49463
57821 12586
29504
7018
15562
52888
328145
6881 25512
198249 13030
31122
24611
1273
47147
37640
5396
48526
4777 2497
12956 10429
16245
34549
37271 37239
37468
22356 27715
3303
37239
19151
25512
8283
8218
12307
262757
15547
2110 39122 5400
6453 24482
64463
20676 12586
41497
13030 34288 1836
12586
24482
22548
57381
7575
34288
30844
5400
8447
39122
52863 52320
2497
37989
41722
15435
1280
29140
57111
2613
263508
52320
1836
10429 27715
2857
6661
27715
