#src/zombie.py
# GMT Mon Oct  1 04:58:17 2018
# 
52873 18881 52720
1916 2914
22548 16735
14061 1299
7018 1299
34781 13030
8447 3320 6720
53070 10429
37239 4809
29075 5511 58308 174 50620
5396 6762
6453 174 29686
701 4134 2497 174 702 1280 1299 23148
8468 3549
25220 3320
3252 702
48039 12586 8596
16735 52320 1299 12956 28138
57821 12586
3491 174 28513
24785 1136 1273 24785
35054 3303
6730 513 3320 6730
35699 2914
2895 3267
29691 15576
3356 3356 30781 3320 3549 8426 49605 680 5511 31463 41095 174 8359 2914 14361 1299 6762 8422
51405 49605
1853 1764
58299 13030
4777 2497
13030 51395 1299 1836
9189 8422
1764 3320
202032 12779
45896 174
8220 3320 15547
12956 18881 174 10429
52720
12859 30132 12779
37497 49605
3216 20764 1273
5511 48526
1273 6667 1299
15435 1299
37271 4809 327995
24482 174
47872 6762
4230 28513 262757
52863 6762
198385 202194 41562
8426
12874 3303 15605
327995
59689 30781
19151 174
15547
29680 3257
3333 1136
20080 6762
5392 3549
25933 3549
31463 56730
43100 49605
263321 263584 7738
1103 3257
13237 1299
20562 49605
7575 2914
31424 33891
42708 50304 1299
513
57118 196621
50763 8943
41562 15576
12779 28929 9002 174 12654 30844 3257
30132
41095
2914 174 50300 9002 4589 8607
553 680
7738 3320
1299 3320 49605 2603 3257 8943 8732 6762 174 52320 38930 62567
8607
198249 15576
8732 20764
2497
263584
4637 1221 174
34177 174
29222 3303
4608 1221
15576 196621 3303 34288 8758
14361
62567
28929
25160 174
8943
30844
262757
34288
56730
2613 6893
30781
3320 8222 3303 3257 33891 13193
59891 51395
8455 3257
2603 3267
1836
6893 25091
680
13002 20764 25091
8758 20612
48526
8422
20764
1221
49463 13193
28917 8359
286 174
13101 12586 49605
6461 174 8218
28220 3549
23148 25152
34019 49605
12637 174
39821 9002
41497 174
25152
18881
50300
8222
64396 174
4589
9304 174
33891
202194
8359
13193
50304 57381
20932 174
3549
51185 174
52320
28513
4134 4809
12350 174
49605 12654
29140 174
8596
6661 198290 174
28329 6762
9002
6720
12586
22652 3257
57381
174 3257 174 29608 16347
29686
702
29608
198290
28138
38930 8283
15605
8218
51395
3257 31122
1136
6667
4809
6762
10429
196621
12654
20612
16347
58308
31122
50620
8283
25091
3267
3303
1280
