#src/zombie.py
# GMT Mon Oct  1 05:03:37 2018
# 
37468 174
198385 6939
29691 6939
2857 6939
8447 6720 6939
22548 16735
264911 6939
57821 6939
62567 6939
174 64396 3356 2914 25160 29636 3303 12779 19151 12637
286 3356
12874 15605 6939
198249 6939
28917 6939
22652 3356
198290 6939
56730 51945
41722 20764
2914 3356 4844 4589 12654 8607
15435 6939
1299 38930 3356 37271 680 13030 1273 6453
12859 6939
1280 6939
513 6730
37497 6939
31133 31261 6939
20080 6939
16347 6939
15547 6939
1257 3333 1239
41497 6939
50300 6939
8218 6461
16735 262757 4809 6939
2497 701
12779
8607 3356 12654 6939
13002 20764 25091
3356 7018 701 48166 6453 3257 1239 6939 29608 9002
37271
4844 37989
8763 13237
50620 6939
49463 6939
51945 6939
43531 8596 9002
3257 8455 1103
47872 6939
6881 6939
52863 4809
13237 9002
8596
48526 6939
18881 52873 12956
12637
15576 34288 8220 196621
34019 3303
34288
15605
37989
262317 6939
58299 6939
23106 52320
680
1103
50763 6939
48166
57118 12307 6939
38930 8283
1251 28571 6939
52320 6939
53067 6939
9002 8928 24482 33891 6939 25220 12654 6453 8220
7575 6939
64396
701
1836 13030
49605 6939
13030
8758 6939
12956 10429 6939
20612 6939
8283
14061 6939
3333
8928 29680
4589
9189 6939
263075 6939
20932 6939
37640 6939
263651 6939
1764 35369 6939
52720 52873
59689 6939
25160
29608
29686 6939
9304 6939
51405 6939
8220
29636
29075 6939
31261 41617
1916 6939
6939 202194 37239 6461 30844 202032 5396 6762 31424 59891 2613 263152 57381 25152 29140 20764 50304 8426 6730 12654 31122
25220
202032
41617
5396
53070 10429
6762
31424
25091
59891
2613
263152
12307
57381
25152
29680
19151
28571
50304
8455
1239
196621
29140
6720
30844
202194
7018
6667 1273
24482
8426
6730 6730
1273
6453
262757
31122
35369
6461
33891 553
553
20764 20764
3303
52873
4809
12654
37239
10429
