#src/zombie.py
# GMT Mon Oct  1 04:05:38 2018
# 
1916 1251 52888 174
14061 1299
7018 2914
34781 13030
59891 51395
30844 6939
25074 12859 9189
25160 174
2603 2914 1103
24611 51405 6661
37989 4844
1836 13030 20612 174
5396 6939
701 1280 2497 2914
25220 29551
20932 6939
2613 6893
21320 174 1853
30781 5511 59689
3320 513 12713 3303 3320 2914
16735 52320
12713 47872
8455 2914
3549 3356 52720
57821 12586
263152 6939
8763 5539
6893 25091
680 553 3356 680 174
8426 6695
174 198385 48039 29075 19151 2914 52320 29140 6661 29680 41497 31122 24482 174 64396 9304 35369 58299 15435 13002 29636
13002 25091
16347 8218
8758 13030
29691 57118 15576
29636
3356 20676 22652 2914
51405
52888
1853 6720
28917 1299
29075
21385 12859 5539
29608 5511
49463 13193
53070 10429
286 12859 6939
202032 6939
19151
8943 1299 50763
6453 29686 2914
6461 2914 8218
37239 37271
4844 2914
12956 10429 2914
23148 6939 25152
34019 3303
13030 51395 12654 1299
15685 6881 29208
41497
25152
12859 6695 9002 49605 3257 12779 6939 12654 2857 29208 2914
50300 5580 31463
29551 1299
6720
9304
5511 5511 48526 2914
6939 262317 31424 52863 263075 263651 37640 12654 15547 8607 7575 264911 28329 50620 20080
202194 198385
48526
12654
1273 6667 1299
5580 3257
15435
52720
37271 2914
29208
24482
13193 1299
6695
50304 42708
47872
52863
20764 8732
64396
8596 48039
263651
12874 3303 15605
15547
49605
29140
8928 1299
59689
52320
51395
20676 12586
34288 15576
6661 198290
264911
28329
29680
3333 1103
12586
20080
22652
56730 31463
57381 42708
263075
31463
9189
35369
29686
58299
1103
1251 28571
198290
38930 8283 1299
15605
8218
7575
262317
31424
42708 1299
48039
5539
513
57118
50763
4589 2914
3257 2914
12779
8732 1299
6667
37640
10429
196621 15576
2914 1299 6762
553
20612
1299 62567
8607
198249 15576
2497
6881
31122
50620
198385
9002
8283
25091
6762
28571
15576 3303
3303
1280
2857
62567
