#src/zombie.py
# GMT Mon Oct  1 06:33:41 2018
# 
37468 37271
50620 174
2857 174
52720 52873
57821 12586
62567 3356
174 64396 51395 3356 12637 19151 29680 29140 174 48526 41497 6667 24482 25160 6730 12779 9304 29636 29075 2914 16735 1916
43100 9002
286 1103 6939
198249 13030
28917 1299
22652 6939
8359 3356 41617
198290 6661
56730 31463
41722 20764
2914 6762 3356 1299 3320 12956 4589 20080 6661 29686 8607
34288 13030
15435 1299
8455 8283 13030
12859 9002
1280 6939
513 6730
37497 6939
20080
12956 18881
31463 3356 50300
1257 3333 1239
41497
50300
12586 20676
8218 49463 6461 16347
16735 22548 262757
2497 6939
12779
5539 8763 21385
8607 3356 12654 6939
3320 3303
51395 59891
13002 20764 25091
3356 49605 14061 20676 8732 3257 20932 1299 680 3549 25074 6939 25220 29608 9002 30781 15547
264911 6939
37271 37239 6939
4844 37989 6939
8763
15685 6881 6939
49463
21385 6939
6661
12874 3303 15605
25074 9189
42708 57381 50304 6939
3257 31122 6939
47872 44217
6881
52863 6939
44217 9002
262317 6939
8596 48039
48526
18881 52873
12637
15576 6772 196621
34019 3303
37989
50304
58299 13030
23106 3549
1103
50763 8943
34781 13030
28329 3549
20612 1836
1251 28571 1916
680 553
53067 6939
28571
19151
31424 6939
9002 12654
30781 59689
7575 6461
64396
1836 13030
49605
13030 35369 202194 6939 6772
8758 6939
16347
8283
14061
3333
8732 20764
8928 10026
3549
9189
263075 6939
8426 6939
20932
37640 6939
263651 6939
20676
59689
25160
4589
29686
9304
51405 6939
29636
29075 198385
23148 25152 6939
1916
6939 7018 5396 263152 1853 1239 31025 30844 1299 10026 6453 6461 53070 202032 12654
25220
202032
41617
5396
6762
6893 25091 2613
25091
59891
2613
10026
263152
198385
553
25152
29680
15605
22548
1299 8943 1273
1239
196621
31025 48039
29140
6720 1853
30844
202194
7018
6667
29608
24482
48039
1273
6730 6730
1853
6772
6453
262757
31122
35369
8943 8943
6461
53070
57381
20764
3303
52873
12654
37239
15547
