#src/zombie.py
# GMT Mon Oct  1 06:27:39 2018
# 
52873 18881 52720
1916 2914
22548 16735
14061 1299
7018 3257
34781 13030
198545 6453 29152
8447 3320 6720
53070 10429
37239 36937
29075 6453 50620
5396 6762
6453 38930 7545 8426 24482 22652 24785 5392 36937 3257 29608 6453 7738 8468 62567 29686
701 2497 3257 23148 702
8468
6461 7575 3257 8218
3252 702
48039 8596 3320
16735 52320 1299 12956 28138
57821 12586
3491 3257
30844 12859
35054 3303
35699 174
2895 3267
29691 57118 15576
3356 51185 3257 3549
51405 24611
1853 21320
263321 263584 7738
4777 2497
13030 51395 1299 1836 58299
9189 8422
30132 6939
19151 174
8220 3320 15547
12956 18881 28220 10429 3257
52720
12859 30781 41095 31122 12654 16347 6939 2603 3257 21396
5511 3257 48526
6939
50300 31463
15435 1299
37271 4809 327995
24482
24611 6661
52863 4809
198385 202194 41562
8426
12874 3303 15605
327995
59689 30781
12350 174
15547
29680 3257
3333 1136 3320 12654
20080 2914
5392
25933 3549
31463 21396 56730
29152 58308
28917 39821 8359
1103 286 2603 12654
13237 1299
20562 2603
58299
7575
262317 10429
31424 33891
42708 50304 1299
513 3320
57118
50763 8943
41562 15576
12779 174
41095
2914 8607 3257 9002
553 33891
7738
1299 1273 8455 2603 3257 8943 8732 52320 4809
8607
198249 15576
1136 24785
2497
263584
24130 4608 7545
7545
26615 6762 16397
29222 3303
4608
15576 196621 3303 34288 8758
14361 3257
62567
25160 174
2603 21320 3267
47872 6762
24785 24785
34288
56730
2613 6893
21320
30781
3320 3320 8222 3257 4809 33891 3303 25220 13193 8422
59891 51395
8455
34177 174
1836
6893 25091
680 174
13002 20764 25091
8758 20612
8359 5413
8422
20764 8732
8943
5413 12654
49463 13193
286 3257
25220
28220
23148 25152
34019 3303
12637 174
39821
41497 174
25152
18881
1273 6667
8222
64396 174
4589 3257
9304 174
36937
33891
202194
48526
13193
50304 57381
20932 174
3549
51185
16397 263075
4134 4809 3257
52320
49605 3257
29140 174
8596
21396
6661 198290 174
28329 6762
9002
6720
12586 3257
22652
57381
174 3257 174
29686
702
29608
198290
28138
38930 8283
15605
8218
51395
263075
3257 6762 3303 1280
8732
6667
4809
6762
10429
196621
12654
20612
16347
58308
31122
50620
8283
25091
3267
3303
1280
