#src/zombie.py
# GMT Mon Oct  1 04:21:28 2018
# 
37468 37239 174
8447 6720 3320
57821 12586
198249 15576
28917 39821 174
22652 6453
198290 6661
34177 174
8455 2914
25074 9189 61157
4230 262757 28513
31133 31261 1299 25227
20080 6762 1251
31463 56730 50300
50300 174
8218 49463 6461 16347 59689 174
16735 22548 52320
12779 174
8607 2914
37271 327995 174
7738 263321 8167 1239 2497
3257 12859 2497
47872 174
263584 263321
41497 174
15576 34288 3356 47176 8758 196621 3303 29691 8220 41562
51185 174
3491 28513 2497
23106 52320
2516 2497 4777
50763 8943
28329 6762
38930 8283 174
52320 174
22548
1136 24785 3333
2895 3267
7575 10026
64396 174
701 701 7018 1299 1280 12956 6453 174 286 6461 23148 1239 2497 2914 3320
47176 25435
8758 20612
41722 20764
3333
8732 20764 1299
3549 3356 52720
4637 1299 1221
41617 31261
37100 327782 2497
25227
25160 174
9304 174
59414 6830
29075 174
23148 25152
1916 174
52863 6762
6893 25091 2613
25091 13002
59891 51395
15605 3356
29680 174
25152
34019 3303
1239
25435
9189
7018
327782 327960
30132 12859
5392 174
4608 1221
28513
53070 10429
57381 50304
20764
3303 3320 35054 29222
4777
37239
15547 34781 8220
29691
25933 8167
35054
3252 174
24785 24785 41095
58299 13030
1836 174
174 49605 174 20932 19151 35699 29140 48526 12637 6667 15435 24482 51395 2914 553 6661 1764
286 1103
45896 3356
56730
61157 3320
2914 6762 62567 29686 8943 1299 4589 13237 9002 2914 2497
15435
1299 12586 13030 42708 14061
12859
1280
12956 28220 10429
3267 3356
8167
12586
263321
6830 2497
51395
262757
3356 3356 680 29608 25220 2497 41095 5396
49463
29222
29140
327995
13237
8596 1764
48526
12637
2497 13030 10026 14361 6453 3320 12654 41095
34288
50304 42708
28220
1221
1103
34781
31261
1251 52888
42708
9002
62567
49605
13030 31424
16347
20612
8283
14061
20932
41095 13002
41562 198385
202194 198385
327960
29686
8220 3320
3320 8222
25220
29608
6661
52888
5396
8222
6762
31424
35699
2613
10026
198385
553
19151
39821
196621
6720
30844 6453
59689
6667
24482
14361
680
6453
52720
8943
6461
1764
4589
12654
13002
10429
