#src/zombie.py
# GMT Mon Oct  1 05:15:37 2018
# 
263584 263321
6894 174
6762 20080 1299
6720 1853
22356 16685 28634
15605 12874
18747 174 263702
14907 38930
29075 174
12307 57118
3333 1136
1103 3257
16685 16685 4230
20612 1836
29226 2895 12389
15935 174 29504
8167 7738 25933
31025 12586 29208 29551
3491 2914 41095
22652 6453
3356 680 8607 3549 8455 9002 5396 5511 25091 1299 3356 4230
29608 5511 12654 34019 13030
680
37497 174
49605 174
3549 52873
29686 3257
4230
20932 174
28634
31424 13030
47692 33891
205206 16245
8896 174
37100 327782 174
29222 3303
51405 24611
35699 174
12654 15562 6881 50304 39351
25160 174
29680 174
38001 41095
39351 174 20562
1136 24785
513 174
12874 3303
52873 52720
8607
327782 327960
206356 50629
34177 174
28917 39821 174 47441
263702
33891 3320
5392 174
196621 15576
9304 174
56730 51945
15576 174 21232
1221 4637 4608
4608
47441
20562
43578 174
6461 7575 1299 7473
35266 3257
6667 174
23106 52320
34019
25091
1239 4637 1299
3257 60501 13237 1299
4844 37989 7473
35054 3303
198290 174
13101 34549 29208
1299 8943 50304 12956 7018 701 174 14061 15547 2914 6453 29208 6939
1764 35369 174 1853
198385 174 202194
40191 174 395766
1916 174
29551 25220
51395 59891 174
12859 50304 30132
38930 8283 174
39821
21232
51945 174
7473
1251 52888 20080
174 29691 12779 16245 24785 37271 12637 51185 8218 50629 24482 3303 19151 25512 6661 20764 12389 1836 12350 50877 553 64463 50300 37468 41497 8758 14007 15435 29140 49463 34288 174 39122 16735 7738 31742 52320 48526 58299 13760 6730
6939 1280
8943 8943 50763
2895
16735 22548 262757 266534
31742
4777 2497
8222 3320
59414 13030
14061
3320 2914 47147
12779
35369
58299
13760
263321 28329
29691 198249 57118
553
59689 8218
60501
12637
266534
395152 14007
52720
29208 41095 2914 57111 15685 6881
16347 8218
25227 12389
20764 41722
8426 6453
20080
9002
50877
2914 28329 15562 286
50304 30844 57381
4637
286
50763
8455
25220
202194
25152 19151
25933
49463
7738
29504
7018
15562
52888
5511
6881 15685 25512
198249
24611 6661
701 2497
59891
50629
47147
5396
48526
13237
57821 12586
12956 28220
16245
24785 24785
34549
37271
41095
51185
37468 37239
6893 2613 6730
3303
28220 28220
37239
19151
30132
327960
8283
8218
12389
262757
15547
395766
6453
8758
64463
50300
28329
41497
13030
1853
12586
24482
57118
22548
57381
12350
7575
34288
30844
14007
15685
25512
39122
52863 52320
2497
37989
41722
15435
1280
29140
57111
2613
52320
1836
6661
6730
