#src/zombie.py
# GMT Mon Oct  1 04:28:19 2018
# 
52873 18881 52720
1916 174
22548 16735
14061 1299
7018 174
34781 13030
8447 3320 6720
53070 10429
37239 4809
29075 58308 174 50620
5396 3257
6453 174
701 4134 3356 2497 4230 702 174 1280
8468 3549
25220 3320
3252 702
48039 8596 3320
16735 12956 28138
57821 12586
3491 174 12389
24785 1136 174 24785
35054 3303
35699 174
2895 29076
29691 57118 15576
3356 41095 3320 3549 51185 8426 34177 50300 1299 29222 174 19151 2914 3303 8422 12956 8607
51405 24611
1853 1764
28917 39821 8359
4777 2497
13030 51395 1299 1836 58299
9189 8422
1764 3320
19151 174 8359 286 25152
8220 3320 15547
1239 4637 174
12956 47872 174 18881 10429 28220
52720
12859 286 30132 3257
5511 30781 174 48526
6939 12654 30844 25152
50300 5580 31463
5580 3257
15435 3257
37271 4809 327995
24482 174
24611 6661
4230 262757
52863 4809
198385 202194 41562
8426
12874 3303 15605
327995
59689 30781
12350 174
15547
29680 3257
3333 1136
20080 2914
5392 174
25933 6762
31463 56730
263321 263584 7738
1103 3257
29076 12389
58299
2613 6893
262317 10429
31424 33891
42708 57381 50304 1299
513 3320
57118
50763 8943
41562 15576
12779 174
30132
41095
2914 7575 174 9002 14361 8943
553 33891
7738 3320
1299 8732 174 20932 1273 62567
8607
198249 15576
8732 20764
2497
263584
4637 1221
6762 28329 6762 174
4608 1221
15576 196621 3303 34288 8758
14361
62567
25160 174
12389
8943
47872
30844
262757
34288
56730
7575
30781
3320 3320 8222 4809 33891 3303 13193 6661
59891 51395
8455 3257
34177
1836
6893 25091
680 174
13002 20764 25091
8758 20612
8359
8422
20764 174
1221
49463 13193
286 174
6461 174 8218
28220
34019 3303
12637 3257
39821
41497 3257
25152 3257 12654
18881
1273 6667
8222
6720
4589 3257
9304 3257
33891
202194
48526
13193
50304
20932
3549 16397
51185
16397 263075
4134 4809
13237 3257
49605 3257
29140 3257
8596
6661 174 198290
28329
9002
12586 3257
22652 3257
57381
174 3257 64396 174 16347 29608 38930
29686 3257
702
29608
198290
28138
38930 8283
15605
8218
51395
263075
3257 31122
1136
6667
4809
29222
10429
196621
12654
64396
20612
16347
58308
31122
50620
8283
25091
3303
1280
