#src/zombie.py
# GMT Mon Oct  1 05:14:53 2018
# 
52873 18881 52720
1916 52888 2914
22548 16735
14061 2914
7018 1299
34781 13030
198545 29152 174
59891 51395
53070 10429
37239 36937
29075 174 50620
5396 3356
6453 36937 1299
701 2497 6762 702 1280 1299 23148
8468 5413
3252 702
48039 12586 8596
29551 31025 25220
16735 52320 28138 12956
57821 12586
3491 12389 2914
30844 5413
35054 3303
35699 2914
2895 29076
29691 57118 15576
3356 3549 51185 3303 25220 2914 1299
51405 24611
52888
1853 6720 1764
263321 263584 7738
4777 2497
6830 513 6830 5413
13030 5413 51395 1836 58299
9189 8422
1764 2914
19151 174
8220 25220 15547
1239 7738 2914
12956 28220 10429 18881 6695 1299 6762
52720
12859 25220 30132
262589 28329 174
29152 58308
50763 8943
15435 174
6695 31025
8222 3320
24611 6661
43531 24482 5413
64396 174
12874 3303 15605
327995 37271
59689 30781
12350 174
15547
2613 6893
29680 8928
3333 1136
20080 2914
5392 174
25933 26615
31463 56730 21396
28917 39821 8359
1103 3257
29076 12389
20562 5413
58299
198385 202194 41562
262317 10429
31424 33891
42708 57381 50304 5413
513
57118
4637 1221 5413
4589 2914
41562 15576
30132
41095 5413
2914 47872 5413 7575 25160 3257 12654 25220 1299 6661 12637 30781 3320 9002 8455 34177 174 29686 16347 29140 37271 14361 62567
553 680
7738
1299 3257 8732 4134 6762 174 25220
8607 5413
198249 15576
1136 286
2497
263584
31025 31400 13101 31122
8928 5413
26615 6762 16397 26615
29222 3303
15576 196621 3303 34288 8758
14361
62567
2828 52320 5413
25160
12389
8943 5413
47872
34288
56730
7575
30781
3320 8422 680 13237 3303 33891 8218
8455
34177
1836
6893 25091
680 174 680 12654
8426 5413
13002 20764 25091
8758 20612
8359 5413
8422
20764 8732
1221 4608
5413 12654 6667 49605 21396 50300 16265
49463 8218
286 6762 174
13101 12586
16265 38930
25220 12654
28220
23148 25152
34019 3303
12637
31400 12586
39821
41497 174
25152
18881
50300
24482
6720
9304 174
36937
33891
202194
48526 3303
4608
50304
20932 174
3549
51185
52320
16397 263075
4134 4809
13237
49605
29140
8596
21396
6661 198290
28329
9002
12586
22652 3257
57381
174 174 29608 12779 6762
29686
702
29608
198290
28138
38930 8283
15605
8218
51395
263075
3257
8732
6667
4809 37271
6762 12654
10429
196621
12654
37271
20612
12779
16347
58308
31122
50620
8283
25091
3303
1280
