#src/zombie.py
# GMT Mon Oct  1 05:04:23 2018
# 
37468 6453
50620 174
2857 8365
8447 6720 2914
264911 6939
57821 12586
62567 6453
174 6762 64396 3356 25512 12956 6453 19151 286 3257 1239 3303 20932 2914 7018 1299 1280 25160 16347 5511 29075 6461 1273 6830
286 1103
12874 3356 15605
198249 15576
28917 1299
22652 3356
52863 6762
56730 31463
61157 25074 1299
2914 3356 4844 8365 12956 20080 7575 19151 2497 6939 6661 12654 1916
20485 13002 1299
15435 1299
8455 1299
12859 6939
1280
513 6830
37497 6939
20080
29691 57118 15576
31463 21396 50300
25512 6881
15547 1299
1257 3333 1239
16347
41497 3257
50300
12586 20676
8218 6461
16735 262757 3549 6939
2497
12779 3257
5539 33891 8763
8607 6939
6830 6830
51395 3257 59891
13002 25091
3356 3549 8732 8426 29608 30781
37271 37239 1299
4844 37989
8763
49463 13193
6661 198290
43531 8596 6939
25074 9189
42708 1299 50304
3257 29636 4589 29140 9304 31122 12637
47872 44217
6881
202032 6939
44217 1299
50304 57381
8596
48526 5511
18881 52873 12956
12637
15576 8220 196621
34019 3303
34288 9002
15605
37989
12307 57118
58299 6939
23106 10429
5511
1103
50763 8943
48166 9002
57118
38930 1299 8283
1251 28571 1916
680 1299
22548 3549
198290
31424 6939
1273 6667 1299 25152
30781 59689
7575
64396
1836 20612 13030
49605 9002
13030 35369 1299
8758 6939
12956 10429
20612
8283
14061 1299
3333
8732 20764
41722 9002
8928 29680 6939
3549
9189
263075 6939
21396 6762
13193 1299
20932
37640 6939
263651 6939
52720 52873
20676 6939
59689
25160
262317 6939
4589
29686 6453
9304
51405 6939
8220 6939
29636
29075 198385 1299
1916
6939 5396 263152 19151 30844 24482 9002 33891 25220 12654
25220
29608
41617 9002
5396
53070 10429
6762
6893 25091 2613
25091
59891
2613
263152
198385 202194
57381
19151 12654
29680
25152
53067 10429
1299 8943
1239
196621
28571
29140
6720
30844
202194
7018
6667
24482
8426
8365
9002
6453
262757
31122
35369
8943
6461
33891 553
553
20764
3303
52873
12654
37239
10429
