#src/zombie.py
# GMT Mon Oct  1 04:04:44 2018
# 
1916 2914
22548 3549
14061 1299
2497 701 4777
7018 3356
34781 13030
4637 1221 1239
8447 3320 6720
12654 20764 47872 9002
53070 10429
49605 1299
37239 4809
553 680
24611 51405 6661
29075 58308 174
30844 6939
8220 3320 15547
4230 262757 9002
701 3356 1280 23148
8468 3549
25220 3320
263075 16397
20932 174
2613 25091
57381 50304
30781 5511 59689
3320 3356 13030 47872 3320 8222 33891 4809 29222 1764 3303 13193
16735 28138 12956 2914
59891 51395
8455 1299
57821 12586
8943 1299 50763
1836 13030
50300 31463 174 2914
35054 3549
680 174
16347 2914
3252 20764
174 3356 29680 50620 24482 174 64396 25160 12779 9304 6730 19151 12350 38930 35699 29140 6661
13002 20764 25091
8607 2914
8758 20612 196621 15576
2895 20764
48526 5511
8422 9189 1299
20764 8732 3356 39821 28917 3216 20562 6661
51405
1853 1764
263321 263584 7738
4777
1221 4608
1103 286
49463 13193
39821
25160
286 1136 3356
13101 3216 12586
1764
19151
6453 3356 7738 9002 6453 8426 29608 12956 29686
6461 7575 3356 8218
28220 3549
1239 3356
12956 47872 10429
23148 25152
34019 3303
13030 1299 58299
38930 8283
52720 3549
25152
12859 30132 9002
35699
8222
6720
4589 2914
9304
5511 3356
9189
6939 3356 51395
202194 198385
29691 15576
41095 3356
1273 6667 1299
15435 1299
37271 4809 327995
24482
13193
50304 42708
47872 3549 2914
262757
52863 4809
3549 25933 3356 16397
8426
16397
3491 3356
15547
13237 1299
31424 33891
29140
59689
12350
51395
8596 48039
34288 15576
6661 198290
3216 3216
28917
29680
7738
9002 3356 2914
12586 48039
20080 2914
56730 31463
25933
58308
31463
33891
6730 513 6730
29686
58299
29608
198290
28138
20562
8218
7575
262317 10429
327995
42708 1299
48039
513
57118 196621
50763
41562 198385 15576
3257 3356 31122
12779
8732 1299
6667
4809 1299
29222
10429
3356 1299 6762 2914
2914 34177 14361 1299
196621 15576
64396
20612
1299 62567
34177
198249 15576
1136 3333
3303 15576
263584
31122
50620
198385
3333
8283
25091
6762
4608
15576
30132
1280
14361
62567
