#src/zombie.py
# GMT Mon Oct  1 05:22:13 2018
# 
52873 18881 52720
1916 2914
22548 16735
14061 2914
7018 174
34781 13030
20080 2914
53070 10429
37239 4809
29075 1299 50620
5396 3356
701 4134 2497 4230 702 174 1280 7738
8468 6453
6461 7575 174 8218
3252 702
16735 52320 28138
57821 12586
4589 2914
30844 2914
35054 3549
29467 197264 2914
6730 513 6730 1299
35699 2914
2895 3267
29691 57118 15576
3356 3356 41095 174 19151 3549 8426 6453 680
51405 24611
1853 6720 1764
263321 263584 7738
4777 2497
13030 51395 1299 1836 58299
9189 25074
1764 8218 8596 2914
19151 174 25152
6453 174 6453 29608
12956 18881 10429 28220 174
52720
12859 30132 2914
3216 20764 1273
6939 12654 25152
1273 1299
15435 3257
37271 4809 327995
8222 1299
47872 2914
4230 262757
52863 4809
198385 202194 41562
8426
3491 174
12874 15605 1299
327995
59689 58308 8218
52320 174
15547 1299
29680 3257
3333 1136
59891 51395
5392 3549
25933 3549
31463 56730 2914
58299
1103 3257
13237 3257
2613 6893
262317 10429
31424 3257
42708 50304 1299
513
57118
50763 8943
41562 15576
12779 3257
41095
2914 51185 25160 8943 25220 25074 8607 12637 29140 14361 9002 30781 8455 34177 25091 29686 50300 174 38930 62567
553 33891
7738
1299 20932 31122 3267 33891 174 28917 12350
8607
198249 15576
2497
263584
4637 1221 209
6762 28329 174
15576 3257 196621 8758
14361
62567
22652 3257
25160
34177
24611 3549
262757
34288 9002
56730
7575
30781 34019
8455
8943
1836
6893 25091
680
9044 20612 3257
13002 20764 25091
8758
48526 3257
20764
1221 4608
49463 8218
28917
286 1136 174
25220
28220
34019
12637
39821 9002
41497 3257
25152 12654
18881
50300
24482 174
6720
9304 174
33891
202194
4608
50304 57381
20932
3549 16397
51185
16397 263075
4134 4809
12350
49605 9002
29140
8596
28329
9002
12586 3257
209 174
25074
57381
174 64396 3257 29222
29686
702
29608
198290 197264
28138
38930 8283
15605
8218 16347
51395
263075
3257 6667
1136
6667
4809
29222
10429
196621
12654
64396
20612
16347
58308
31122
50620
197264 197264
8283
25091
3267
30132
1280
