#src/zombie.py
# GMT Mon Oct  1 04:30:56 2018
# 
52873 18881 52720
1916 52888 174
22548 16735
14061 1299
7018 701
34781 13030
8447 3320 6720
53070 10429
37239 4809
29075 174 50620
5396 3356
701 3356 2497 6461 12956 4134 286 6762 174 702 2914 6453 1280 701
8468 3549
6461 8218
3252 702
48039 8596 3320
37179 41095 327984
57821 12586
4589 2914
30844 6453
35054 3303
174 25160 12779 174 12350 19151 2914 52320 6661 12637 29680 41497 31122 24482 262589 64396 1836 5392 9304 680 6730 29140 35699
35699
2895 29076
29691 57118 15576
3356 3356 2497 3549 51185 8426 9002 34177 3491 680 29608 15547
51405 24611
52888
1853 21320
28917 39821 8359
4777 2516
1103 286
39821
9189 8422
30132 12859
19151 25152
6453 2497 22652
12956 18881 10429 16735
263321 263584 7738
12859 2914 3333
262589 28329
5511 30781 48526 2914
50300 5580 31463
5580 3257
15435 1299
37271 4809 327995
8222 3320
24611 6661
52863 4809
198385 202194 41562
8426
3491
12874 3303 15605
327995
59689 58308 30781
52320 16735
15547
29680
3333
20485 2497 25227
20080 2914
5392
25933 26615
31463 56730
58299 13030
52720
29076 8359
13237 1299
2613 25091
262317 10429
31424 13030
42708 50304 1299
16735 3549 28138
513 6730
57118
50763 8943
41562 15576
12779
10026 7575 2497
41095 2497
2914 2497 47872 9002 8943 6762 29686 2914 38930 1299 8607 16347
553 680
7738 2497
1299 13030 20932 1273 8455 8732 12586 62567
8607
198249 15576
2497 3320 4637 12654 2603 3257 2516 14361 4837 8359 6661
263584
4637 1221
26615 6762 26615
34177
6762
4608 1221
15576 196621 3303 34288 8758
14361
62567
25160
263152 10429
47872
8943
34288
56730
7575
21320 2603
30781
3320 3303 25220 13193 8422
59891 51395
8455
2603
1836
4837 4809 4837
680
13002 20764 25091
8758 20612
8359
8422
20764 8732
327984
1221
49463 13193
286
25220
28220 3549
34019 3303
12637
13030 51395
41497
25152
18881
1273 6667
24482
64396
9304
202194
48526
13193
50304 57381
20932
3549
51185
4134 4809
12350
49605 9002
29140
8596
6661 198290
28329
9002
6720
12586
22652
57381
6730 6730
29686
702
29608
198290
28138
38930 8283
15605
2516
8218
51395
3257
8732
6667
4809
29222 3303
10429
196621
12654
20612
16347
58308
31122
50620
8283
25091
3303
1280
25227
