#src/zombie.py
# GMT Mon Oct  1 05:40:10 2018
# 
16685 22356 16685 4230
6762 30844 3356
6720 1853
22356 28634
15605 12874
29075 174
202032 6939
3333 12859
1103 3257
22381 53070 4809
20612 31424
4657 24482 38861
8167 7738 25933
3491 174 41095 28513
22652 3257
3356 8359 8426 701 25091 6453 4134 41095 12389 3257 3549 3320 9002 174 1299
29608 20764
680 1299
49605 3257
3549
4809 4134
29686 3257
4230 262757 28513
20932 1299
28634
37468 3257 52720 37239 174
53067 6939
47692 33891
8758 15576 196621
8896 174
37100 3257 327782
29222 3303
39392 3257 29504
51405 20764
12552 39351 1299
35699 174
12654 3252 41095 20764 41722
701 23148 2497 1280
8359 28917
38001 41095
198290 6661
29680 174
8220 3320 15547
14840 6939
513 6730
12874 3303
62240 136620 3257
8607 6939
327782 327960
39821 28917
264911 6939
34177 174
28917
136620 59891
33891 553 1299
5392 174
196621
9304 3257
56730 31463
15576 3257 29691 21232 198385 34288
1221 4637 4608
4608
20562 41095
43578 174
6461 174 7575
6667 3257
263152 6939
23106 52320
23148 25152
34019 6939
25091 6893
1239 4637 174
3257 1764 5396 41497 12586 37271 12637 15435 29140 7473 29208 174 31424 29551 28513 12779 31742 3252 8455 7738 52320 48526 11404 13237 31463
30781 2914 59689
3252 174
35054 3303
39351
1299 16735 14061 13030 8943 42708 1299
1764 35369 1853
198385 202194
1916 2914
29551 25220
31463
12859 41095 30132
28929 6939
53070
21232
7473 64050
1251 52888 20080
174 12956 37497 2914 51185 20764 19151 12350 7018 25160 1273 8218 3320 50300 50877 5400 286 13760 6661 64463 6730
6939 262317 20764 57111 37640 263075 58299 45896 263508
8943 50763
2895 41722
16735
31742
13237
8222 3320
59414 13030
14061
3320 47147 3303
12779
5400 2110
58299
13760
25160
29691 198249
553
59689
37497
12637
262317
395152 63297
263075
52720
25220
16347 8218
25227 12389
45896
20764 3216 41722
8426
20080 2914
9002
50877
2914 15562
50304 42708 57381
42708
4637 38861
286
50763
63297 11404
8455 8283
202194
25152
25933
49463 8218
7738
29504
7018
15562
52888
6881 29208
198249
3216 41722 1273
1273 41095
59891
4134
47147
37640
5396
48526
4777 2497
57821 12586
12956 28220
38861
37271
41095 3303
51185
31424
6893 2613
3303
28220
37239
24482
30132
327960
6661
8218
12389
262757
15547
2110 39122
6453
64463
50300
41497
13030 1836
1853
64050
12586
29208
19151
57381
12350
7575
34288
30844
35369
39122
52863 52320
2497
41722
15435
1280
29140
57111
2613
263508
52320
1836
11404
28513
8283
6730 6730
