#src/zombie.py
# GMT Mon Oct  1 05:52:30 2018
# 
1916 174
25512 6881 1299
7018 174
34781 13030
8447 6939 6720
30844 6939
25160 174
263152 6939
14061 1299
37989 4844
1836 13030 20612 174
5396 6939
8220 50304 15576
701 2497 174
56730 31463
20932 42708
2613 6893
48039 31025 8596
30781 29608 59689
3320 3303 1299
16735 1299
59891 6939
8455 13030
3549 3356 52720
57821 12586
8943 1299 50763
8763 5539
50300 5580 31463
6893 25091
680 553 680 174
16347 42708
8426 6695
35369 13030
13002 20764 25091
15685 6881 29208 6939
48526 5511
29636 174
3356 5511 6939 174 29608 37271 22652
263651 6939
52888 1251
1853 2607
28917 6939
6830 513 6830 1299
1103 3257
49463 13193
53070 10429
286 42708
34288 13030
202032 6939
19151 174
2607 29208
6453 1299
25220 6939
37239 6939
4844 2914
12956 6939 10429
23148 6939 25152
52720
13030 29691 1299
41497 6939
25152
12859 6939 3333
1273 6667 1299
24482 4657
6720
9304 174
5511 174 1299 29608
31463
6939 50304 31424 52863 263075 1251 37640 29075 9189 8607 7575 264911 28329 51405 50620 12586 21385 20080 15547 44217 29686 29608 262317 3303 4657
202194 198385
29691
12654 50304 6881 29608
50763
5580 3257
29075
37271
29208 9002 8218
8928 1299
13193 1299
6695 42708
50304 174 42708
47872 44217
52863
20764 8732
64396 174
3333
12874 3303 15605
34019 3303
49605 9002
29140 174
59689
8596
15547
6661 198290 42708
4657
264911
28329
29680 174
9002
12586
20080
22652
57381 42708
263075
44217
9189
174 3257 12779 2914 1299 198385 174 58299 1280
29686
58299
29608 43100
1251 28571
198290
38930 8283 1299
15605
8218
7575
262317
31424
42708 31122 2857 31025 1299
5539 21385
513
57118 196621
4589 2914
3257
12779
8732 1299
6667
37640
10429
196621 15576
2914 1299
553
15435 1299
20612
1299 6762 62567
8607
198249 15576
2497
6881
51405
31122
50620
31025
198385
21385
8283
25091
43100
6762
28571
15576 3303
3303
1280
2857
62567
