#src/zombie.py
# GMT Mon Oct  1 05:19:34 2018
# 
37468 174
50620 174
2857 174
12989 22548 16735
37640 6939
22548
264911 6939
57821 12586
62567 2914
174 64396 1836 37271 174 49463 52320 19151 29140 29608 198385 20932 12637 6667 1299 25160 1280 6730 12779 9304 25512 29636 29075 41497 50300 1916 31122 1764
58299 6939
12874 3303 15605
198249 15576
28917 6939
22652 6939
198290 6661
56730 31463
41722 9002
2914 8455 1299 4844 4589 20080 6661 14061
8447 6720 3320
15435 6939
8455
12859 6939
1280
513 6730
37497 6939
20080
29691 57118 15576
31463 50300
25512 6881
15547 6939
1257 3333 1239
16347 8218
41497
50300
12586 20676
8218 6461 59689
16735 3549 4809 12956
2497 701
12779
5539 33891 8763
8607 6939
6830 6939 59414
7018 1299
3356 3549 37271 8426 44217 6939
37271 37239
4844 37989
8763
49463
6661
43531 8596 6939
25074 9189 6939
3257 1299
47872 44217
6881
52863 4809
44217
50304 42708
8596
48526 13030
18881 52873 12956
12637
15576 8220 196621
34019 3303
34288 9002
1916
37989
12307 57118
286 1299 1103
23106 52320
1103
50763 8943
48166 9002
29608
57118
38930 1299 8283
1251 28571 6939
52320
42708 1299 57381
28571
31424 6939
9002 49605 6939 41617
7575 6461
64396
6762 1299
1836 20612
49605
13030 1299 12654
8758 6939
12956 1299 10429 6939
20612
8283
14061
3333
8732 20764 1299
8928 29680 6939
3549
9189
263075 6939
52873 52720
20932
59414
263651 6939
1764 35369
52720
20676 6939
59689
25160
262317 6939
4589
29686 6939
9304
51405 6939
8220 6939
29636
29075
23148 701 25152
3320 3303 1299 6939
6939 263152 25220 30844 1299 24482 262757 59891 33891 680 53067 202032 12654 5396
25220
202032
41617
5396
53070 10429
701 1299
6893 25091 2613
25091 13002
59891
2613
263152
198385 202194
553 33891
25152
29680
15605
53067
1299 8943 6453 6461 1239 1273
1239
196621
29140
6720
30844
202194
13002 20764
6667
24482
8426
1273
6730 6730
680
6453
262757
31122
35369
8943
6461
33891
57381
20764
3303
19151
4809
12654
37239
10429
