#src/zombie.py
# GMT Mon Oct  1 08:30:59 2018
# 
44217 47872 3356
4844 2914 37989
680 3356
42708 50304 1299
1273 1299
1103 3257
29140 174
7575 2914
29686 6453
12859 9002
49463 13193
28329 3549
8758 6939
20932 174
41617 31261
37271 6939 37239
16347 8218
20080 2914
12779 174
8943 1299 50763
15576 196621 6772
18881 12956 52873
15547 3356
30781 59689 3356
62567 6453
30844 9002
37239
5539 8763 21385
6661 2914 198290
41722 20764
28917 6939
9002 43100 20562 3356 12654
15605 12874
37640 6939
28571 1251
4589 3257
20612 1836
16735 12989 174
24482 6939
8607 2914 6939 21396 12654
53067 6939
202032 6939
12654 2914 6939
31122 3257
263651 6939
22652 6939
49605 3356
20562 24785
553 174
57381 50304
6720 1853
29075 198385 174
51405 6939
29608 174
58299 13030
15435 174
198385
198290
1916 1251 174
286 1299
52873 52720
52720
1280 174
37989
25160 174
25074 3356 9189
34288 13030
43100
6881 25512
8426 6939
1836 13030
12874 3303
513 6830
1853 21320
6830 1299 6830
12637 174
8732 3356 20764
19151 25152 174
1251
53070 10429
25512 174
6453 1299
12586 3320 57821
1299 2914 6762 3356 24785 3257 174 6939 12956 7018 3320 6461
25152
6667 174
31261 31133
4230 174 262757
59891 6939
1764 8596 174
31463 56730 21396
10026 174 8928
34781 13030
3257 3356
37468 174
196621
8596
50300 174
12956 10429 3356
2613 6893
701 2497 3356
25091 6893 13002
35369 13030
1239 1257 3356
1257 3333
198249 13030
50620 174
6762 52863
6893
263152 6939
20764 13002
6772 13030
13002
47872
50304
25220 3320
13193 3320
23106 52320
21320 174
29680 174
31424 6939
3333
5396 6939
22548 12989
64396 174
21396
8218 6461
262317 6939
29636 174
8763
57821
12989
263075 6939
52863
202194 13030
48526 3356
3356 2914 174 6939 3549
174 174 9304 41497 2857 52320
31133 6939
6939 21385 37497 13030
8455 8283 13030
21385
9189
3549
37497
50763
3320 2914 3303
8928
34019 3303
56730
2914 14061 6461
8283
264911 10429
2497
3303
262757
14061
59689
41497
24785
52320
6461
2857
7018
10429
9304
13030
