#src/zombie.py
# GMT Mon Oct  1 04:52:51 2018
# 
16685 22356 16685 4230
7018 174
6720 8447
15605 12874
29075 6453
202032 57111
3333 1136
1103 3257
22381 53070 12989
57866 8283 6453
29226 2895 12389
8167 7738 25933
31025 12586 29551 57111
3491 174 41095
22652 6453
3356 41095 3549 174 51185
29608 57111
680 1299
7545 24130 6453
49605 12654 20562 57111
3549 52873 5392 9304
29686 6453
4230 262757 6453
6939 24785 25152 30844 1280 1299
20932 57111
31424 13030
47692 6453
8758 15576 196621
8896 50304
37100 327782 6453
29222 3303
39392 33891 29504
51405 57111
35699 2914
12654 12779 57111
1273 6667 1299
38001 41095
39351 42708
1136 24785
8220 6453 15547 29680 57111
513 6830
12874 3303
52873
62240 136620 6453
8607 2914
327782 327960
39821 28917
34177 57111
50300 57111
28917 1299
136620 59891
5392
196621
9304
56730 31463
6830 174 6830
15576 198385 6453
4608 24130
20562
198545 6453 29152
43578 1299
20612 1836
23106 52320
25091 6893 57111
6893 2613
3257 31742 29140 12637 174
30781 5511 59689
3252 57111
35054 3303
198290 6661
1299 33891 37468 8455 37497 15435 12350 7473 13030 174 25160 8732 8943 16735 13760 1299 47147 15685 52320 13237 5400 50304 42708
33891 553 57111
198385
29551 25220
31463 57111
12859 30132 57111
28929 57111
29680
53070
21232 13030
7473 64050
24130
1251 52888 20080
174 19151 12956 701 57111 3320 6762 2914 5511 6453 64463 286
286
8943 50763
2895
16735
31742
4777 2497
8222 3320
59414 13030 12307
13193 3320 49463
14061 6453
3320 3303
12779 2914 57111
5400 2110
58299 13030
13760
25160
12350
29691 13030
553
59689
37497
12637
62663 7738 6453
395152 14007
52720 37468
25220
16347 8218
25227 12389
20764 8732 41722
12389 6453
8426 6453
20080 6762
9002 2914
50877 57111
2914 1916 6762 15562 7575
50304 57381 57111
42708
50763
30132
202194 13030
25152
25933
49463
7738
29504
6762 12989 41497 5396
15562
52888
5511
6881 15685
198249 13030
8732
701 2497
59891
47147
5396
48526 6453
58308 29152
13237
57821 12586
12956 28220
24785 24785
1916
37271 6453
41095
51185
37468 37239 6453
852 6453 14007
22356 28634
3303
28220 28220
37239
19151
8455
327960
8283
8218 35369 57111
12307
6667
262757
15547
2110 39122
6453 24482 6453
64463
29152
41497
13030 34288 1836
64050
12586
24482
57381
28634
7575
34288
30844
14007
15685
35369
8447 57111
39122
2497
41722
15435
1280
29140
57111 6661
12989
2613
52320
1836
6661
