#src/zombie.py
# GMT Mon Oct  1 05:05:57 2018
# 
52873 18881 52720
1916 20080
22548 16735
14061 1299
7018 6830
34781 13030
59891 51395
559 20965 513
53070 10429
37239 4809
29075 58308 16347 1299 50620
5396 6762
701 2497 6830
8468 3549
25220 29551
3252 702
29551 1299
16735 12956 28138
57821 12586
3491 3356 28513 2603
30844 6939
35054 3303 43100 6730 202032 12654
174 12637 29680 3320 41497 64396 6830 35699 24482 12779
35699
2895 3267
29691 57118 15576
3356 3356 30781 3320 9002 51185 680 6830 3549 25160 34177 31463 41095 1764 19151 29608 8426 50300 14361 8607
51405 24611
1853 20965 6720
263321 263584 7738
7660 22388 2500 9270
4777 2500
6830 513 12956
13030 31424 51395 58299 1299 1836
9189 8422
30132 12859
202032
19151
6453 3320
12956 47872 10429 18881 3320 28220
52720
12859 2603
3216 20764 1273
6939 1299 7545
1273 6667 1299 48526 25152
15435 1299
37271 4809 327995
8222 1299
24611 6661
262757 4230
24489 24490 24489 9270
198385 202194 41562
6720
12874 3303 15605
327995
59689 30781
12350 1299
15547 1299
29680
3333 1136
20080 6762 11096
5392 3549
25933 3549
31463 56730
58299
1103 3257
20562 2603
24130 4608 7545
2613 6893
262317 10429
31424
42708 50304 1299
513 20965 21320 3320 12654 513 6730
57118
50763 8943
41562 15576
12779
41095
2914 3320
553 680
7738 1299
1299 20932 8943 13237 4809 49605 3320 2603 24785 13193 1280 38930 8455 62567 8422
8607
198249 15576
2497
263584
7545
26615 6762 16397
34177
29222 3303
4608
15576 196621 3303 34288 8758
14361
62567
22652 3257
25160
8943
47872
24785 1136 24785
4230 28513
34288
56730
52863 4809
7575 24490
21320 2603 6661
30781
3320 3257 4134 286 6762 702 3303 6461
8455
2603 3267 13101 8359
1836
6893 25091
680
11096 11537
8426
13002 20764 25091
8758 20612
8359 28917
9270 9270
20965 11537
20764
28513
49463 13193
28917 39821
286
13101 12586
6461 8218
28220
34019 3303
12637
39821
41497
25152
18881
50300
24482
64396
4589 3257
9304 3549
202194
48526
8422
13193
50304 57381
20932
3549
51185
16397 263075
4134 4809
13237
49605
29140 3257
11537 22388
8596 8596 1764
6661 198290
28329 6762
24490
9002
12586
3303
3267
57381
6730 6730
29686 3257
702
29608
198290
28138
38930 8283
15605
8218
51395
2500 2500
263075
3257 31122
1136
6667
4809
6762
10429
196621
12654
20612
16347
58308
31122
50620
22388
8283
25091
43100
1764
1280
