#src/zombie.py
# GMT Mon Oct  1 05:44:32 2018
# 
52873 18881 52720
1916 2914
22548 16735
14061 1299
7018 3320
34781 13030
8447 6720 1299
53070 10429
37239 4809
29075 58308 16347 174 1299 50620
5396 3356
701 4134 6830 2497 702
8468 3549
3252 702
48039 8596 174
29551 25220 1299
16735 52320 12956 28138
57821 12586
3491 3356
24785 1136 1299 24785
35054 43100 6730 202032 58299 12654 3303
174 12637 29680 3320 41497 6830 174 64396 25160 12779 29140 8218 35699 24482 6661
35699
2895 3267
29691 57118 15576
3356 3356 41095 47872 1853 19151 3549 51185 8426 6830 9002 34177 31463 30781 29608 3320 50300 680 8359 8607
51405 24611
1853
263321 263584 7738
7660 24287 2907
4777 2497
6830 2914 513 12956
13030 31424 51395 1299 1836
9189 8422
30132 12859
202032
19151
8943 1299 50763
6453 3320 29686
1239 4637 3320
12956 18881 10429
52720
12859 2603
24287 24490
53067 10429
6939 1299 25152
50300
15435 1299
37271 4809 327995 2603
8222 1299
2907 11537
24611 6661
4230 28513 262757
52863 4809
198385 202194 41562
8426
12874 3303 15605
31424
59689 30781
52320 1299
15547 1299
29680
3333 1136
20080 6762
5392 3549
25933 3549
31463 56730
43100
28917 39821 8359
1103 11537
13237 1299
20562 2603
58299
2613 6893
327995
42708 50304 1299
513 20965 21320 3320 12654 513 6730
57118
4637 1221
41562 15576
12779
41095
2914 3320 14361 28513 4589
553 680
7738 3320
1299 20932 12350 8732 49605 13193 3320 31122 1273 8455 3267 62567 1280 38930 48526 8422
8607
198249 15576
1136
2497
263584
26615 6762 16397
6762 28329 28220 3320
4608 1221
15576 196621 3303 34288 8758
14361
62567
25160
34177
47872
30844 21320
262757
34288
56730
7575 24490
21320 2603
30781
3320 3257 286 4809 3303
59891 51395
8455
2603 13101
1836
6893 25091
680
13002 20764 25091
8758 20612
8359
8422
20965 11537
20764 8732
1221
28513
49463 13193
286
13101 12586
25220
28220
34019 3303
12637
39821
41497
25152
18881
1273 6667
24482
6720
4589
9304 3549
202194
48526
13193
50304 57381
20932
50763
3549
51185
16397 263075
4134 4809
12350
49605
29140
11537
24490 24490
6661 198290
28329
8596
9002
12586
22652 3257
57381
6730 6730
29686
702
29608
198290
28138
38930 8283
15605
8218
51395
263075
3257
8732
6667
4809
29222 3303
10429
196621
12654
64396
20612
16347
58308
31122
50620
8283
25091
3267
3303
1280
