#src/zombie.py
# GMT Mon Oct  1 04:12:35 2018
# 
52873 18881 52720
1916 52888 174
22548 16735
14061 1299
7018 3356
34781 13030
8447 3320 6720
53070 10429
37239 4809
29075 58308 1299 50620
5396 3356
6453 3356
701 2497 702 2914 1280 7738 23148
8468 3549
25220 3320
3252 702
48039 8596 3320
16735 1299 28138
57821 12586
3491 174 12389
24785 1136 41095 24785
35054 3356
174 12637 3356 28917 29680 41497 64396 24482 34177 25160 9304 16347 29140 19151 174 5392 35699 1299 12779 6661
35699
2895 29076
29691 57118 15576
3356 3356 3549 51185 8426 3257 286 41095 19151 2914 6461 12956 6762 8607 3320 9002 50300 209 5511 680 29608 14361
51405 24611
52888
1853 1764
263321 263584 7738
4777 2497
13030 51395 1299 1836 58299
9189 8422
1764 3320
19151 12654
8943 1299 50763
8220 3320 15547
12956 18881 28220 10429
52720
12859 30132 9002
262589 28329 1299
5511 30781 48526
6939 47872 1299 30844 12654
37100 1299 327984
50300
15435 1299
37271 4809 327995
8222 3320
24611 6661
64396
12874 3303 15605
327995
59689 30781
12350 1299
15547
2613 6893
29680
3333 1136
20080 2914
5392
25933 26615
51945 56730 1299
28917 39821 1299
1103 286
29076 12389
20562 9002
58299
198385 202194 41562
262317 10429
31424 33891
42708 57381 50304 1299
513 3320
57118
50763
41562 15576
12779
30132
41095 13002
2914 7575 29686 9002
553 33891
7738
1299 20932 6730 8732 13237 31122 1273 8455 22652 38930 12586 62567 8422
8607
198249 15576
8732 20764
2497
263584
4637 1221 3561
26615 6762 26615
29222 3303
4608 1221
15576 196621 3303 34288 8758
14361
62567
22652
25160
12389
4589 3257
47872
30844
34288
56730
7575
30781
3320 3320 4809 33891 3303 13193 6661
59891 51395
3561 209
8455
34177
1836
6893 6730
680
8426
13002 25091
8758 20612
48526
8422
20764
327984
1221
49463 13193
286
6461 8218
28220
23148 25152
34019 3303
12637
39821
41497
25152
18881
1273 6667
24482
6720
9304
33891
202194
13193
50304
20932
3549
51185
13237
49605 9002
29140
8596
6661 198290
28329
9002 12654
12586
209
57381
6730
29686
702
29608
198290
28138
38930 8283
15605
8218
51395
3257
1136
6667
4809
6762
10429
196621
12654 12654
20612
16347
58308
31122
50620
8283
25091
3303
1280
