#src/zombie.py
# GMT Mon Oct  1 04:34:13 2018
# 
37468 174
50620 174
2857 174
12989 22548 6939
264911 4809
57821 12586
62567 6453
174 6762 64396 29680 25512 19151 174 198290 29140 48526 12637 1836 6667 15435 1299 24482 1280 48039 513 20932 10026 9304 29075 41497 50300 20764 15576 12779
286 1299 1103
12874 3303 15605
198249 13030
28917 6939
22652 6939
8359 3356 41617
198290
41722 20485
2914 1299 4844 4589 20080 9002 2497
8447 6720 3320
20485 13002 1299
15435
8455 13030
12859 6939
1280
513
37497 6939
20080
16347 8218
25512 6881
15547 6939
1257 3333 1239
41497
50300
12586 6939
8218 35369 49463 6461 59689
16735 6762 262757 28329 4809 6939 14840 1299 52873 3303 1916
2497
12779
5539 8763 6939
38930 8283 16265
262757
3356 3549 44217 6939
14840
37271 37239 6939
4844 37989
8763
34288 15576
49463
16265 6939
42708 1299 50304 57381
3257 1299
47872 44217
6881
202032 6939
44217
262317 4809
8596 48039
48526
12637
15576 196621
34019 3303
1916 1251
37989
50304
58299 6939
23106 10429
1103
50763 8943
34781 13030
28329 12654 3549
20612 1836
15605
1251 28571
22548
28571
31424 6939
9002
7575 6461
64396
1836 13030
49605 6939
13030 1299
8758 6939
12956 1299 10429
8283
14061 1299
3333
8928 10026
3549
9189 6939
263075 6939
20932
37640 6939
263651 6939
59689
29608 6939
29686 6939
9304
51405 6939
29075 198385
3320 3303 1299
6939 6762 25220 59891 30844 1299 8426 53070 5396
25220
52863 12654 4809
41617
5396
4809 53067
6762 1299
6893 25091 2613
25091 13002
59891
2613
10026
198385 202194
553 680
25152 19151
29680
19151
20764
1299 8943 680 6453 6461 1239 1273
1239
196621
53067
29140
6720
30844
202194
13002
6667
24482
48039
1273
680
8426
6453
52720 52873
35369
8943
6461
53070
57381
4589
3303
52873
12654
37239
10429
