#src/zombie.py
# GMT Mon Oct  1 05:02:00 2018
# 
1916 52888 2914
14061 1299
7018 174
34781 13030
8447 6939 6720
12654 286 13030 680 2914 9002 6939
25160 174
263152 6939
37989 4844
30844 6939
5396 6939
701 3356 1280 2497
6461 7575 1299 8218
20932 174
2613 6893
48039 31025 8596
3320 6453 3303 8422
16735 52320
59891 51395
12713 1273 47872
8455 13030 8283
3549 3356 52720
57821 12586
8943 1299 50763
8763 5539
6893 25091
680 553 3356 680 174
8426 13030
37239 6939
35369 13030
13002 20764 25091
16347 8218
8758 6939
48526 5511
8422 9189
20764 8732
263651 6939
52888
1853 1764
28917 1299
6830 513 6830 1299
29608 13030
49463 8218
53070 12989
286 31025 174 1103
6881 15685
1764 8218
202032 6939
19151 174 25152
6453 3303 29686 9002 174 1299 62567
25220 2914
6772 13030 15576
4844 2914
34019 3303
13030 198249 51395 1836 15547 58299 34288 1299 29691
29636 174
41497 174
25152
12859 9002
50300 31463 174
24482 174
6720
9304 174
5511 2914
6939 3356 31424 52863 263075 51405 37640 21396 8607 264911 28329 29208 262317 12989
202194 198385
29691
1273 1299 5539
29075 174
52720
12989
29208 15685
8928 10026
15685
50304 174
47872
52863
3356 174 3257 9002 37271 2914 1299
64396 174
51405
34288
12874 3303 15605
15547
49605 9002
29140 174
59689 8218
52320 1299
51395
20676 12586 1299
21396 31463
264911
28329
8596
9002 43100 2914
31424
12586
20080 1251 2914
22652 3257
56730 31463
57381 42708
263075
31463
9189
174 198385 3257 12779 6667 6762 2914 1299 29680 31122 50620 174 198290 2857
29686
58299
1103 3333
1251 28571
198290
15605
8218
7575
262317
1836 20612
42708 1299
5539
513
57118 196621
50763
4589 2914
3257
12779
8732 1299
6667
10026 1299
37640
196621 15576
2914 1299
553
15435 1299
20612
1299
8607
198249
2497
37271
29680
31122
50620
31025
198385
3333
8283
25091
43100
6762
28571
15576
3303
1280
2857
62567
