#src/zombie.py
# GMT Mon Oct  1 06:19:48 2018
# 
52873 18881 52720
1916 2914
22548 3549
14061 1299
7018 1299
34781 13030
8447 3320 6720
53070 10429
37239 4809
29075 6453 58308 174 50620
5396 3356
6453 29686 7738 24785 7545 22652 24482 38930 1299 62567 5392
701 4134 2497 4230 702 174 1280
8468 3549
25220 3320
3252 702
48039 12586 8596
16735 52320 28138 12956
57821 12586
4589 3257
30844 12779
35054 3303
174 20764 20932 3356 25160 3257 12779 6762 19151 2914 12350 1299 29680 41497 50300 64396 3491 1836 680 174 58299 29140 35699 48526
35699
2895 49605
29691 57118 15576
3356 47872 41095 3549 51185 8426 9002 34177 12956 49605 8359 2914 3303 1299 6762
51405 24611
1853 1764
263321 263584 7738
4777 2497
13030 31424 51395 1299
9189 8422
30132 12859
202032 49605
19151
8220 3320 15547
12956 18881 10429
52720
12859 49605 12779
53067 10429
50300 31463 2914
15435 1299
37271 4809 327995
24482
24611 6661
4230 262757
52863 4809
198385 202194 41562
8426
3491
12874 3303 15605
327995
59689 8218
12350
15547
3216 20764 1273
29680
3333 1136
20080 2914
5392
25933 3549
31463 56730
58299
1103 3257
13237 3257
20562 49605
24130 4608 7545
7575 6461
31424
42708 57381 50304 1299
513 3320
57118
50763 8943
41562 15576
12779 3257 12654
41095
2914 4713 1299 8607
553 680
7738
1299 3320 286 1273 2828 209 3257 8943 49605 6461
8607
198249 15576
2497
263584
7545
6762 28329
4608
15576 196621 3303 34288 8758
14361 209
62567
2828 52320
25160
8943
47872
24785 1136 24785
262757
34288
56730
2613 6893
3320 3320 8222 6730 3257 1764 3303 8422 13193 6661
59891 51395
8455 3257
34177
1836
6893 6730
680
13002 20764 25091
8758 20612
48526
8422
20764
49463 13193
28917 8359
286
13101 12586 49605
6461 8218
28220 3549
34019 3303
12637 3257
39821 49605
41497
4713 25152
25152
18881
1273 6667
8222
64396
9304 3549
202194
8359
209
13193
50304
20932
3549 16397
51185
16397 263075
4134 4809
52320
49605 12654 3257 43100 29608 6661
29140
8596
6661 198290
28329
9002
6720
12586
3303 29222
22652
57381
6730
29686
702
29608
198290
28138
38930 8283
15605
8218 16347
51395
263075
3257 31122
1136
6667
4809
29222
10429
196621
12654
20612
16347
58308
31122
50620
8283
25091
43100
1764
1280
