#src/zombie.py
# GMT Mon Oct  1 06:36:11 2018
# 
52873 18881 52720
1916 2914
22548 16735
14061 2914
7018 174
34781 13030
8447 3320 6720
9189 8422
37239 4809
29075 174 50620
5396 6762
6453 3356 6453 29608
701 3356 1280 174 2497 702
8468 3549
3252 702
48039 8596 3320
16735 262757 2914 52320 28138 1299
57821 12586
3491 174 12389
30844 6939
35054 3303
35699 2914
2895 29076
29691 57118 15576
3356 30781 3320 3549 8426 6939 34177 29152 41095 174 8359 19151 2914 8422 6762 8607
51405 24611
1853 1764
263321 263584 7738
4777 2497
13030 1299 1836 58299
53070 10429
30132 12859
45896 3549
8220 3320 15547
1239 4637 174
12956 18881 174 10429
52720
12859 3257 2914
29152 58308
50300 174
15435 1299
37271 4809 327995
24482 174
47872 2914
262757
52863 6762
198385 202194 41562
8426
12874 3303 15605
327995
59689 30781
12350 174
15547
29680 3257
3333 1136
59891 51395
5392 3549
25933 3549
31463 56730 2914
6939 51395 19151 12654 25152
58299
1103 286
29076 12389
13237 3257
2613 6893
31424 33891
42708 50304 1299
513 3320
57118
50763 8943
41562 15576
12779 174
41095
2914 12637 8455 9002 20080 8943 7575 174 29686 62567 16347
553 33891
7738 174
1299 8732 174 52320 1273 20932
8607
198249 15576
1136 286
2497
263584
4637 1221
34177
29222 3303
4608 1221
15576 196621 3303 34288 8758
14361 209
62567
25160 174
12389
4589 3257
24611 6661
34288
56730
7575
30781
3320 3320 8222 4809 33891 1764 3303 25220 13193 6661
8455
8943
1836
6893 25091
680 174
13002 20764 25091
8758 20612
48526 174
8422
20764 8732
1221
49463 13193
28917 39821 174 8359
286 174
20080
25220
28220 6762
12637
39821
41497 3257
25152 3257 19151 12654
18881
1273 6667
8222
64396 174
9304 3257
33891
202194
8359
209 174
13193 13193
50304 57381
20932
3549
51185 174
19151 174
52320
49605 9002
29140 174
8596
6661 174 198290
28329 6762
9002
6720
12586 3257
3303
22652 3257
57381
174 3257 6762 174 38930 8218
29686
702
29608
198290
28138
38930 8283
15605
8218
51395
3257 31122
8732
6667
4809
6762
10429
196621
12654
20612
16347
58308
31122
50620
8283
25091
1764
1280
