#src/zombie.py
# GMT Mon Oct  1 05:43:40 2018
# 
6762 8732 174
6720 8447
15605 12874
14907 6908
29075 15576 198385 174
12307 39540
3333 12859
1103 20965
57866 8283 1299
4657 38001 3491
3491 174
22652 3356
3356 15576 8426 3549 15547 1836 37271 8896 174 20676
29608 6453
680 20965
49605 3257
3549 16735 52873 263702
20495 8455
29686 6453
6939 16735 12956 53067 262317 513 21320 202032 8607 2613 37640 263075 264911 58299 263152 6939
20932 1299
8732 20764
37468 6453
53067
47692 33891
205206 16245
8896
11537 293 27750 20965
28634 22356
39392 174 29504
51405 24611
12654 513
1273 6667 1299
38001
39351 42708
29680 3257
2603 30844 21320 12859
559 553 20965
513 6830 513 293 174 21320 20965
12874 3303
52873
62240 136620 1299
8607
28571 1251
264911
20676 12586
28917 1299
263702
136620 136620 59891
196621 15576
9304 3257
56730 31463
6830 21232 174 59414
15576 29691 34288
6461 174 8218
20612 1836
263152
23106 10429
23148 25152 701
34019 3303
25091 2914
18881 12956 266534
1239 6908 174
20965 21320 24490
29636 2914
3257 29551 31122 41497 12779 31463 174
30781 2914 59689
4844 2914 37989
198290 2914
1299 8943 13030 16245 42708 37271 15435 14061 52320 50304 174 5400
33891 3320
198385 202194
29551 25220
50620 174
31463
12859
53070 10429
21232
1251 1916
174 19151 7018 5511 3303 25160 16735 701 31742 57111 3320 50877 2914 286 6453 64463
286
8943 50763
59891
16735 262757 263508
31742
39540 57118
1916 52888 27750
59414
14061
3320 3303 47147 8447
12779
5400 2110
58299
25160
29691 198249 57118
553 2857
59689
12637 2914
262317
266534
263075
29208 2914 15685
16347 2914
293
20764 41722
24490 24490 7575
8426
20080 2914
9002 2914
50877
2914 2497 29140 8455 1280 15562 49375 50300
50304
42708
50763
8455
25220
202194
25152
49463 8218
57821 12586
29504
7018
15562
52888
5511 48526
6881 15685
198249
31122
24611 6661
701
21320 6661
47147
37640
27750
48526
4777 2497
12956 10429
16245
6908
37271 37239
22356 27715
3303
49375
37239
19151
8283
8218
202032
6667
262757
15547
2110 39122
6453 24482 6453
64463
50300
41497
13030 35369
12586
24482
57118
7575
34288
30844
15685
35369
8447
39122
52863 52320
2497
37989
41722
15435
1280
29140
57111
2613
263508
52320
1836
10429 27715
2857
6661
27715
