#src/zombie.py
# GMT Mon Oct  1 04:36:00 2018
# 
52873 18881 52720
1916 27750
22548 16735
14061 1299
7018 3320
34781 13030
8447 6720 1299
559 553 513
12654 513 35054
53070 10429
49605 1299
37239 4809
27750 11537
47872 6762
29075 58308 16347 1299 50620
1836 13030
39326 51945 2603
34288 15576
8468 2603
56730 51945
34019 3320
52863 6762
2613 6893
21320 513 2603 30844 6661
7738 6453 263321
3320 3356 513 8222 4637 3257 12956 6762 174 3303 6453 1299 2914
16735 52320 262757 1299 28138
59891 51395
8455 1299
57821 12586
2603 3252 50304 37271 42708 12859 25160 513 3267 29140 29686 28917 13101 25220 20562 8607
30844
28138
6893 25091
35054 43100 6939 9002 12350 3303
680 20965
16347
3252
51945
13002 20764 25091
8607
8758 20612 15576
2895 3267
48526 1273
9270 24489 7660 9270
20965 11537 513
3356 50300 6830 29608 3549
51405 24611
1853 1764
2907 11537 7660
7660 22388 2500
4777 2500
1221 4637 4608
6830 6762 174 41095 286 513 14361 9189 4589 3257 3491
29608
49463 8218
39821 9002
25160
286
13101 12586
20080 6762
1764 8596 8218
45896 174
6453 8426 62567
25220
28220 12956
9189
12956 18881 10429
22652 3257
263321 263584
13030 31424 51395 513 1299
38930 8283 1299
29680 174
24489 24490 24489
12859 30132
1273 3216 6667 1299
8222
25152 6939
6720
10764 11537 513
9304 174
18881
6939
202194 198385
29691 15576
41095
50300
15435 1299
52720
37271 4809 327995
24482 174
4608
50304
24611 6661
262757
20562
3549 25933
8426
52320 1299
19151 174
3491
11537 1103 22388
41562 198385 15576
31424
29140
59689 8218
12350
51395
24490 7575
15547 1299
6661 198290 174
3216 20764
28329 6762
8596 8596
3333 1103
12586
3303 29222 15576
3267
57381 42708
58308
174 64396 34177 12779 58299 8218 35699
29686
58299
1103 513
198290
13237 1299
25933
20764
8218
7575
327995
42708
2500 2500
513 513
57118 196621
4637
4589
3257 31122
35699
6667
4809 1299
29222
10429
196621 15576
2914 2497 9002
553
64396
20612
1299 1280
12779
34177
198249 15576
2497
263584
31122
50620
22388
198385
9002
8283
25091
43100
6762
15576
30132
1280
14361
28917
62567
