#src/zombie.py
# GMT Mon Oct  1 04:16:56 2018
# 
1916 2914
14061 1299
7018 286
34781 13030
59891 51395
6730 513 174 6730
53070 12989
12389 1299 48166
37239 37271
263152 6939
47872 12713
37989 4844
30844 13030
701 1273 1280 703 2497
6461 6762 8218
263674 28329
20932 174
2613 6893
30781 5511 59689
3320 3303 6762 6453 8422
16735 52320
12713 1273
8455 13030 8283
3549 3356 4809 52720
57821 6939
8943 1299 50763
1836 13030 20612
50300 31463 174 13030
6893 25091
680 553 3356 680 174 12654
8426 13030
35369 13030
13002 20764 25091
8607 6939
8758 6939
48526 5511
29636 174
20764 20764 174
51405 6939
1251 20080 28571
1853 9002
28917 6939
29608 9002
49463 174
25160 174
286 12654 174 1103
8422 9189
34288 13030
202032 6939
19151 174
6453 3356 1299 62567 9002
25220 6939
6772 13030 15576
4844 6939
34019 3303
13030 198249 51395 58299 12654 8596 1299 29691
41497 174
25152 1273
12859 9002
1273 1299
24482 4657
6720 9002
48166
15605 12874
9304 174
5511 3356 2914
6939 3356 262317 31424 262757 263075 37640 263651 12654 15547 16347 7575 264911 28329 6881 21385 22652 29686 15435 4657 703 12989
202194 198385
12989
50763
29075 174
52720
37271 3356 174
8928 1299
50304 42708
21385 5539
262757
52863 4809
3356 9002 49605 3257 174 2914 1299 6762
64396 174
8763 5539
263651
12874 3303
49605
29140 174
59689
52320 2914
51395
8596
15547
2914 174 9002 12654 20080 6661
6661 198290
4657
264911
28329
29680 174
3333 9002
29691
20080
22652
56730 31463
57381 42708
263075
31463
9189
174 3257 12779 6667 3303 31122 50620 198385 2857 174
29686
58299
1103
198290
703
8218
7575
262317
31424
42708 1299 12654
5539
513
57118 196621
4589 3257
3257
12779
6667
4809
37640
196621 15576
12654 9002 6762
553
15435
20612
1299
16347
198249
2497
6881
31122
50620
198385
9002
8283
25091
6762
28571
15576
3303
1280
2857
62567
