#src/zombie.py
# GMT Mon Oct  1 05:02:57 2018
# 
263584 263321
16685 22356 16685 4230
7018 174
6720 8447
22356 28634
15605 12874
14907 6908
29075 15576 198385 1299 6762
202032 35054
3333 12859
1103 11537
22381 53070 4809
57866 8283 701
29226 2895 9002
6894 2497
8167 7738 25933
3491 64050 41095 174 28513
22652 1299
3356 8359 8426 3549 6730 174 35054 41095
29608 25091
680 20965
49605 1299
3549 5392
4809 4134
29686 3257
11096 20080 11537
4230 262757 174 28513
6939 51395 35054 13760 1299 14007
20932 1299
28634
37468 1299
22388 7660 11537
47692 33891
205206 16245
8896 1299
11537 20965 293 11537
37100 327782 6453
14007 395152
34549 13101
39392 3257 29504
51405 24611
35699 2914
12654 35054 513 25091
1273 6667 12389 1299
8359 28917
38001 41095
39351 42708
29680 174
8220 3320 15547
2603 8607 20562 13101 30844 21320 12859
559 553 513 20965
513 6830 513 293 6730 20965 174 21320
12874 3303
52873 52720 12956
8607
327782 327960
39821 28917
34177 174
2500 2500 7660 4777
28917
33891 1299
5392
196621 8758
9304 3257
56730 31463
6830
15576 29691 8758 21232 34288
1221 4637 4608
4608
20562
61568 263321 18881
43578 174
6461 174 8218
20612 1836
23106 10429
23148 25152 701
25091 2914
3257 29140 12779 31742 12586 12637 174
30781 5511 59689
3252 174
35054 9002 64463 6730
198290 6661
13101
1299 1764 8455 16245 4637 15435 12350 13030 174 49375 8447 8732 8943 16735 29551 42708 13193 14061 15685 48526 5400 50304 13237 37271 25160
1764 35369
198385 202194
40191 174 395766
29551 25220
20965 21320
31463 6762
12859 30132
53070
21232
1251 52888 20080
174 12956 6762 51185 19151 5511 2914 16735 701 3320 286 6453
25160
8943 50763
25933
16735 266534
31742
13237
39540 57118 12307
8222 3320
59414 13030
13193 49463
14061
3320 3303 47147
51395 59891
12779
35369
58299 13030
13760
263321
29691 198249 57118
553
59689
37497 2914
12637
266534
395152
52720
25220
16347 2914
25227 12389
9270 9270 7660 24490
293
20764 8732 41722
24490 24490 7575
12389
8426
20080 1916 6762
9002 2914
50877 6762
2914 15562 2497 6908 50300
286
42708
4637
50763
30132
202194
25152
2895
49463
15435
29504
6762 52863 41497 5396
15562
52888
5511
6881 15685
198249
8732
50304
24611 6661
701 7738 2497 1280 4134
59891
4134
21320 6661
47147
5396
48526
7660
4777
57821 12586
12956 28220 10429 18881
16245
6908
1916
37271
41095
51185
31424 13030
6893 2613 6730
3303 29222
49375
28220
24482 6453
8455
327960
8283
8218
12307
6667
262757
15547
395766
2110 39122 5400
6453
8758
64463
50300
41497
13030 1836
64050
12586
57118
19151
12350
7575
34288
30844
29222
15685
5400
8447
39122
52863
2497
41722
7738
1280
29140
2613
1836
10429
18881
28513
6661
6730 6730
