#src/zombie.py
# GMT Mon Oct  1 04:36:57 2018
# 
1916 2914
14061 6939
7018 1299
34781 13030
8447 6939 6720
12654 20764 6939 9002
25074 9189 2914
25160 174
37239 6939
37989 4844
8763 5539
5396 6939
701 1273 1280 2497 1299 703
25220 6939
20932 6939
2613 9002
21320 174 1853
30781 2914 59689
3320 3303 6453
16735 12956
59891 51395
8455 13030 8283
3303 34019
57821 12586
263152 6939
20485 3356 13002
1251 52888 6939 28571
680 553 3356
8426 20764
35369 13030
13002 25091
16347 6939
8758 9002
48526 6939
29636 2914
3356 20764 9002 3549 3257 12874 286 6939 174 6453 1299 6762
263651 6939
52888
1853
28917 6939
29075 174
8943 2914 50763
6830 513 6830 6939
29608 5511
49463 6939
53070 12989
286 1103
6881 15685
1764 8596 2914
202032 6939
19151 174
6453 3257 9002
6461 174 8218
6772 13030 15576
4844 2914
12956 6939
34019
13030 198249 58299 29691 51395 34288 1299 1836
15685 29208
41497 6939
25152 2497
12859 9002 3333
50300 5580 31463
24482 174
6720
15605 12874
9304 6939
5511 5511 174
31463 56730
6939 52863 49605 29140 10026 15547 7575 264911 28329 9002 12586 30844 1299 44217 29686 8607 703 12989 262317 31424 263075 37640 51405 31122 50620 21385 15435 2857 29208
202194 198385
29691
1273 6667
5580 3257
15435
52720 3549
12989
29208
8928 10026
50304 57381 174
47872 44217
52863
20764 8732 174
64396 174
3333
34288
12874
31424
29140
59689
51395
8596
15547
6661 198290 174
264911
28329
29680 3257
9002 43100 2914
12586
20080 2914
22652 174
56730
57381
263075
44217
9189
174 198385 3257 1299 37271 12779
30844
58299
1103
198290
703
8218
3549
7575
262317
1836 20612
42708 1299
5539 21385
513
57118 196621
50763
4589 2914
3257
12779
8732 1299
6667
10026
37640
196621 15576
2914 1299 62567
553
20612
1299
8607
198249
2497
37271
51405
31122
50620
29686
198385
21385
8283
25091
43100
6762
28571
15576
49605
1280
2857
62567
