#src/zombie.py
# GMT Mon Oct  1 04:10:41 2018
# 
1916 2914
22548 16735
14061 1299
7018 174
34781 13030
59891 51395
53070 10429
37239 4809
1267 5413 15605
29075 1299 50620
5396 6762
6453 174
8468 5413
3252 9002
48039 12586 8596
28220 3549
16735 52320 28138
57821 12586
4589 2914
30844 5413
35054 3303
174 3356 41497 64396 49463 3257 5392 286 680 6730 29608 12350 1299 6762
35699 2914
2895 29076
29691 15576
3356 3356 3549 22652 680 19151 2914 3303 25220 14361 12956 6762
51405 24611
1853 6720 1764
58299 13030
7660 22388 9270
4777 2497
12350
13030 31424 51395 5413 1836
9189 8422
30132 12859
45896 3549
8220 5413 15547 15576
12956 10429
41497
12859 25220
6939 1280 5413
50763 8943
15435 1299
37271 327995 2914
24482 43531
24611 6661
4230 262757 2914
52863 4809
198385 202194 41562
43531 5413
8426 5413
3491 2914
327995
59689 58308 30781
19151
15547
29680 8928
3333 1136
20080 2914
5392
25933 3549
31463 50300 56730
263321 263584 7738
1103 3257
202194
13237 5413
20562 5413
7575 24490
31424
42708 57381 50304 5413
513 6730
57118 196621
4637 1221 5413
41562 15576
12779 5413
41095 13002 5413 24785
2914 47872 5413 25160 6762 1764 8943 12654 25220 1299 6661 12637 2497 30781 4713 9002 8455 34177 25091 29686 16347 29140 62567
553 680
7738 6762
1299 8732 25220
8607 5413
198249 15576
8732 20764
2497
263584
31025 13101 29551
8928 5413
26615 6762 16397
6762 12654 28329
15576 196621 34288 8758
14361
62567
2828 52320 5413
25160
8943
47872
24785 1136 24785
262757
34288
56730
24489 24490 24489 9270
2613 6893
30781
3320 4809 680 8222 34019 29222 8218
8455
34177
1836
6893 25091
680 20965 680 12654 9002
13002 25091
8758 20612
8359 5413 29076 28917
9270 9270
20965 11537
20764
1221 4608
5413 20932 6667 31122 50300 49605 51185 6661 12654 16265 48526 8422
49463
28917
286
13101 12586
16265 38930
25220 12654 29551
29551
34019
12637
39821 9002
52720 3549
4713 25152
25152
50300
8222
64396
9304 3549
29076
48526
8422
4608
50304
20932
3549 4809
51185
16397 263075
52320
49605
29140
11537 22388
8596
6661 198290
28329
24490
9002
6720
12586
3303
22652
57381
6730 6730
29686
29608
198290
28138
38930 8283
15605
8218
51395
263075
3257
1136
6667
4809
29222
10429
196621
12654
20612
16347
58308
31122
50620
22388
8283
25091
1764
1280
