#src/zombie.py
# GMT Mon Oct  1 04:57:51 2018
# 
263584 263321
16685 22356 16685 4230
6762 41497 3216 174 5396
6720 8447
22356 28634
15605 12874
14907 38930
29075 15576 1299
12389 25227 1273
3333 12859
1103 57111
22381 53070 4809
20612 1836
29226 2895 57111
8167 7738 25933
31025 12586 29551 57111
3491 64050 7738 41095 174 28513
22652 3257
3356 8359 41095 3549 174 29222
29608 57111
680 1299
49605 12654 20562 57111
3549
4809 4134
29686 6453
4230 262757 28513
6939 13760 14007 1280 57111
20932 57111
28634
31424 13030
47692 33891
8758 15576 196621
8896 50304
37100 327782 57111
29222
39392 33891 29504
51405 57111
35699 2914
12654 12779 57111
25160 57111
1273 6667 1299
8359 28917
38001 41095
39351 42708
29680 8220
8220 3320 15547 57111
513 6830
12874 3303
52873 12956
8607 2914
327782 327960
39821 28917
34177 57111
28917 57111
136620 59891 57111
5392 57111
196621
9304 57111
6695 8426 12956 57111
6830 174 6830
15576 29691 198385 21232 34288 198249
1221 4637 4608
4608
20562
61568 263321 18881
43578 1299
6461 52320 174 7575
6667
23106 52320
23148 25152 701
25091 6893 57111
3257 174
30781 2914 59689
3252 57111
35054 3303
198290 6661
1299 8943 16735 13030 42708 37271 1299 38930 15435 14061 5400 50304 174
33891 57111
198385 202194
40191 174 395766
29551 25220
31463 56730 57111
12859 30132 57111
28929 57111
38930 8283 16265
53070
21232
1251 52888 20080
174 12956 4637 12350 7018 286 19151 701 31742 57111 3320 2914 58299 6453 64463
286
8943 50763
2895
16735
31742
13237 57111
39540 57118 12307
8222 3320
59414 13030
14061
3320 3303 47147
12779 2914 57111
5400 2110
58299
13760
263321
29691 57118
553 57111
59689
202032 57111
37497 57111
12637 57111
395152 14007
16265 57111
52720 37468
25220
16347 57111
25227
20764 3216 41722
8426
20080 2914
43531 24482 57111
9002 2914
50877 57111
2914 1916 8455 15562 3303
50304 57111
42708
56730
50763
30132
202194
25152
25933
49463 8218
7738
29208 15685 57111
29504
7018
15562
52888
6881 15685
198249
3216
701 4134 2497
59891
4134
47147
5396
48526 57111
4777 2497
57821 12586
12956 28220 18881
1916
37271
41095
51185 57111
37468 57111
6893 2613
3303
49375 57111
28220
24482
8455
327960
8283
8218 35369 57111
12307
262757
15547
395766
4637
2110 39122
6453
64463
50300 57111
41497
13030 1836
64050
12586
57118
19151
12350
7575
34288
30844 57111
14007
15685
35369
8447 57111
39122
52863 52320
2497
41722
15435
1280
29140 57111
57111 6661 1836
2613
52320
1836
28513
6661
18881
