#src/zombie.py
# GMT Mon Oct  1 05:23:11 2018
# 
52873 18881 52720
1916 174
22548 16735
14061 1299
7018 174
34781 13030
8447 3320 6720
53070 10429
37239 4809
29075 58308 174
5396 6762
6453 8426 174 1299
701 2497 1280 1299 702
8468 3549
3252 702
48039 12586 8596
16735 52320 262757 28138
57821 12586
3491 174
30844 12779
35054 3303
174 3356 51185 19151 3257 12779 286 6762 1764 45896 2914 12350 1239 12956 41497 50620 50300 24482 64396 34177 1299 5511 680 174 35699 8218
35699
2895 3267
29691 57118 15576
3356 3356 47872 3320 20932 3549 680 49605 25160 3267 41095 1299 8359 8422
51405 49605
1853 1764
263321 263584 7738
4777 2497
13030 31424 51395 58299 1299 1836
9189 8422
30132 12859
202032 49605
45896
8220 3320 15547
1239 4637 7738
12956 18881 10429 28220
52720
12859 12779
37497 49605
3216 20764 1273
5511 48526
50300 31463
15435 1299
37271 4809 327995
24482
47872
262757
52863 6762
198385 202194 41562
8426
12874 3303 15605
327995
59689 8218
12350
15547
29680 3257
3333 1136
20080 2914
5392 3549
25933 3549
31463 56730
58299
1103 3257
13237 3257
20562 49605
7575 2914
31424
42708 50304 1299
513 6730
57118
50763 8943
41562 15576
12779 28929 34019 49605 3257 12654 29608 12779
41095
2914 12637 9002 8455 4134 29686 16347 29140 14361 1299 62567 8607
553 680
7738
1299 3320 1273 8943 20485 49605 3257 38930
8607
198249 15576
2497
263584
4637 1221
29222 3303
4608 1221
15576 196621 3303 34288 8758
14361
62567
28929
22652 3257
2828 52320 3257 23148
25160
8943
1836
34288
56730
2613 6893
3320 6730 3303 8222 25220 13193 6661
59891 51395
8455
34177
20485 13002
6893 25091
680
13002 25091
8758 20612
48526
8422
20764
1221
49463 13193
28917 8359
286 1136
13101 12586 49605
25220
28220
23148 25152
34019
12637 12654
39821 9002
41497
25152
18881
1273 6667
8222
64396
4589 3257
9304 3549
202194
8359
13193
50304 57381
20932
3549
51185
19151
4134 4809
52320
49605 43100 12654
29140
8596
6661 198290
28329 6762
9002
6720
12586
3303
43100
57381
6730 6730
29686
702
29608
198290
28138
38930 8283
15605
8218
51395
3257 31122
1136
6667
4809
6762
10429
196621
12654
20612
16347
58308
31122
50620
8283
25091
3267
1764
1280
