#src/zombie.py
# GMT Mon Oct  1 06:09:30 2018
# 
37468 174
24611 6661 51405
8447 3257 6720
57821 12586
13002 20764 25091
8455 3303 3257 1299 12654
198249 29691
28917 39821 174
22652 3257
198290 6661
34177 174
34019 3303
8426 3356
25074 9189 61157
4230 701 262757
20080 6762 1251
31463 56730 50300
50300 174
8218 49463 16347 1764 174
16735 22548 52320
12779 174
8607 2914
37271 3257 327995
12350 174
7738 701 263321
12654 12859 1103 5413
12874 3303 15605
3257 701 6762 3356 12956 5511 174 286 1299 2914 7018 12859 30132 3491 14361 6453 12586 3320 25220
47872 174
52863 6762
263584 263321
41497 174
15576 34288 8758 196621 29691 8220 174
51185 174
286 2603 12859 1103
23106 52320
50763 8943
28329 6762
38930 1299 8283
52320 1299
22548
1136 24785 3333
30781 5511 59689
2895 3267
4777 2497
64396 174
6762 37100 5396
47176 25435 174
8758 20612
41722 20764
1221 4637 4608
41617 8359
3333
3549 3356 52720
4637 1299
29222 3303
37100 327782
2613 6893
25160 174
9304 174
59414 13030
29075 198385 174
23148 701 25152
1916 174
20562 1103
20612
6893 25091
25091
59891 51395
25152
29680 174
15605
9189
25435
7018
327782 327960
30132
1273 3216 1299 6667
5392 174
4608
53070 22381
57381 50304
20764 3216 25227
3303 3320 35054
7575 2914
1764 8596
37239 12859
15547 34781 8220
35054
3252 174
24785 24785 174
58299 15623
1836 13030
174 49605 174 35699 19151 29140 48526 12637 24482 20932 3267 6661
3491
8359 12859
45896 3356
56730
61157 3320
2914 701 12859 4589 9002
15435 1299
1299 13030 6939 14061 62567 8943 13237
12859 37497 42708 15623 30844 41095
1280 701
37497
29691
3267
263321
3216
12586
5413
51395 6939
262757
3356 29608 680 553 3356
4134 701 4809
49463
29140
327995
13237
8596
48526
12637
2497 701
34288
50304 42708
28220 28220 12956
5511
15623
1103 2603
34781
1251 52888
42708
9002
62567
49605
13030 31424
12956
8283
14061
20932
41095
2603
202194 198385
327960
29686 6453
51405
8220 3320
3320 8222
6939
25220
29608
6661
52888
5396
8222
701
31424
35699
25227
198385
553
19151
39821
196621
6720
30844
59689
6667
24482
14361
680
6453
16347
8943 8943
4809 22381
4589
22381
52720
