#src/zombie.py
# GMT Mon Oct  1 06:07:59 2018
# 
52873 18881 52720
1916 174
22548 16735
14061 1299
7018 1299
34781 13030
8447 3320 6720
53070 10429
37239 4809
29075 58308 174 50620
5396 3257
6453 3356
701 4134 2497 702 1280 1299 23148
8468 3549
6461 7575 1299 8218
3252 702
16735 174 28138
57821 12586
3491 174 28513
30844 12779
35054 3303
35699 174
2895 3267
29691 57118 15576
3356 8422 3320 3549 51185 22652 34177 12956 5511 49605 174 41095 8426 14361 1299 8607
51405 24611
1853 1764
263321 263584 7738
4777 2497
26592 16397 3549
13030 51395 1299
9189 8422
30132 12859
202032 12779
19151 174
8220 3320 15547
1239 4637 1299 7738
12956 47872 10429 18881 28220 1299
52720
12859 12779
5511 30781 1299 48526
50763 8943
15435 174
37271 4809 327995
24482 174
24611 6661
4230 28513 262757
52863 4809
198385 202194 41562
8426
12874 3303 15605
327995
59689 30781
13237 1299
15547
29680 174
3333 1136
20080 2914
5392 174
25933 3549
31463 50300 56730
43100 49605
28917 39821 8359
1103 286
20562 49605
58299 49605
7575
262317 10429
31424 33891
42708 50304 1299
513 3320
57118
4637 1221
41562 15576
12779 8359 174 12654 28929 31025
41095
2914 174 29686 9002 8455 1299
553 680
7738
1299 3320 8943 3257 3267 49605 174 62567 6762
8607
198249 15576
2497
263584
31025 12586
6762 28329
4608 1221
15576 196621 3303 34288 8758
14361
62567
28929
25160 174
4589 3257
47872
8943
262757
34288
1764 174 8596
56730
2613 6893
30781
3320 8222 33891 3320 3303 25220 13193
59891 51395
8455
34177
1836 174
6893 25091
680 174
13002 20764 25091
8758 20612
8359
8422
20764 174
1221
28513
49463 13193
286 1136 174
25220
28220
23148 25152
34019 3303
12637 174
39821
41497 174
25152
18881
50300 174
8222
64396 174
9304 174
33891
202194
48526
13193
50304 57381 174
20932 174
3549
51185
16397 263075
4134 4809
12350 174
49605 12654 3257
29140 174
8596
6661 198290 174
28329
9002
6720
12586
22652
57381
174 3257 31122 6667 174 29608 38930
29686
702
29608
198290
28138
38930 8283
15605
8218 16347
51395
263075
3257
1136
6667
4809
29222 3303
10429
196621
12654
20612
16347
58308
31122
50620
8283
25091
3267
3303
1280
