#src/zombie.py
# GMT Mon Oct  1 06:32:07 2018
# 
1916 1251 52888 2914
14061 1299
7018 3356
34781 13030
59891 51395
12654 6939 19151 9002
25160 174
263152 6939
24611 51405 6661
37989 4844
1836 13030 20612
5396 6939
34288 15576
6461 3356 8218
20932 174
2613 6893
21320 174 1853
30781 2914 59689
3320 3303 8422 6939 6453
16735 1299
8455 13030
3549 3356 52720
57821 12586
8943 2914 50763
8763 5539
6893 25091
680 553 3356
8426 6939
35369 13030
13002 20764 25091
16347 6939
8758 6939
48526 5511
29636 174
20764 20764 174
51405
52888
1853 6720
28917 6939
21385 6939 5539
6830 513 6830 174
29608 5511
49463 13193
20676 3356 12586
53070 10429
286 174 1103
8422 9189
1764 8596 174
202032 6939
19151 3356 6939 174
6453 174 1299 62567 9002
25220 29551
37239 37271
4844 2914
12956 174 10429
34019 3303
13030 51395 1299
15685 6881 29208
41497 174
25152 1273
12859 9002
1273 1299
29551 3257
6720
9304 174
5511 5511 6939 174
6939 3356 262317 31424 52863 263075 57118 263651 37640 15547 8607 7575 264911 28329 29208 30844 58299
202194 198385
29691 15576
50300 5580 31463
5580 3257
29075 174
52720
37271 3356
29208
24482 174
13193 1299
50304 57381 174
47872 174
52863
3356 9002 1299 174 2914 701 6762
64396 174
263651
12874 3303 15605
15547
49605 9002
29140 174
8928 1299
59689
51395
8596
701 1280 2497
6661 198290 174
264911
28329
29680 3257
9002 43100 2914
12586
20080 2914
22652 174
56730 31463
57381
263075
31463
9189
174 3257 12779 6667 2914 31122 50620 1299 174 15576 198385 2857
30844
58299
1103 3333
1251 28571
198290
38930 8283 1299
15605
8218
7575
262317
31424
42708 1299
5539
513
57118
50763
4589 3257
3257 29686
12779
6667
37640
10429
196621 15576
2914
553
15435 1299
20612
1299
8607
198249 15576
2497
6881
31122
50620
29686
198385
3333
8283
25091
43100
6762
28571
15576 3303
3303
1280
2857
62567
