#src/zombie.py
# GMT Mon Oct  1 04:44:38 2018
# 
262375 52720 22548 3549 14840
6762 174 31463 41497 50877
6720 8447
15605 12874
18747 174 263702
14907 38930
29075 15576 174 1299
202032 6939
3333 12859
1103 20965
20612 1836
4657 38001 3491
6894 2516
3491 22356 174
22652 3356
3356 3549 15547 8896 174 2516
29608 6453
680 20965
8365 2857 6830
49605 3257
3549 16735 52873
20495 8455
29686 6939
6939 263075 37239 16735 25091 513 262317 53067 8607 31424 2613 37640 5396 264911 25220 263152 6939
20932 1299
8732 20764 1299
37468 6453
53067
47692 33891
205206 16245
8896
28634 22356
39392 33891 29504
51405 24611
12552 39351 1299
12654 513 25091
1273 6667 1299
38001
198290 6661
29680 3257
2603 29140 30844 21320 12859 286
559 513 20965
513 6830 513 13030 20965 174 21320
12874 3303
52873
62240 136620 1299
8607
28571 1251
264911
50300 174
28917 1299
263702
136620 136620 59891
196621 15576
9304 3257
56730 31463
6830 553
15576 29691 198385 21232 198249
6461 174 8218
29208 2914 15685
263152
23106 52320
34019 3303
25091 2914
20965 27750 21320
29636 2914
3257 31122 8455 12779 12637 174
30781 2914 59689
4844 2914 37989
39351
13101 34549 174
1299 8943 13030 15435 37271 16245 49375 38930 13193 14061 52320 20676 5400 50304 174
33891 3320
198385 202194
50620 174
31463
12859
38930 8283
53070 10429
21232
14840
1251 1916
174 12956 7018 5511 25160 19151 701 31742 57111 3320 2914 6453 64463
286
8943 50763
59891
16735 262757 263508
31742
1916 52888 27750
59414 13030
13193 49463
14061
3320 47147 3303 6661 8447
12779
35369 13030
58299 13030
25160
29691 57118
553
59689
12637
262317
266534 18881
263075
52720
25220
16347 2914
20764 41722
8426 6453
20080 2914
9002 2914
50877
2914 2497 8455 1280 7575 15562
50304
50763
8455
202194
25152 2497
2516
49463
57821 12586
29504
7018
15562
52888
5511 48526
6881 15685
198249
31122
24611 6661
701 2497
21320 6661
47147
37640
27750
5396
48526
4777 2497
12956 10429 18881
16245
34549
37271
31424
22356
3303
49375
37239
19151
8283
8218
12307 57118
6667
262757
15547
2110 39122 5400
6453 6453 24482
64463
20676 12586
41497
13030 34288 1836
12586
24482
57118
22548
7575
34288
30844
15685
5400
8447
39122
52863 52320
2497
37989
41722
15435
1280
29140
57111
2613
263508
52320
1836
10429
2857
6661
18881
