#src/zombie.py
# GMT Mon Oct  1 05:22:31 2018
# 
328206 328145
6762 12654 41497 3356 6939
6720 8447
22356 3491 28634
15605 12874
29075 6939
202032 6939
3333 1257
1103 286
20612 1836
4657 38001 3491
31025 12586 29551 6939
3491 6939
22652 174
3356 3549 6939
29608 6939
680 6939
49605 6939
3549 16735 52873 263702
20495 8455
20932 6939
8732 20764 6939
37468 52720 37271
53067 6939
47692 33891
8896 6939
28634
39392 33891 29504
51405 6939
12654 19151 6939
328145 6939
1273 6667 1299
38001
198290 6661
1257 1239
29680 6939
8220 15576 6939
513 6830
12874 3303
52873
62240 136620 1299
8607 6939
28571 1251
264911 6939
28917 174
263702
136620 136620 59891
196621 15576
9304 4635
56730 31463
6830 6830 6939
15576 29691 198385 21232 34288 198249
6461 8218 6939
6667
263152 6939
23106 10429
34019 3303
25091 6939
1239 6939
29636 2914
3257 6939
30781 59689 6939
4844 37989 6939
39351 42708
1299 38930 14061 13030 42708 6939
33891 3320 6939
198385 202194
29551 25220
50620 174
29686 2914
12859 6939
38930 8283
53070 10429
21232
1251 52888 20080
174 19151 701 7018 2914
6939 25512 553 12956 37271 2857 263075 8426 37239 16347 16735 5511 50877 4635 3320 2914 25160 6453 64463 263508 31424 13030 262317 31463 24482 22548 7575 30844 8447 286 31122 8943 15435 31742 12779 19151 57111 13193 15547 2613 37640 5396 5400 58299 6661
8943 50763
59891
16735 262757
31742
1916 2914
59414 13030
13193 49463
14061
3320 3303 47147
12779
35369 13030
58299
25160
29691 57118
553
59689
12637 2914
262317
263075
52720
25220
16347
20764
8426
20080 2914
9002 4635 41722
50877
4635
2914 19151 29140 15562 1280
50304 42708 57381
42708
286
50763
8455 13030
202194
25152 2497
49463
57821 12586
29504
7018
15562
52888
5511 48526
6881 25512
198249
31122
701 2497
47147
37640
5396
48526
4777 2497
12956 10429
37271
31424
24482
3303
37239
19151
25512
6661
8218
12307 57118
262757
15547
2110 39122 5400
6453
64463
50300 31463
41497
13030 1836
31463
12586 12586
57118
22548
57381
7575
34288
30844
5400
8447
39122
2497
37989
41722
15435
1280
29140
57111
2613
263508
1836
10429
2857
8283
