#src/zombie.py
# GMT Mon Oct  1 05:56:32 2018
# 
52873 18881 52720
1916 174
22548 16735
14061 1299
7018 2914
34781 13030
59891 51395
53070 10429
37239 36937
29075 58308 174 50620
5396 3356
6453 36937 2914
701 3356 1280 2497 702 2914
8468 6939 42708 31122 3549 31025 30844 8732 49605 1764 28917 12654 13237 6695 25074 13193 16347
25220 29551
3252 702
48039 31025 8596
29551 31025
16735 12956 28138
57821 12586
3491 28513 12389 2914
30844
35054 3303
35699 174
2895 29076
29691 57118 15576
3356 3320 9002 3549 2914 12956 5511 41095 174 29608 1299 8359 8607
51405 24611
1853 6720 1764
263321 263584 7738
4777 2497
13030 1299 1836 58299
9189 25074
1764
19151 174
8220 5511 15547
1239 4637 2914
12956 28220 47872 2914 18881 10429 6695
52720
12859 30132 9002
5511 30781 48526 12654
6939 51395
50300 2914
15435 3257
263584
8222 3320
24611 6661
4230 28513 262757
52863 4809
8426 6695
12874 3303 15605
327995 37271
59689 30781
12350 174
25074
2613 25091
29680 174
3333 1136
20080 2914
5392 174
25933 26615
51945 174 56730
28917 39821 8359
1103 3257
29076 12389
20562 9002
58299
198385 202194 41562
262317 10429
31424 33891
42708 50304 1299
513 3320
57118
50763 8943
41562 15576
12779 174
30132
41095
2914 51185 6461 4589 3257 8943 4134 286 6762 12654 8607 7575 3320 4713 9002 8455 1299 174 29686 14361 62567
553 680
7738 174
1299 1273 4809
8607 12654
198249 15576
1136 24785
2497
6695
4637 1221
31025 12586
26615 6762 16397 26615
6762 28329
4608 1221
15576 196621 3303 34288 8758
14361
62567
25160 174
12389
34177 174
47872
24785 174 24785
262757
34288
56730
7575
30781
3320 33891 3320 3303
8455
8943
1836
680 174
13002 20764 25091
8758 20612
48526
20764 8732
1221
28513
49463 13193
286
6461 8218
28220
34019 3303
12637 174
39821
41497 174
4713 25152
25152
18881
1273 6667
24482 174
64396 174
4589
9304 174
36937
33891
202194
8359
13193
50304 57381
20932 174
3549
51185
16397 263075
4134 4809
13237
49605
29140 174
8596
6661 198290 174
28329
9002 12654
6720
12586
22652 3257
15547
57381
174 37271 174 38930
29686
702
29608
198290
28138
38930 8283
15605
8218
51395
263075
3257
8732
6667
4809 37271
29222 3303
10429
196621
12654
37271
20612
16347
58308
31122
50620
8283
25091
3303
1280
