#src/zombie.py
# GMT Mon Oct  1 04:12:23 2018
# 
29691 13030
49605 1299
59689 30781
6720 8447
12637 174
262317 52720
266534 16735
39351 42708
59414 13030 12307
15605 12874
18747 174 263702
14907 1299
29075 15576 198385 34019 174 1299
12307
3333 12859
52888 1251
52720 22548 53067 52720 14840 12654 263152 6939
12956 10429 6939
20612 1836
16347 6939
4657 38001 3491
2857 174
8426 3356
3491 22356 174
7018 174
202194 13030
34019
20764 8732 174 41722
3356 30781 3549 9002 25091 174 20932
29608 6453
680 1299
20080 2914
3549 52873 23106
198290 6661
9002
20495 8455
29686 6453
15547 1299
2914 15562 4844 1273 52320 6453 174 1280
6939 2497 52320 8607 205206 12859 202032 15435 31424 2613 37640 5396 6939
42708 1299
56730 31463
20932
701 2497 174
8732 1299
37468 174
205206
8455 8283 13030
53067
47692 33891
25220 29551
8896 174
25152 1273
59891 51395
49463 13193
39392 3257 29504
51405 24611
51395 174
6730 513 174 6730
6762 30844 174
15562
1103 52320
12654 52863 16735
6881 25512
198249 13030
29680 3257
31122 174
38001
50304 1299
24611 6661
1273 6667 1299
14840
513
12874 3303
19151 174
52873
8607
47147 1299
37640
5396
22356 28634
48526 174
20676 12586 1299
4777 2497
28917 1299
57821 12586
263702
25512 1299
12779 174
196621 15576
9304 3257
198385
1916 1251 174
37271 37239 174 1299
35369 13030
15576
31424
6461 174 8218 7575
3303 3320
6667
263152
23106
50877 174
37239
24482 174
29551 1299
25091
8283
8218
202032
49375 1299
3257 41497 22652 174
30781
4844 37989
553 1299
3320 174
2110 39122 5400
6453 174 6453
1299 33891 13030 174 8447 16735 13193 14061 52320 5400
64463 174
50300 31463 174
33891
29636 174
41497
13030 21232 34288 1836 58299
50620 174
12586
31463
28571 1251
50763 52320
12859
22548
53070 10429
21232
28634
7575
34288
30844
1251
174 174 286 29140 31742 6661 52320 25160
5400
8447
286
39122
52863 52320
2497
16735 263508
37989
41722
15435
31742
1280
29140
22652
57111 52320
13193
14061
2613
263508
52320
1836
10429
58299
6661
25160
29504
