#src/zombie.py
# GMT Mon Oct  1 04:24:17 2018
# 
262375 14840 3549
328206 328145
6762 174
6720 8447
15605 12874
14907 1299
29075 15576 1299
202032 6939
3333 12859
1103 52320
20612 1836
4657 38001 4637 24482 3491
6894 2516
3491 22356 1299
22652 1299
3356 30781 3549 25091 174 1299 3356 2516
29608 174
680 1299
49605 1299
3549 22548 23106 52873 263702
20495 8455
20932 174
8732 20764 1299
37468 52720 174
6730 513 174 6730
53067 6939
47692 33891
205206 6939
8896 174
28634 22356
39392 174 29504
51405 6939
12654 52720 52863
38001
199714 206356 13030
198290 6661
29680 6939
513
12874 3303
52873 52720 262317
1299 33891 12956 29551 37271 7473 174 6939 2497 1273 35266 13193 14061 47147 4637 52320 15547 5400 50304 28917 286 20676
8607 6939
28571 1251
206356
14840
20676 12586
28917
263702
196621 15576
9304 4635
56730 31463
15576 174 198385
6461 174 8218 7575
35266
6667 1273
263152 6939
23106
34019 3303
25091
29636 174
3257 60501 174
30781 59689
4844 37989 7473
39351 174
13101 34549 174
29686 6453
33891
198385
29551 25220
50620 174
51395 59891 174
12859 6939
21232 13030
7473
1251 1916
174 25512 41497 7018 37271 12637 29140 19151 12779 174 553 25160 31122 16735 6453 50300 31742 3303 6661 1916 50877 52320 48526 2914 2857 64463
6939 13030 15435 1280 52320 31424 2613 37640 5396 4635 30844 1273 6939
59891
16735 52320 52720 263508
31742
1916 52888
59414 13030 12307
13193 49463
14061
12779
35369 13030
58299 13030
25160
29691 13030
553
59689
60501
12637
262317
266534 18881
52720
25220
16347 2914
20764 41722
8426 6453
6774 328145 1273
20080 2914
9002 4635
50877
4635
2914 15562 52320 6453 2497
50304 57381
4637
286
50763 52320
8455 8283 13030
202194 13030
25152 19151
2516
49463
57821 12586
29504
7018
15562
52888
328145
6881 25512
198249 13030
31122
1273
47147
37640
5396
48526
4777 2497
12956 18881
34549
37271 37239
31424
22356
3303
37239
19151
25512
8283
8218
12307
15547
2110 39122 5400
6453
64463
50300 31463
41497
13030 34288 1836
31463
12586
24482
22548
57381
7575
34288
30844
5400
8447 52320
39122
52863 52320
2497
37989
41722
15435
1280
29140
57111 52320
2613
263508
52320
1836
2857
6661
18881
