#src/zombie.py
# GMT Mon Oct  1 04:33:33 2018
# 
37468 37239 1299 174
24611 6661 51405
8447 6720 3320
59689 30781
57821 12586
13002 20764 25091
198249 29691
29551 25220 1299
28917 8359 39821 1299
22652 3257
198290 6661
34177 3356
8455 1299
48039 8596 174
4230 262757 28513
20080 6762 1251
50300 5580
8218 6461 16347
16735 22548 52320
12779 174
8607 2914
30132 12859
37271 327995 2914
7738 701 263321 8167 1239
12654 25152 6939
3257 29680 5580 12586 9304 25152 174
47872 2914
5580
52863 6762
263584 263321
41497 6762
15576 34288 3356 47176 8758 196621 3303 29691
51185 3356
286 19151 1103 174
23106 10429
50763 8943
28329 6762
38930 1299 8283
52320 1299
22548
30781 2914
2895 3267
7575 2914
64396 174
6762 29075 5396 174
53070 22381
47176 25435
8758 20612
41722 20764
41617 8359
3333 1257
8732 20764 1299
3549 3356 5392 52720
4637 1221 19151
59414 6830
37100 327782 174
2613 6893
25160 174
9304
25074 9189 61157
29075 198385 1299
1916 2914
20612
6893 25091
25091
59891 51395
15605 12874
29680
25152 19151 6939
34019 3303
1239 174
25435
9189
7018 2914
327782 327960
8426 3356
5392
4608 1221
28513 3491
33891 31424 3320
57381 42708
20764 25227
3303 12874 3320
4777 2497
37239
15547 34781 8220
25933 8167
3252 9002
58299 13030
12874
174 701 3356 49605 12956 3267 19151 6461 51395 51945 45896 48526 2914 1299 24482 6453 1257 3320 6661 6830
3491 2914
8359 3356
45896
56730 51945
61157 3320
2914 35699 29686 12859 4134 4589 19151 3320 3356 42708 29140 9002 12637
15435 1299
1299 62567 13030 50304 14061 680 8943 1299 13237 13193
12859
1280 701
29691
3267
1257
8167
12586
263321
6830
51395
262757
3356 14361 8220 29608 41095
4134 4809
49463 13193
29140
327995
13237
8596
48526
12637
2497 701 19151
34288
50304
28220 12956
1221
1103
34781
1251 52888
42708
9002
62567
49605
13030 1836 19151
12956 10429
8283
14061
13193
41095
202194 198385
327960
29686
51405
8220
3320 8222
6939 30844
25220
29608
6661
52888
5396
8222
701
31424
35699
25227
198385
553 680
19151 6667 6461
39821
51945
196621
6720
30844
1836
6667
24482
14361
680
6453
16347
8943 8943
6461
4809 22381
4589
22381
52720
10429
