#src/zombie.py
# GMT Mon Oct  1 03:53:51 2018
# 
29691 13030
328206 328145
49605 174
59689 30781
6720 1853
34288 13030
262317 6939
39351 12552
59414 13030 12307
22652 3257
553 3356
29075 15576 174
12307
3333 12859
52888 1251
52720 3549
12956 10429 174
25220 2914
16347 2914
4657 38001 4637 24482 3491
2857 174
8426 6453
20612 1836
328145 6774
52863 52320
3491 22356 174
12637 3257
15685 6881 29208
34019 3303
20764 8732 3356 41722
3356 3549 15547 9002 6762 20676 8896 174 29608
29608
680 1299
6774 174
20080 2914 1251
3549 16735 263702
198290 6661
9002
20495 8455
29686 2914
15547
2914 2497 19151 29140 25091 1916 1280 30781 29208 4844 15562 12654 174 30844 6939
286 1103 174
42708 50304 1299
56730 31463
20932 174
8732 6762
37468 6453
8455 8283 13030
53067 6939
47692 33891
50877 174
25152 1273
59891 136620
49463 13193
39392 174 29504
51405 6939
29504
7018 174
15562
1103
12654 19151 6762 6939
6881
198249 13030
29680 174
31122 3257
38001
31424 6939
50304 57381
1273 6667 1299
202194 13030
513 6830
21320 174 1853
62240 136620 6461
8607 6939
6762 41497 31463 174 57111
37640 6939
5396 6939
22356 28634
48526 174
29208
20676 12586
4777 2497
28917 1299
57821 12586
263702
136620 136620
12779 3257
196621 15576
9304 3257
198385 15576
12874 15605 3303
1916
37271 37239 1299
263075 6939
6830 174 6830
35369 13030
15576 6453
50763 8943
264911 6939
12552 1299
6461 174 8218 7575
3303 3320
6667
263152 6939
23106 10429
37239
19151 174 6939
25091
47147 3320
8283
1853
8218
202032 6939
3257 31742 31463 174 29636
30781
262757 6939
4844 37989
4637 174
3320 33891 174 13193
2110 39122 5400
6453 174
1299 8943 13030 174 15435 14061 5400
64463 174
50300 31463
33891
29636
8896
41497
13030 58299 21232 1836
50620 174
12586
31463
28571 1251
24482
12859 6939
22548 6939
53070 10429
21232
57381
28634
7575
15605
30844
1251
174 25160 6661
5400
6939 16735 2613 6939
39122
8943
2497
16735 52320 263508
37989
41722
15435
31742
1280
29140
57111
13193
14061
2613
263508
52320
1836
10429
58299
6661
25160
