#src/zombie.py
# GMT Mon Oct  1 04:07:05 2018
# 
52873 18881 52720
1916 52888 174
22548 16735
14061 1299
7018 2914
34781 13030
8447 3320 6720
53070 10429
37239 36937
29075 5511 58308
5396 6762
6453 286 29686 36937 24482 2914 5392
701 2497 702 2914
8468 3549
25220 3320
3252 702
48039 31025 8596
37179 1103 327984
57821 12586
3491 12389 2914
30844 12859
35054 3303
6730 513 174 6730
35699 174
2895 29076
29691 198249 57118 15576
3356 286 47872 3549 29608 2914
51405 24611
52888
1853 1764
263321 263584 7738
4777 2497
13030 31424 1299 1836 58299
9189 8422
1764 174
19151 174
8220 5511 15547
1239 4809 2914 262589 7738 1257
12956 18881 28220 10429 16735 2914
52720
12859 6939 42708 9002 41095 12654 51185 31025 6695 2914 16347
262589 28329
3216 20764 6762
5511 30781 48526 2914
6939 1280 7545 51395 25152
50300 5580 31463
5580 3257
15435 1103
263584
24482
24611 6661
52863 4809
198385 202194 41562
8426 6695
12874 3303 15605
327995 37271
59689 30781
12350 174
15547
29680 174
3333 6762 3320 12654 1257
20080 6762
5392
25933 26615
31463 56730
58299
1103 286 12654 8455 37271 2603 3257 34177
29076 12389
24130 4608 7545
2613 6893
262317 10429
31424
42708 50304
16735 28138
513
57118
41562 15576
12779 174
41095
2914 3320 9002 6461 3257 6762 174 1299 286
553 680
7738
1299 62567 28917 13237 1273 20485 20932
8607 5413
198249
2497
37271
7545
31025 12586
26615 6762 26615
34177
29222 3303
4608
15576 196621 3303 34288 8758
14361 3257
62567
25160 2603
12389
4589 3257
47872
1836
34288
56730
7575 6461
30781
3320 3303 8222 13193 8422
1257
59891 51395
8455
2603 31122
20485 13002
6893 25091
680 174
13002 25091
8758 20612
48526
8422
20764
327984
5413 12654
49463 13193
28917
286
6461 8218
28220
34019 3303
12637 174
39821 9002
41497 3257
25152
18881
1273 6667
8222
6720
9304 174
36937
202194
13193
6695
50304 57381
20932
3549
51185
13237
49605 3257
29140 174
8596
6661 198290 174
28329
9002
12586
22652 3257
57381
174 50620 174 64396
29686
702
29608
198290
28138
15605
8218
51395
3257
6667
4809
6762
10429
196621
12654
64396
20612
16347
58308
31122
50620
25091
3303
1280
