#src/zombie.py
# GMT Mon Oct  1 06:44:08 2018
# 
37468 174
50620 174
2857 174
12989 22548 16735
37640 6939
30844 6939
264911 10429
57821 12586
62567 3356
174 6762 3356 37271 174 29680 19151 286 1239 64396 29140 12637 13002 1299 24482 25160 9304 29636 29075 41497 20764 12779 31122 1764
43100 20764
286
198249 13030
28917 1299
22652 6939
8359 3356 41617
52863 6762
56730 31463
41722 20764
2914 3356 4844 16347 20080 6661 30781 1916 7575
8447 6720 6939
15435 1299
8455 8283 13030
12859 6939
1280 1299
37497 6939
20080
16347
31463 50300 21396
25512 1299 6881
15547 3356 34781
1257 3333 1239
41497
50300
12586 20676
8218 6461
16735 12956
2497 701
12779
5539 8763 21385
8607 6939
13002 25091
3356 7018 701 20676 1299 12956 5511 20932 553 6453 3257 6461 6939 20764 29608 9002
37271 37239
4844 37989
8763
49463 13193
21385 6939
6661 198290
12874 3303 15605
42708 1299 50304
3257 4589 1103
47872 44217
6881
202032 6939
44217 6762
262317 6939
8596 1764
48526 5511
18881 52873 12956
12637
15576 6772 196621
34019 3303
34288 13030
15605
37989
50304 57381
58299 13030
29680
5511
1103
21396 6762
50763 8943
23106 10429
34781
20612 1836
1251 28571 6939
680 1299
22548
28571
31424 9002
1273 6667 1299
30781 59689
7575
64396
701
1836 13030
49605 9002
13030 35369 202194 1299 6772
8758 9002
12956 6762 10429 22381
8283
14061 1299
3333
8732 20764 1299
8928 1299
9189 6939
263075 6939
198290
13193 1299
20932
22381 53070
263651 6939
1764
52720 52873
59689
25160
4589
29686 6453
9304
51405 6939
29636
29075 198385
3320 3303 1299 6939
6939 262757 59891 5396 263152 1299 8426 25220 12654
25220
29608
41617
5396
1916
6762
6893 25091 2613
25091
59891
2613
263152
198385
553
25152 19151
19151
53067 10429
1299 8943
1239
196621
29140
6720
20676
202194
7018
6667
24482
8426
9002 12654
6772
6453
262757
31122
35369
8943
6461
53070
57381
20764 12654
3303
52873
12654
37239
10429
