#src/zombie.py
# GMT Mon Oct  1 06:35:38 2018
# 
20612 1836
50620 174
8422 3356 9189
2857 174
12989 22548 16735 53070
264911 6939
57821 12586
62567 6453
29208 15685 2914
174 6762 701 3356 16347 5511 19151 286 3257 1239 22652 37271 64396 48526 2914 15576 7018 1299 48039 25160 29680 20932 6453 29075 6461 50300 12779 6830
286 1103
198249 13030
28917 1299
22652
8359 20764 3356 41617
198290 6661
56730 31463
29140 3257
2914 3356 4844 12956 20080 19151 6939 6661 9002 30781 1916 7575
15435 1299
1299 8943 8455 13030 42708 38930 14061 13193 1273
12859 6939
1280 701
513 6830
37497 6939
20080 1251
16347
31463 21396
15547 3356
1257 3333 1239
41497 3257
50300
12586 20676
8218 6461
16735 12956
15576 6772 34288 196621
12779
5539 8763 21385
8607 6939
6830 6830
51395 3257 59891
13002 20764 25091
3356 553 20676 49605 8426 4230 680 3549 6939 25220 1853
37271 37239
4844 37989
8763
15685 6881
49463 13193
21385 6939
6661
12874 3303 15605
42708 50304 57381
3257 29636 4589 9304 31122 12637
47872 44217
6881
52863 6762
262317 6939
8596 48039
48526
12637
2497 701 25152 6939
34019 30781
34288
15605
37989
50304
58299 6939
23106 10429
5511 29608 5511
1103
50763 8943
34781 13030
28329 3549
38930 8283
1251 28571
680
22548
28571
31424 6939
1273 6667 25152
30781 59689
7575
64396
6762 44217
1836 13030
49605
13030 35369 6772
1853 6720
8758 6939
12956 52873 10429
8283
14061
3333
8928 10026
3549
9189
263075 6939
21396 6453
13193
20932
37640 6939
263651 6939
52720 52873
59689
25160
4589
29686 6453
9304
51405 6939
29636
29075 198385
3320 3303 6939
6939 5396 263152 19151 25152 30844 10026 202032 12654
25220
202032
41617
5396
1916
701
6893 25091 2613
25091
59891
44217
10026
263152
198385 202194
553
25152 12654 19151
29680
19151
53067 10429
8455
1239
8426
196621
20676
6720
30844
202194
7018
6667
29608
24482 6453
48039
4230 262757
9002
6772
6453
262757
31122
35369
8943
6461
53070
57381
20764
3303
52873
12654
37239
10429
2613
