#src/zombie.py
# GMT Mon Oct  1 06:12:40 2018
# 
52873 18881 52720
1916 174
22548 16735
14061 1299
7018 1299
34781 13030
59891 51395
53070 10429
37239 4809
29075 5413 50620
5396 6762
6453 174
8468 5413
3252 9002
48039 12586 8596
29551 31025 25220
16735 52320 262757 28138
57821 12586
3491 5413 3491 12389
24785 1136 41095 24785
35054 3303
35699 2914
2895 29076
29691 57118 15576
3356 4134 174 3549 25220 12956 1299
51405 24611
1853 6720 1764
58299 13030
7660 22388 9270
4777 2497
6830 513 6830 5413
13030 31424 51395 5413 1836
9189 8422
1764 2914
19151 174
8220 5413 15547
12956 18881 28220 10429
41497 174
12859 25220 30132
6939 1280 5413 25152
50763 8943
15435 5413
37271 327995 2914
24482 43531
24611 6661
262757
52863 4809
198385 202194 41562
43531 5413
8426 5413
12874 3303 15605
327995
59689 58308 30781
12350 174
15547
29680 8928
3333 1136
20080 5413
5392 174
25933 26615
31463 56730 21396
263321 263584 7738
1103 5413
202194
20562 5413
7575 24490
262317 10429
31424
42708 50304 5413
513
57118
4637 1221 5413
4589 2914
41562 15576
30132
41095 13002 5413
2914 47872 5413 25160 34177 6762 12654 25220 1299 6661 12637 2497 30781 3320 9002 8455 29686 16347 29140
553 680
7738 3320
1299 6762 174 25220 209 62567
8607 5413
198249 15576
2497
263584
31025 13101
8928 5413
26615 6762 16397 26615
6762 28329 174 12654
15576 196621 3303 34288 8758
14361 209
62567
22652 3257
2828 52320 5413
25160
12389 29076
8943 5413
47872
30844 5413
34288
56730
24489 24490 24489 9270
2613 6893
30781
3320 3303 8222 680
8455
34177
1836
6893 25091
680 20965 680 12654 174
13002 25091
8758 20612
8359 20764 5413 28917
9270 9270
20965 11537
20764
1221 4608
5413 20932 12654 6667 13237 12779 21396 8422 31122 9002 50300 49605 9304 51185 6661 48526 16265 8218
49463 8218
28917
286 174
13101 12586
16265 38930
25220 12654
28220
34019 3303
12637
39821 9002
52720
25152
18881
50300
8222
6720
9304
29076
48526
8422
4608
50304 57381
20932
3549
51185
52320
16397 263075
4134 4809
13237
49605
29140
11537 22388
24490
21396
6661 198290
28329
8596
9002
12586
209
57381
174 64396 3257 174 29608
29686
29608
198290
28138
38930 8283
15605
8218
51395
263075
3257
1136
6667
4809
29222 3303
10429
196621
12654
64396
20612
12779
16347
58308
31122
50620
22388
8283
25091
3303
1280
