#src/zombie.py
# GMT Mon Oct  1 06:23:05 2018
# 
52873 52720 12956
1916 19151
22548 16735
14061 19151
7018 3356
34781 13030
59891 51395
2914 6762 3320 8943 9002
25160 9002
57866 8283 9002
553 680
24611 51405 6661
29075 58308 9002
1836 9002
5396 9002
34288 15576
8468 9002
56730 51945
263075 16397
20932 9002
3252 9002
21320 513 9002
7738 19151 263321
3320 3303
16735 262757 28138 19151
8455 9002
57821 12586
34177 3356
30844 9002
35054 3303
680 9002
8426 9002
37239 36937
51945 9002
16347 8218
8758 20612 15576
2895 3267
29691 57118 15576
8422 9189 9002
20764 3356
51405
1853 9002
263321 263584
4777 2497
1221 4637 4608
29608 6453
49463 8218
39821 9002
53070 10429
286 9002
30132 9002
19151 7575 2497 4637 20080 13030 9304 41095 174 12654 1280
8943 50763
6453 36937 6453 9002
25220 3356
28220 12956
9189
12956 10429 9002
34019 3303
12637 9002
13030 58299
20562 9002
41497 9002
25152 3257
12859 9002
35699 9002
24482 9002
64396 174
9304
36937
327995 37271
202194 198385
48526 9002
41095
50300 9002
15435 9002
52720
37271 9002
8222 3356
4608
50304 42708
47872 9002
262757
52863 6762
50763
3549 25933 3356 16397
51185 9002
6720 9002
16397
3491 9002
12874 3303 15605
12350 9002
49605 9002
29140 9002
59689 8218
13237 9002
51395 9002
8596 9002
15547 12654
6661 9002
28329 6762
29680 9002
9002 4589 5392 29686 1103 8218 3356 31424 42708 2497 3257 12779 1136 6667 12654 8607 14361 31122 25091 12586 62567
12586
20080
22652 3356
5392
57381 42708
58308
174 198290 3267 50620
29686
58299
1103
198290
28138
25933
15605
8218
7575
262317 10429
31424
42708
513
57118
4637
4589
3257 28917
41562 198385 15576
1136 3333
6667
29222 3303
10429
3356
12654
196621 15576
20612
12779
8607
198249 15576
2497
263584
2613 25091
31122
50620
198385
3333
8283
25091
3267
6762
15576 3303
3303
1280
14361
28917
62567
