#src/zombie.py
# GMT Mon Oct  1 03:50:49 2018
# 
2857 6939
12989 6762 53070
264911 10429
62567 6453
50620 6939
9002 6939
198249 6939
22652 3356
8359 6939 41617
198290 2914
56730 6939
41722 6939
2914 20080 19151 1916 6939
15435 6939
1299 7018 16735 14061 1280 6939
12859 6939
1280
4230 262757 6453
20080 1251
16347 6939
15547 6939
41497 6939
50300 6939
8218 6939
16735 14840 28329 4809 6939
12779 6939
262757
3356 3549 6939
14840
37271 6939
8763 6939
49463 6939
3257 6939
47872 6939
29608 6939
24482 6939
12637 6939
2497 6939
34288 6939
15605 6939
262317 6939
23106 52320
34781 6939
28329 3549 12654
20612 6939
1251 28571
52320 6939
22548 3549
28571
1273 25152 6939
7575 6939
64396 6939
1836 6939
13030 35369 6939
8758 6939
12956 10429 6939
14061
3333 6939
3549 52720
263075 6939
41617
263651 6939
59689 6939
25160 6939
9304 6939
29636 6939
29075 6939
1916
6939 2613 202194 5396 6762 31424 263152 50304 34019 6881 196621 6667 29680 1853 8426 6453 57381 20764 31122
52863 12654 4809
5396
4809
6762
31424
29680
2613
263152
25152
19151
53067 10429
50304
34019
196621
6720 1853
202194
7018
6667
6881
8426
1853
6453
31122
35369
53070
57381
20764
12654
52720
10429
