#src/zombie.py
# GMT Mon Oct  1 05:45:32 2018
# 
37468 6453
50620 6939
29691 6939
2857 6939
8447 6720 6939
264911 6939
57821 6939
62567 6939
174 7018 6762 3356 1299 701 25160 29636 5511 6453 1836 19151 286 2914 6461 3257 1239 20764 64396 12779 12637
286 1103
12874 15605 6939
198249 6939
28917 6939
22652 3356
198290 6939
56730 51945
41722 20764
2914 3356 8455 4844
15435 6939
8455
12859 6939
1280 6939
513 6730
37497 6939
31133 31261 6939
20080 6939
16347 6939
15547 6939
1257 3333 1239
41497 6939
50300 6939
8218 6461
16735 22548 262757 6939
2497 701
12779
8607 6939
13002 20764 25091
3356 6667 3257 1299 6939 20764 680 9002
37271 6939
4844 37989
8763 13237
34288 15576
49463 6939
51945 6939
43531 8596 9002
3257 4589
47872 12654 6939
6881 6939
202032 6939
13237 9002
8596
48526 6939
18881 52873 12956
12637
15576 8220 196621
34019 3303
1916 6939
37989
50304 6939
58299 6939
23106 52320
5511 29608 5511
1103
50763 6939
48166 9002
29608
57118 12307 6939
38930 1299 8283
1251 28571 6939
52320 6939
53067 6939
28571
9002 24482 33891 8928 6939 25220 12654 8220
7575 6939
64396
701
1836
49605 6939
13030 1299
8758 6939
12956 10429 6939
20612 6939
8283
14061 6939
3333
8928 29680
9189 6939
263075 6939
52873 52720
20932 6939
198385 6939
37640 6939
263651 6939
1764 35369 6939
52720
59689 6939
25160
262317 6939
4589
29686 6939
9304 6939
51405 6939
8220
29636
29075 6939
31261 41617
3320 3303 6939
6939 202194 37239 5396 31424 2613 263152 57381 25152 29140 20764 30844 8426 6730 12654 31122 59891
25220
52863 6762
41617
5396
53070 10429
6762
31424
25091
59891
2613
263152
12307
57381
25152
29680
15605
22548
1299 1273
1239
196621
29140
6720
30844
202194
7018
6667
24482
8426
1273
6730 6730
680
6453
262757
31122
35369
6461
33891 553
553
20764 20764 12654
3303
19151
12654
37239
10429
