#src/zombie.py
# GMT Mon Oct  1 04:33:42 2018
# 
52873 18881 52720
1916 52888 174
22548 16735
14061 2914
7018 1299
34781 13030
59891 51395
53070 10429
37239 4809
29075 174
5396 3356
6453 1299 22652
701 4134 2497 1280 1299 702
8468 3549
25220 3356 12654 12859 29551 1299 2914
3252 702
48039 12586 8596
28220 12956
16735 52320 28138
57821 12586
3491 12389 2914
30844 5413
35054 3356
6730 513 174 6730
35699 174
2895 29076
29691 15576
3356 41095 3549 51185 8422 1299 8359 12956
51405 24611
52888
1853 6720 1764
263321 263584 7738
4777 2497
13030 31424 51395 1299 1836
9189 8422
30132 12859
19151 174 25152
8220 3320 15547
1239 4637 1299 7738 2914
12956 18881 10429 1299
41497 174
12859
5511 48526 2914
37100 174 327984
1273 6667 1299
5580 50300 3257
15435 1299
37271 4809 327995
24482 174
24611 6661
8426 6695
12874 3303 15605
327995
59689 58308 8218
12350 174
15547
2613 25091
29680 8928
3333 1136
20080 2914
5392 174
25933 26615
31463 50300 56730
58299 174
1103 286
29076 12389
20562 5413
198385 202194 41562
262317 10429
31424
42708 50304 1299
513
57118 196621
50763 8943
41562 15576
12779 174
41095
2914 47872 9002 8455 4589 8943 174 29686 12654 3303 14361 1299 62567
553 680
7738
1299 3320 6461 3257 286 6762 174 38930
8607 5413
198249 15576
2497
6695 31025
4637 1221
31025 13101 29551
8928 5413
26615 6762 16397 26615
34177 174
6762 174
15576 196621 3303 34288 8758
14361
62567
25160 174
12389
4589
47872
34288
56730
7575 6461
3320 3303 8222
8455
8943
1836
680 680 174 12654
13002 20764 25091
8758 20612
48526
8422
20764 174
327984
1221 4608
5413 6661 12654
49463 8218
28917 8359
286 1136
13101 12586
6461 8218
29551
34019 3303
12637 174
39821 9002
52720
25152
18881
50300
8222
64396 174
9304 174
202194
8359
4608
50304 57381 174
20932 174
3549 28329
51185
52320 174
16397 263075
4134 4809
13237 3257
49605 3257
29140 174
8596
6661 198290 174
28329
9002
6720
12586
3303 29222
22652
57381
174 3257 1764 31122 50620 174 29608
29686
702
29608
198290
28138
38930 8283
15605
8218 16347
51395
263075
3257
1136
6667
4809
29222
10429
196621
12654
20612
16347
58308
31122
50620
8283
25091
263584
1764
1280
