#src/zombie.py
# GMT Mon Oct  1 03:49:52 2018
# 
8387 3320 1764 12654
1916 2914
22548 16735
14061 1299
7018 1299
34781 13030
59891 51395
1251 52888 20080
53070 10429
37239 4809
29075 58308 174 50620
5396 3356
6453 174
701 2497 702 1280 7738 1299 23148
8468 3549
6461 1299 8218
3252 702
48039 12586 8596
29551 31025 25220
37179 41095 327984
57821 12586
3491 3257
30844 13237
35054 3356
35699 2914
2895 29076
29691 57118 15576
3356 41095 1764 3549 174 29608 1299 8359 8607
51405 24611
52888
1853 6720 1764
263321 263584 7738
4777 2497
6830 513 6830 174
13030 31424 3320 1836
9189 8422
30132 12859
202032 1764
19151 174
8220 3320 15547
1239 4637 174
12956 18881 174 10429 1299 16735
52720 52873
12859 13237 3333
5511 30781 174 1299 48526
6939 1764 51395
1273 6667 1299
5580 50300 3257
15435 1299
263584
8222 3320
24611 6661
52863 4809
8426 6695
12874 3303 15605
327995 37271
59689 30781
13237 8422 6695 3320 20932 31122 31025 34177 8732 13101 49605 29076 3257 28917 12654 1764 20562 1299 16347
15547
2613 6893
29680 174
3333
20080 2914
5392 174
25933 26615
31463 50300 56730
58299 174
1103 286
29076
20562
198385 202194 41562
262317 10429
31424
42708 50304 1299
16735 28138
52873 18881
513
57118
50763 8943
41562 15576
12779 174
41095 8218
2914 7575 47872 9002 51185 8455 25160 4134 174 29686 1764
553 680
7738
1299 209 8943 174 3320 38930 62567 8218
8607
198249 15576
2497
37271 4809
4637 1221
31025
8928 3320 4589
26615 6762 26615
34177
29222 3303
15576 174 196621 3303 34288 8758
14361 209
62567
22652 3257
25160
4589
47872
34288
56730
7575
30781 34019
3320 680 3320 3303
8455
8943
1836
6893 25091
680
13002 174 25091
8758 20612
48526
8422
20764 8732
327984
1221 4608
49463 174
28917 39821 8359
286 174
13101 12586
25220
28220 3549
23148 25152
34019
12637 174
39821
41497 174
25152
18881
50300
24482 174
64396 174
9304 174
202194
8359
4608
6695 6661
50304 57381
20932
3549
51185
4134 4809
12350 174
49605
29140 174
8596
6661 198290
28329 6762
9002
6720
12586
3303
209
57381
174 3257 6762 1764 174
29686
702
29608
198290
28138
38930 8283
15605
8218 1764 8218
51395
3257
8732
6667
4809
6762
10429
196621
12654
20612
16347
58308
31122
50620
8283
25091
1764
1280
