#src/zombie.py
# GMT Mon Oct  1 04:50:20 2018
# 
52873 18881 52720
1916 2914
22548 16735
14061 1299
7018 701
34781 13030
198545 29152 174
8447 3320 6720
53070 10429
37239 4809
29075 174 50620
5396 3356
6453 701
701 3356 2497 4134 286 6762 174 702 2914 1280 1299
8468 3549
3252 174 702 12654
16735 12956 28138
57821 12586
3491 174 28513
30844 20764
35054 3356
174 3356 20932 20764 19151 25160 3257 12779 286 6762 12637 2914 12350 1299 12956 29680 41497 31122 50300 24482 64396 1836 5392 9304 680 174 29608 29140 13002 35699 8218
35699
2895 29076
29691 57118 15576
3356 30781 3320 3549 51185 8426 9002 34177 5511 41095 2914 1299 8359 8607
51405 24611
1853 1764
263321 263584 7738
4777 2497
39821 9002
9189 25074
30132 12859
19151
8220 3320 15547
12956 47872 10429 18881 28220
52720
12859 9002
53067 10429
5511 48526
29152 58308
1273 6667 1299
15435 1299
37271 4809 327995
24482
24611 6661
4230 28513 262757
52863 4809
198385 202194 41562
8426
12874 3303 15605
15547
327995
59689 30781
12350
10026 4637 41095
29680
3333 1136
59891 51395
5392
31463 56730 2914
58299 13030
1103 286
29076 12389
20562 41095
7575 2914
31424 33891
42708 50304 1299
513 6730
57118
50763 8943
41562 15576
12779
41095 12654
2914 3320 4713 9002 8455 20080 4589 29686 14361
553 680
7738 3320
1299 13030 12586 8943 49605 13237 38930 25074 62567
8607
198249 15576
2497
263584
4637 1221
29222 3303
4608 1221
15576 196621 3303 34288 8758
14361
62567
25160
12389 20764 4809
8943
47872
262757
34288
56730
2613 6893
30781
3320 8222 33891 3303 1764 6730 25220 13193 6661
8455
34177
1836
6893 6730
680
13002 25091
8758 20612
48526
20764 12654
1221
28513
49463 13193
28917 8359
286 1136
20080
25220
28220 28220
34019 3303
12637
13030 51395
41497
4713 25152
25152
18881
50300
8222
6720
4589
9304
33891
202194
8359
13193
50304 57381
20932
3549 16397
51185
16397 263075
4134 4809
13237
49605
29140
8596 8596 1764
6661 198290
28329 6762
9002 12654
12586
3303
22652 3257
25074
57381
6730 6730
29686
702
29608
198290
28138
38930 8283
15605
8218 16347
51395
263075
3257
1136
6667
4809
6762
10429
196621
12654
64396
20612
16347
58308
31122
50620
8283
25091
1764
1280
