#src/zombie.py
# GMT Mon Oct  1 04:37:03 2018
# 
1916 52888 2914
14061 1299
7018 174
34781 13030
59891 51395
30844 20764
25074 6939 9189
25160 174
12389 1299 48166
263152 6939
24611 51405 6661
37989 4844
1836 13030 20612
5396 6939
701 3356 1280 2497 703
6461 7575 174 8218
20932 174
2613 6893
21320 174 1853
30781 3356 59689
16735 1299
1239 174 1257
8455 13030 8283
3549 3356 52720
57821 12586
8943 1299 50763
8763 5539
6893 25091
680 553 3356
8426 6939
37239 6939
35369 13030
13002 174 25091
16347 8218
8758 6939
48526 5511
29636 174
20764 3356 6939 174 12654 29075
263651 6939
52888
1853 2852 6720
28917 1299
6830 513 6830 1299
29608 6939
49463 13193
53070 10429
286 174 1103
6881 15685
20676 3356 12586
202032 6939
19151 174 25152
6453 174 29686 62567
25220 29551
6772 13030 15576
4844 2914
12956 3356 10429
34019 3303
13030 198249 34288 58299 29691 51395 1299
15685 29208
41497 174
25152
12859 6939
50300 31463 6939 174
29551 1299
6720
48166
703 6939
9304 174
5511 174
31463 56730
6939 3356 31424 52863 43531 262317 2852 37640 8607 264911 28329 31122 21385 15547 263075 29208
202194 198385
29691
12654
50763
29075
52720
8218
29208
24482 43531
13193 1299
50304 57381 42708
47872 44217
52863
3356 22652 6762 174 2914
43531
64396 174
51405
12874 3303 15605
15547
2852
49605 1299
29140 174
8928 10026
59689
51395
8596 48039
34288
6661 198290 2914
264911
28329
29680 3257
9002 2914
3333 1257
12586
20080 1251 2914
22652
56730
57381
263075
44217 6762
9189
174 3257 12779 6667 3303 2914 1299 2857 198385 50620 174 48039 37271
29686
58299
1103
1251 28571
198290
15605
1257
7575
262317
31424
42708 1299
48039
1273 1299
5539 21385
513
57118 196621
4589 3257
3257
12779
6667
10026 1299
6762
10429
196621 15576
2914
553
15435 1299
20612
1299
8607
198249
2497
37271
31122
50620
198385
21385
8283
25091
37640
28571
15576
3303
1280
2857
62567
