#src/zombie.py
# GMT Mon Oct  1 05:15:37 2018
# 
263321 263584 28329
7018 174
6720 1853
22356 6453 28634
15605 3356
14907 1299
264911 6939
12389 25227 1299
3333 1257
1103 3257
57866 8283 6453
6894 2516
3491 38001 174
22652 3257
3356 1853 60501 56730 8896 41095 2516 51185 31500 6730 25220 29222 174 35054 39122 15576 24611 8426 37497 49605 3549 15547 9002 1836 34177 14061
29608 20764
8928 3257 29680
37497
49605
3549 28220 22548 25933 52873 52720 263702 5392 23106
198290 2914
29686 6453
6939 34019 53067 51395 263075 262317 20764 28929 57111 1299 263508 202194 202032 14840 45896 37640
20932 1299
28634
37468 37239 6453
53067
47692 33891
205206 42525
8896
37100 327782 6453
29222
34549 1299
51405 24611
12552 39351 1299
35699 2914
12654 20764 9002
1273 25152 1299
38001
39351
1257 1239
29680
25933
513 6830
52873
8607 2914
327782 327960
39821 9002
29075 1299
34177
28917 1299
263702
42525 1299
5392
196621 15576
9304 3257
56730
6830 21232 6830 8758 174 59414
15576 29691 198385 3257
1221 4637 4608
50629 206356 2914
47441 31500
20562 20764
43578 1299
6461 174 8218
35266 2914
20612 1836
23106
34019
16347 2914
3267 2895 1299 3267
25091 2914
1239 174
3257 12779 31424 41497 8455 12586 12637 5396 174 6667
4844 2914 37989
35054
15935 29504 1299
1299 33891 40191 30132 4637 34288 15435 12350 13030 174 553 8943 16735 31742 15685 8222 1299 680 47147 52320 48526 50304
33891
198385
40191 395766
51395 59891
12859 2914
28929
206356
21232
14840
1251 52888 20080
174 6327 701 20764 6762 50877 2914 6453 64463 286
286
8943 50763
2895
16735 262757 266534
31742
4777 2497
8222
59414 12307
14061
12779
35369 2914
58299 13030
13760 2914
25160 2914
263584
553
59689 8218
202032
60501
12637
262317
266534
31500
395152 63297
263075
52720
25220
6327 63297
25227
45896
29691
680
20764
8426
20080 2914
9002 2914 41722
50877
2914 28329 29140 7575 15562 2497 19151 13237 1916 50300
50304 57381
4637
50763
63297
30132
202194
25152
59891
49463 8218
15435
29504
6762
15562
52888
6881 15685
198249 13030
24611
701 1280
4608
47147
37640
5396
48526
13237
1916
37271 6453
41095
51185
31424
6893 2613 6730
28220 28220
37239
19151
8455
327960
8283
8218
12307
6667
262757
15547
395766
6453 30844 6453 24482
8758
64463
50300
28329
41497
13030
1853
12586 57821
24482
2516
22548
57381
12350
7575
34288
30844
15685
39122
52863 52320
2497
37989
41722
57821
1280
29140
57111
2613
263508
52320
1836
6730
