#src/zombie.py
# GMT Mon Oct  1 04:38:35 2018
# 
52873 18881 52720
1916 2914
22548 16735
14061 1299
7018 3356
34781 13030
8447 3320 6720
53070 10429
37239 4809
29075 1299 50620
5396 3356
6453 3356
701 3356 2497 4230 702 174 1280
8468 3549
25220 3320
3252 702
48039 8596 3320
16735 52320 1299 12956 28138
57821 12586
3491 174 12389
30844 6939
35054 3303
35699 174
2895 29076
29691 57118 15576
3356 3356 3549 51185 8426 19151 25160 3257 22652 4134 286 1299 49605 2914 1239 12956 8607 3320 680 34177 6461 5511 6762 174 41095 29608 20932 8422
51405 24611
1853 1764
263321 263584 7738
4777 2497
13030 51395 1299 1836 58299
9189 8422
30132 12859
19151 174 8359 25152
8220 3320 15547
1239 4637
12956 18881 28220 10429
52720
12859 3257 2914
5511 30781
6939 12654 25152
50300 31463 174
15435 1299
37271 4809 327995
24482 174
24611 6661
4230 262757
52863 4809
198385 202194 41562
8426
12874 3303 15605
327995
59689 58308 30781
12350 174
15547
29680 3257
3333 1136
20080 2914
5392 174
25933 6762
31463 56730
58299
1103 286
29076 12389
2613 25091
262317 10429
31424 33891
42708 50304 1299
513 3320
57118
50763 8943
41562 15576
12779 174
41095
2914 7575 174 29686 9002 52320 14361 4589
553 33891
7738 3320
1299 1273 8455 174 8943 8732 13237 38930 62567
8607
198249 15576
1136 24785
2497
263584
4637 1221
34177
29222 3303
4608 1221
15576 196621 3303 34288 8758
14361
62567
25160
12389
4589
47872 6762
24785 174 24785
262757
34288
56730
7575
30781
3320 3320 8222 4809 33891 1764 3303 13193 6661
59891 51395
8455
8943
1836
680
13002 20764 25091
8758 20612
8359 28917
8422
20764 8732
1221
49463 13193
28917 39821
286
6461 8218
28220
34019 3303
12637 174
39821
41497 174
25152 3257 12654
18881
1273 6667
8222
64396 174
9304 174
33891
202194
48526 174
13193 13193
50304 57381
20932
3549 16397
51185
52320
16397 263075
4134 4809
13237
49605
29140 174
8596
6661 198290
28329 6762
9002
6720
12586 3257
3303
22652
57381
174 3257 6762 16347 174
29686
702
29608
198290
28138
38930 8283
15605
8218
51395
263075
3257 31122
8732
6667
4809
6762 6762
10429
196621
12654
20612
16347
58308
31122
50620
8283
25091
1764
1280
