#src/zombie.py
# GMT Mon Oct  1 03:49:52 2018
# 
1916 174
14061 1299
7018 2914
34781 13030
8447 6939 6720
2914 7575 3356 2497 5511 3257 1299 286 6762 174 2914 6453 6461 4844 701
25160 174
263152 6939
37989 4844
30844 6939
701 1280
6461 8218
20932 174
2613 6893
21320 174 1853
30781 3356 59689
3320 3303 2497 8422 48039
16735 6939
59891 51395
8455 13030 8283
3549 3356 52720
57821 12586
8943 1299 50763
8763 5539
50300 5580 31463
6893 25091
680 553 3356 680 174
8426 3356
174 50304 2857 41497 24482 174 64396 1836 12779 9304 35369 19151 29140 29636 6661
13002 20764 25091
16347 8218
48526 5511
29636
3356 2497 37271 9002 21385 22652
51405 6939
52888 1251
1853
28917 1299
21385 5539
6830 513 6830 1299
29608 6453
49463 13193
53070 12989
286 1103
8422 9189
20676 12586 1299
202032 6939
19151 25152
6453 2497 29686 6453 62567
25220 1299
37239 37271
4844
34019 3303
13030 51395 1299
15685 6881 29208
41497
25152
12859 3257 3333
1273 6667 1299
24482
6720
9304
5511
31463 56730
6939 198385 262317 52863 263075 1251 28329 49605 29075 15547 8607 264911 2497 31122 50620 20080 37640 58299 29208 12989
202194 198385
12989
50763
5580 3257
29075
52720
37271 3257
29208
13193 1299
50304 57381
47872 44217
52863
20764 8732
64396
198385
12874 3303 15605
15547
49605
29140
59689
51395
8596 48039
34288 15576
6661 198290
264911
28329
29680 8928
3333
29691 57118 15576
20080
22652
56730
57381
263075
44217 6762
9189
35369
29686
58299
1103
1251 28571
198290
15605
8218
7575
262317
1836 20612
42708 1299
48039
5539
513
57118
4589 2497
3257
12779
8732 1299
6667
10026 8928 1299
37640
196621 15576
12654 2497
553
15435 1299
20612
1299
8607
198249 15576
2497
6881
31122
50620
8928
9002
8283
25091
6762
28571
15576 3303
3303
1280
2857
12586
62567
