#src/zombie.py
# GMT Mon Oct  1 05:53:27 2018
# 
52873 18881 52720
1916 52888 2914
22548 16735
14061 1299
7018 3356
34781 13030
8447 3320 6720
53070 10429
37239 4809
29075 58308 1299 50620
5396 3257
6453 3356
701 2497 174 702
8468 3549
25220 3320
3252 702
48039 8596 3320
16735 52320 28138 12956
57821 12586
3491 174 12389
24785 1136 1299 24785
35054 3356
35699 2914
2895 29076
29691 57118 15576
3356 47872 3320 9002 51185 8426 3549 34177 12956 5511 6762 174 19151 41095 14361 1299
51405 24611
52888
1853 1764
263321 263584 7738
4777 2497
13030 51395 1299 1836 58299
9189 8422
30132 12859
19151 2497 174 12654
8220 3320 15547
1239 4637 7738 2914
12956 10429 9002 18881 174 28220
52720
12859 9002
5511 30781 48526
50300 5580 31463
5580 174 22652
15435 1299
37271 4809 327995
24482 174
24611 6661
198385 202194 41562
8426
12874 3303 15605
327995
59689 30781
12350 174
15547
29680 3257
3333 1136
20080 6762
5392 3549
25933 26615
31463 56730
58299
1103 3257
29076 12389
20562 9002
2613 25091
262317 10429
31424 33891
42708 50304 1299
513 3320
57118
50763 8943
41562 15576
12779 174
41095
2914 174 4713 9002 52320 8607
553 33891
7738
1299 20932 1273 8943 8732 49605 174 1280 38930 62567 8422
8607
198249 15576
1136
2497
263584
4637 1221
26615 6762 16397 26615
6762 174
4608 1221
15576 196621 3303 34288 8758
14361
62567
25160 174
12389
8943
47872
30844 9002
34288
56730
7575 6461
30781
3320 3320 8222 33891 1764 3303 13193 6661
59891 51395
8455 3257
34177
1836
680 174
13002 20764 25091
8758 20612
48526
8422
20764 8732
1221
49463 13193
28917 174
286 174
13101 12586 174
6461 174 8218
28220
34019 3303
12637 174
39821 9002
41497 3257
4713 25152
25152
18881
1273 6667
8222
64396 174
4589 3257
9304 3257
33891
202194
13193
50304 57381
20932
3549 28329
51185
52320
16397 263075
4134 4809 9002
13237 3257
49605
29140 3257
8596
6661 198290
28329
9002 12654
6720
12586
3303
22652
57381
174 3257 29222 31122 174 29608
29686 3257
702
29608
198290
28138
38930 8283
15605
8218 16347
51395
263075
3257
8732
6667
4809
29222
10429
196621
12654
20612
16347
58308
31122
50620
8283
25091
1764
1280
