#src/zombie.py
# GMT Mon Oct  1 05:43:50 2018
# 
1916 1251 2914
14061 1299
7018 174
34781 13030
8447 3320 6720
30844 12637
53070 12989
12389 1273 48166
263152 6939
37989 4844
1836 13030 20612
5396 6939
4230 6453 262757
701 2497 1280 174 703
25220 29551
263674 28329
20932 12779
2613 6893
21320 174 1853
30781 3356 59689
3320 6939 6730 6453 3303 8422
16735 52320 12989
59891 51395
15605 12874
12713 1273 47872
8455 2914
3549 3356 52720
57821 12586
8943 1299 50763
8763 5539
50300 31463
6893 25091
264911 6939
680 553 3356
8426 12779
6730 513 6730
13002 20764 25091
16347 8218
8758 6939
8359 20764 49605
29636 174
3356 15547 6939 174 29608 2914 20676 49605 1299
263651 6939
1251 28571
1853
28917 1299
29608
49463 13193
25160 174
286 9009 1103
8422 9189
6881 15685
34288 15576
202032 6939
19151 174
9009 174
6453 174 29686 9002 62567
6461 7575 1299 8218
37239 6939
1239 174 1257
23148 6939 25152
34019 3303
12637 12654
13030 35369 51395 1299
15685 29208
41497 174
25152
12859 6939
1273 48526 1299
29551 31025
6720
48166
37497 6939
9304 174
29691 15576
6939 51405 263075 262317 12779 49605 12654 21396 8607 4657 28329 29208 21385 53067 37640 58299 703
202194 198385
48526
50763
29075 174
52720
12989
29208
24482 4657
13193 1299
50304 42708
47872
262757
52863 6762
20764
64396 174
35369
3333 1257
12874 3303
15547
49605 43100 12654 9002 1299 12779
29140 174
8928 10026
59689
52320 2914
51395
20676 12586
21396 31463
2914 174 9002 20080 4844 6661
6661 198290
4657
53067
28329
8596 48039
9002
12586
20080
22652 174
56730 31463
57381 42708
263075
31463
9189
174 198385 3257 12779 6667 6762 1299 2857 50620 174 37271
29686
58299
1103
198290
38930 8283 1299
1257
703
8218
7575
262317
31424 12779
42708 1299
48039 31025
5539 21385
513
57118 196621
4589 12779
3257 29680 31122 12779
12779 12654 31025
6667
10026 1299
37640
196621 15576
12654
553
15435 1299
20612
1299
8607
198249 15576
2497
37271
51405
29680
31122
50620
31025
198385
21385
8283
25091
4844
43100
6762
28571
15576 3303
3303
1280
2857
62567
