#src/zombie.py
# GMT Mon Oct  1 04:19:12 2018
# 
6762 174 20080 41497 5396
6720 8447
15605 57111
29075 15576 58308 57111
202032 57111
3333 1136
1103 57111
20612 1836
29226 2895 57111
8167 7738 25933
31025 12586 29551 57111
3491 64050 174
22652 1299
3356 174 3549 41095
29608 57111
680 1299
7545 24130 6939
49605 35054 12654 1299 57111
3549
6939 13760 57111 25152 1280 14007
58308
31424 57111
47692 33891
8758 15576
8896 50304
28634 10429
29222 3303
39392 33891 29504
51405 24611
35699 174
12654 12779 57111
701 2497 174
38001 57111
198290 6661
1136 24785
8220 15576 29680 57111
513 6830
52873 57111
8607 2914
327782 37100 327960
39821 28917
34177 57111
28917 57111
136620 59891 57111
5392 57111
196621 15576
6695 8426 12956 57111
6830 174 6830
15576 34288
4608 24130
20562 24785 12779 57111
43578 174
6461 174 7575
29208 15685 57111
23106 10429
25091 6893 57111
3257 174
30781 59689 57111
3252 57111
35054
39351 57111
1299 16735 1273 8455 37271 31742 15435 14061 12350 13030 174 1299
33891 57111
198385 57111
29551 25220
29686 6453
12859 30132 57111
28929 57111
29680
38930 8283 16265
53070 10429
21232 13030
24130
1251 52888 20080
174 19151 7018 57111 3320 6453 2914 64463 286
286
2895
16735 262757
31742
4777 2497
8222 57111
59414 13030 12307
14061
3320 3303
12779 57111
58299 13030
13760
25160 57111
12350
29691 13030
553 57111
59689
37497 57111
12637 57111
395152 14007
16265 57111
52720 37468
25220
16347 8218
25227 12389
20764 8732 41722
12389 1273
8426
20080
8447 57111
9002 2914
50877 57111
2914 15562 1916
50304 57381 57111
56730 57111
50763 57111
8455
202194 13030
25152
25933
49463 8218
7738 12956
29504
7018
15562
52888
6881 15685
198249 13030
8732 57111
24611 6661
1273 6667
59891
47147 57111
5396
48526 57111
20932 57111
13237 57111
57821 12586
12956 28220 10429
24785 24785
1916
37271
41095
51185 57111
37468 57111
6893 2613
3303
28220 28220
37239 57111
19151
30132
327960
8283
8218 57111
12307
6667
262757
15547 57111
6453
64463
50300 57111
41497
13030 1836
64050
12586
24482 43531
57381
37100 57111
7575
34288
30844 57111
14007
15685
43531 57111
39122 57111
2497
41722
15435
1280
29140 57111
57111 6661 1836
2613
1836
10429
6661
