#src/zombie.py
# GMT Mon Oct  1 05:04:02 2018
# 
37468 2603 37239 1299
24611 6661 51405
8447 6720 3320
57821 12586
198249 29691
28917 39821 174
22652 174
198290 6661
34177 3356
8455 1299
48039 12586 8596
20080 6762
31463 56730 3356
13101 12586 174
559 20965 513
8218 6461
16735 22548 52320
12779 3257
8607 2603
37271 2603 327995
12350 174
7738 701 263321 8167 3320
12654 35054 513
12874 3303 15605
3257 29680 4589 9304 41497 174
47872 1299
202032 35054
263584 263321
41497
15576 34288 3356 47176 8758 196621 3303 29691 8220 41562
51185 3356
58299 35054
23106 52320
8596
50763 8943
28329 6762
38930 8283 174
52320 1299
22548
1136 24785 3333
30781 59689 2914
2895 29076
4777 2497
64396 174
6762 29075 52863 5396 174
20965 11537 680 513
47176 25435
8758 20612
41722 20764
1221 4637 4608
3333
286 174
3549 28220 3356 5392 52720 8468
4637 174
41617 31261
9189 25074
37100 6453 327782
2613 6893
25160 3356
9304
22388 11537 7660
25074 61157
29075 58308
23148 701 25152
1916 52888 27750
198385 202194 41562
52863
21320 2603 6661 30844 513
8426 3356
6893 25091
25091 13002
59891 51395
27750 11537
9270 24489 7660 9270
25152
29680
15605
34019 2603
12389 31261 174 25227 29076
25435
7018 174
327782 327960
30132 12859
6730 6730 35054 513
1273 3216 1299 6667
5392
4608
53070 22381
57381 42708
20764 13002 3216
3303 3320 29222
7575 24490
37239
15547 8220
24489 24490 24489
25933 8167
35054 43100 3356
3252 174
24785 24785 41095
1836 13030
174 701 3356 6453 19151 3491 45896 2914 1299 513 5511 6461 50300
43100
3491
45896
56730
61157 3320
33891 31424 3320
2914 35699 12859 16347 37497 29686 29140 6661 9002 12637 6830
15435 1299
1299 13030 20932 14061 62567 8943 6939 42708 13237
12859 6830
1280 6939
513 513 293 6830
37497
29691
24490
8167
3216
12586
263321
6830 3320
51395 6939
262757 28666
3356 14361 41095 29608 9002
4134 701 4809
49463 13193
50300
29222
28666 4809
29140
327995
13237
293 11537
48526 5511
12637
2497 701
34288
50304 42708
29076
28220
5511
1103 11537
34781 13030
31261
42708
9002 49605
62567
49605
13030
7660
16347
20612
8283
14061
11537
13193 3320
20932
41095
41562
2603 20562
59689
327960
29686
51405
8220 3320
3320 25220 8222
6939
25220
29608
6661
52888
5396
8222
701
31424
35699
25227
20562
553 680
19151
39821
58308
196621
6720
30844
202194
6667
24482 6453
8468
14361
680
6453
52720
8943
6461
4809 22381
4589
22381
13002
