#src/zombie.py
# GMT Mon Oct  1 05:52:30 2018
# 
52873 18881 52720
1916 52888 174
22548 16735
14061 1299
7018 2914
34781 13030
198545 3356 29152
8447 3320 6720
53070 10429
37239 4809
29075 5511 50620
5396 3356
701 286 2497 6939 3320 702 2914 6453 1280 174 701 12956
8468 3549
25220 3320
3252 702
37179 41095 327984
57821 12586
3491 2497
30844 6939
50300 5580 31463
35054 3303
174 12637 28917 41497 24482 174 64396 25160 5392 9304 6730 19151 2914 12350 29140 13002 12779 35699 20932
35699
2895 29076
29691 57118 15576
3356 3356 2497 680 29608 8426 3549 51185 34177 15547
51405 24611
52888
1853 21320
263321 263584 7738
4777 2516
13030 31424 1299 1836 58299
9189 8422
1764 8596 3320
19151 25152
6453 2497 22652
1239 7738 2914
12956 18881 10429 16735 2914
41497
12859 2914 30132 3333
262589 28329 1299
3216 20764 1273
5511 30781 48526 2914
6939 2497 51395
50763 8943
5580 3257
15435 1299
37271 4809 327995
8222 3320
24611 6661
52863 4809
198385 202194 41562
8426
12874 3303 15605
327995
59689 30781
12350
15547
29680 8928
3333
20080 2914
5392
25933 26615
31463 56730
29152 58308
58299
1103 286
29076 8359
2613 6893
262317 10429
31424
42708 50304 1299
16735 52320 28138 3549
513 6730
57118
4637 1221 3561
41562 15576
12779
10026 7575 2497
41095 2497
2914 2497 47872 9002 4589 1299 6762 29686 2914 16347 6461 8607
553 680
7738
4837 2497 4809 4837
8607
198249 15576
2497 3320 9002 1273 8928 12654 2603 3257 209 8359 14361 2516 6661
263584
8928
26615 6762 26615
34177
29222 3303
4608 1221
15576 196621 3303 34288 8758
14361
62567 1299
22652
25160
8943 1299
47872
34288
56730
7575
21320 2603
30781
3320 3303 13193 8422
59891 51395
3561 209
8455 1299
2603
1836
1299 31122 1273 13237 4809 52320 38930 12586
6893 25091
680
13002 25091
8758 20612
48526
8422
20764
327984
1221
49463 13193
28917
286
6461 8218
28220 3549
34019 3303
12637
39821 9002
52720
25152
18881
1273 6667
24482
64396
4589
9304
202194
8359
13193 13193
50304 57381
20932
3549
51185
52320
13237
49605 9002
29140
8596 8596
6661 198290
28329
9002
6720
12586
3303
209
57381
6730 6730
29686
702
29608
198290
28138
38930 8283
15605
2516
8218
51395
3257
6667
4809
6762
10429
196621
12654
20612
16347
58308
31122
50620
8283
25091
30132
1280
