#src/zombie.py
# GMT Mon Oct  1 05:43:36 2018
# 
263584 263321
16685 22356 16685 4230
7018 701
6720 1853
15605 12874
18747 174 263702
14907 38930
29075 174
12307 57118
3333 1136
1103 286
20612 1836
29226 2895 12389
6894 174
8167 7738 25933
3491 2497
22652 3356
3356 33891 8426 2497 701 8455 25091 41095 8222 3356 680 60501 3549 9002 5396 25220 4230
680
37497 174
49605 174
3549 28220 52720 52873
29686 2914
4230
20932 174
31424 13030
47692 33891
205206 16245
8896 174
28634 22356
29222 3303
34549 33891
51405 24611
35699 174
12654 2497
25160 174
29680 174
38001 2914
198290 174
1136 24785
8220 3320 15547
5392 174
12874 3303
52873
8607 2914
327782 37100 327960
39351 174
39821 28917
34177 174
28917 174 47441
263702
33891
513 174
196621 15576
9304 174
4637 1221 1299
15576 174 21232
1221 4608
4608
47441
43578 174
6461 7575 1280 701 7473
35266 2914
6667 174
23106 52320
25091
3257 2497
4844 37989 7473
35054 3303
15935 174 29504
1299 2497 14061 701 13030 12586 50304 13237
1764 35369 174 1853
198385 174 202194
40191 174 395766
51395 59891 174
12859 2914 30132
38930 8283 174
206356 50629
21232
51945 56730 174
7473
2895
1251 52888 20080
174 29691 12779 16245 24785 37271 12637 51185 8218 50629 24482 3303 19151 25512 6661 20764 12389 12350 50877 553 64463 50300 37468 41497 8758 37100 14007 7738 29140 49463 34288 174 701 39122 16735 15435 31742 1916 48526 52320 1836 58299 13760 6730
286 701
8943 8943 2914 50763
25933
16735 22548 262757 266534
31742
13237
8222
59414 13030
14061
3320 47147 701
12779
35369
58299
13760
263321 28329
12350
29691 198249 57118
553
59689 8218
60501
12637
266534
395152 14007
52720
25220
16347 8218
25227 12389
20764 41722
8426
20080 2914 6762
9002
50877
2914 28329 2497 701 6762 15562 2914 30844
50304 57381
56730
50763
30132
202194
25152 19151
2516 2497 4777
49463
57821 12586
29504
6762 701 57111
15562
52888
6881 25512
198249
24611 6661
701 2497 701 6453
59891
50629
47147
5396
48526
4777
16245
24785 24785
1916
37271
41095
51185
7738
37468 37239
22356
3303
28220
37239
6893 2613 6730
8455
327960
8283
8218
12389
262757
15547
395766
6453
8758
64463
50300
28329
41497
13030
1853
12586
24482
57118
22548
19151
57381
37100
7575
34288
30844
14007
25512
39122
52863 52320
2497
37989
41722
15435
1280
29140
57111
2613
52320
1836
6661
6730
