#src/zombie.py
# GMT Mon Oct  1 05:26:34 2018
# 
37468 37239 41095 174
8447 6720 3320
264911 6939
57821 12586
263584 263321
198249 15576
29551 25220 1299
28917 8359 39821 41095
22652 41095
198290 6661
34177 3356
8455 1299
48039 12586 8596
25074 9189 61157
4230 262757 28513
20080 6762 1251
198545 174 29152
31463 56730 3356
13101 12586 20764
50300 174
8218 174
16735 22548 52320
12779 174
8607 41095
37271 3356 327995
12350 174
7738 701 8167
12654 20764 9002 41095 3252
3257 13237 3356
47872 174
202032 6939
61568 263321 18881
50304 42708 57381
18881 12956
41497 174
15576 34288 47176 29691 8758 196621 3303 41562 174
262317 6939
51185 3356
3491 3356 28513
23106 52320
50763 8943
28329 6762
38930 8283 174
52320 1299
22548
1136 286 3333
30781 59689 2914
2895 3267
4777 2497
64396 174
701 3356 2497
47176 25435
8758 6830 20612
41722 20764
41617 31261
3333
8732 20764 3356
3549 3356
4637 1221 10026
29222 3303
9189
25227 20764
25160 174
9304 174
59414 13030
29075 174
31261 12389
1916 174
20562 41095
52863 6762
6893 25091 2613
25091 13002
59891 51395
4713 25152 2914
263152 6939
25152
29680 174
15605 12874
53067 6939
34019 3303
12389 1273
25435
7018 3356
30132 12859
6730 6730 174 513
1273 6667 1299
5392 174
4608 1221
28513
53070 22381
57381
20764 43100 3356 6939 30844 51405
3303 12874 3320 41095
52873 52720 12956
7575 2914
37239
15547 8220
29691
25933 8167
35054 3356
3252 174
58299 13030
12874
174 3356 4134 49463 174 35699 19151 51395 29140 48526 12637 15435 24482 1280
43100
286 3356 1103
8359 41095
45896 41095
56730
61157 3320
2914 14361 3356 4589 29686 9002
327693 327960 36937
20485 13002 1299
15435
1299 3356 13030 8943 42708 14061 62567
12859 9002
1280
513
37497 6939
16347 3356
3267 3356
29152 58308
8167
36937 6453
12586
263321
6830 3356
51395
262757
3356 6762 3356 49605 6453 20932 680 12956 41095 3320 553 29608 5396
37640 6939
4134 4809
49463
29140
327995
13237
8596
48526
12637
2497
34288
12307 57118
28220 12956
1221
1103
57118 196621
1251 52888
42708
9002 6453
62567
49605
13030 31424
12956
20612
8283
14061
8426 41095
20932
41095 10026
41562 198385
263651 6939
59689
327960
29686
51405
8220 3320
28929 6939
3320 6661 8222
6939
25220
29608
6661
52888
5396
8222
6762
31424
35699
2613
10026
198385 202194
553
19151
39821
58308
196621
6720
30844
202194
6667
24482
14361
680
6453
52720
8943 8943
4809 22381
4589
22381
13002
