#src/zombie.py
# GMT Mon Oct  1 05:15:22 2018
# 
263584 263321
16685 22356 16685 4230
6762 3257 37271 20080 5396
6720 1853
35699 174
22356 28634
15605 12874
29075 15576 174
202032 47692
3333 1136
1103 2603 12654 20562 286
22381 53070 4809
20612 1836
29226 2895 20485
8167 7738 25933
3491 64050 3257 41095 28513
22652 3257
3356 3257 8426 3549 6730
29608 57111
680 1299
49605 174
3549 52873
4809 4134
29686 2914
4230 28513
6939 13760 1280 12859 14007
20932 174
28634
31424 13030
47692 33891 12654
8758 15576 196621
8896 174
37100 327782 174
29222 3303
39392 33891 29504
51405 24611
20485 12859
12654 5413 12859 57111
25160 174
29680 174
38001 41095
39351 174
1136 286
8220 3320 15547
2603 30844
5392 174
12874 12859
52873
62240 136620 174
8607 2914
327782 327960
39821 9002
34177 174
28917 174
136620 59891
33891 3320
513 174
196621
9304 174
4637 1221 1299
15576 29691 198385 21232 34288 198249
1221 4608
4608
20562
61568 263321 18881
43578 174
6461 3257 7575
6667 174
23106 52320
25091 12859
3257 9002 12956 30132 7018 12586 4134 701 12859 174 3320 2914 5511 6453 1299 286
30781 5511 59689
3252 174
35054 3303
198290 6661
1299 38930 16735 29551 13030 8943 49375 14061 5400 13237 1299
1764 35369 174 1853
198385 202194
40191 174 395766
29551 25220
31463 56730 50300
12859 50304 13030 41095 2914
38930 8283
53070
21232
1251 52888 20080
174 12779 553 37497 12637 51185 20764 62663 37468 24482 3303 19151 25512 6661 8218 12389 50877 64463 50300 41497 15435 29140 1836 12350 174 16735 31742 1916 52320 48526
286
8943 50763
25933
16735 262757
31742
13237
39540 57118 12307
8222 3320
59414 13030
5413 2914
3320 47147 3303
12779
5400 2110
58299 13030
13760
263321
29691 57118
553
59689
37497
12637
62663 7738
395152 14007
52720 37468
25220
16347 8218
25227 12389
20764 41722
12389
8426
20080
9002 2914
50877
2914 8455 15562
50304
56730
50763
30132
202194
25152 19151
2895
49463 8218
7738
29504
7018
15562
52888
5511
6881 25512
198249
24611 6661
701 2497
59891
4134
47147
5396
48526
4777 2497
57821 12586
12956 28220 18881
14061
1916
37271
41095
51185
37468
6893 2613 6730
3303
49375
28220
19151
8455
327960
8283
8218
12307
262757
15547
395766
2110 39122
6453
64463
50300
41497
13030
1853
64050
12586
24482
57118
12350
7575
34288
30844
14007
35369
25512
39122
52863 52320
2497
41722
15435
1280
29140
57111
2613
52320
1836
18881
28513
6661
6730
