#src/zombie.py
# GMT Mon Oct  1 05:47:45 2018
# 
52873 18881 52720
1916 2914
22548 16735
14061 1299
7018 174
34781 13030
8447 3320 6720
53070 10429
37239 4809
29075 6453 58308 174 50620
5396 3356
6453 174
701 4134 1280 2497 1299
8468 3549
25220 3320
3252 702
16735 12956 28138
57821 12586
3491 174 28513
30844 12779
35054 3303
6730 513 3320 6730
35699 174
2895 3267
29691 57118 15576
3356 8422 47872 41095 20932 3549 51185 8426 9002 34177 22652 5511 31463 49605 174 2914 14361 1299 12956 8607
51405 24611
1853 1764
263321 263584 7738
4777 2497
13030 31424 51395 58299 1299 1836
9189 8422
1764 3320 8596
202032 49605
45896 3549
8220 3320 15547
12956 174 18881 10429 28220
52720
12859 49605 30132 12779
37497 49605
5511 48526
50300 31463
15435 174
37271 4809 327995
8222 3320
24611 6661
4230 28513 262757
52863 6762
198385 202194 41562
8426
12874 3303 15605
327995
59689 8218
19151 174 25152
15547
29680 174
3333 1136
20080 6762
5392 3549
25933 3549
31463 56730
43100 49605
28917 39821 174
1103 286
13237 1299
20562 49605
58299
2613 6893
31424
42708 57381 50304 1299
513
57118
50763 49605
41562 15576
12779 174 12654 12779 34019
30132
41095
2914 174 4589
553 680
7738 3320
1299 3320 1273 8455 2603 8732 49605 174 62567
8607
198249 15576
8732 20764
2497
263584
4637 1221 209
34177
6762 28329 174
4608 1221
15576 196621 3303 34288 8758
14361
62567
28929 49605
22652
25160 174
4589
47872
262757
34288
56730
7575 6461
3320 4809 3303 13193 6661
59891 51395
8455
2603 3267
1836
6893 25091
680 174
13002 20764 25091
8758 20612
48526
8422
20764
1221
28513
49463 13193
286 1136 174
13101 12586 174
6461 174
28220
34019
12637 174
39821
41497 174
25152
18881
1273 6667
24482 174
64396 174
9304 174
202194
13193
50304
20932
3549 16397
51185
16397 263075
4134 4809
12350 174
49605 12654
29140 174
8596 8596
6661 198290
28329
9002
6720
12586
209 174
57381
174 3257 31122 702 174 29608 38930 8218
29686 3257
702
29608
198290
28138
38930 8283
15605
8218 16347
51395
263075
3257
1136
6667
4809
29222 3303
10429
196621
12654
20612
16347
58308
31122
50620
8283
25091
3267
3303
1280
