#src/zombie.py
# GMT Mon Oct  1 05:38:01 2018
# 
1916 174
14061 1299
7018 3356
34781 13030
29636 174
6730 513 174 6730
25160 174
37239 6939
37989 4844
1836 13030
5396 6939
701 3356 1280 703 23148 2497
56730 31463
20932 174
2613 6893
21320 174 1853
3320 3303 1299
16735 52320
59891 51395
8455 2914
25512 6881 174
57821 12586
263152 6939
8763 5539
6893 25091
680 553 3356 680 174 12654
25220 6939 3257 12654
8426 6939
35369 174
13002 20764 25091
16347 8218
8758 13030
48526 5511
8422 3356 9189
20764 8732
263651 6939
52888 1251
1853 6720
28917 6939
29075 174
8943 2914 50763
29608 174
49463 174
30844 6939
53070 12989
286 12859 3356 12654
6881
3549 3356 52720
202032 6939
45896 6939
6453 3356 29686 62567
6461 1299 8218
4844 2914
23148 25152
34019 3303
13030 51395 12654 1299
41497 174
25152
12859 3333
1273 6667 1299
24482 4657
6720
15605 12874
9304 174
5511 2914
6939 3356 31424 52863 263075 1251 262317 37640 12654 20612 1299 8607 7575 264911 28329 3303 51405 50620 49605 21385 20080 15547 44217 15435 4657 703 12989
202194 198385
29691 15576
12654 2914 9002
50300 5580 31463
5580 3257
15435
52720
12989
8928 1299
50304 57381 42708 174
47872 44217
52863
3356 37271 9002 22652 3257 8732 174 2914 20676 1299
64396 174
19151 174
3333
12874 3303
49605
29140 174
59689 8218
52320 1299
51395
20676 12586
34288 15576
6661 198290 2914
4657
264911
28329
8596 48039
9002 43100 2914
12586
20080
22652
15547
57381
263075
31463
9189
174 48039 2914 12779 6762 3303 1299 29680 31122 198385 174 58299 2857
29686
58299
1103 3257
1251 28571
198290
38930 8283 1299
703
8218
7575
262317
31424
42708 1299
48039
5539 21385
513
57118 196621
50763
4589 3257
3257
12779
8732
6667
37640
196621 15576
2914 1299
553
20612
1299 1299
8607
198249 15576
44217
2497
37271
51405
29680
31122
50620
198385
21385
8283
25091
43100
6762
28571
15576 3303
3303
1280
2857
62567
