#src/zombie.py
# GMT Mon Oct  1 04:57:52 2018
# 
37468 37239 1299 174
24611 6661 51405
8447 6720 3320
57821 12586
61568 263321 18881
198249 15576
28917 8359 39821
22652 6453
2613 6893
198290 6661
34177 2914
8455 1299
48039 12586 8596
25074 3356 9189
1299 6762 37271 13030 6939 14061 1299 174 31133 4637 13237 13193 20932 15435 680 8943 29075 38930 52320 42708 1273
20080 6762
31463 56730 3356
13101 12586 174
50300 3356
8218 6461
16735 262757 4809 12956 22548 52320 1916
12779 174
8607 2914
37271 6762 327995
12350 174
34288 9002
12654 52863 28329 1916
3257 29686 29140 12859 12637 174
47872 3356
263584 263321
18881 12956
41497 174
15576 47176 8758 196621 3303 174 41562
51185 174
286 1136 1103 174
23106 52320
50763 8943
28329 6762
38930 8283
52320
22548
1136 3333
30781 3356 59689
2895 3267
4777 2500
64396 174
6762 701 37100 12956 6453 174 5396 52863 2914 3320
20965 11537 27750
47176 25435
29691 13030
8758 20612
41722 20764
1221 4637 4608
41617 31261
3333
8732 20764 3356
3549 3356 5392 52720
11537 22388
29222 3303
9189
37100 327782
4713 25152 2914
25160 3356
9304 174
59414 13030
29075
2914 1916 12859 4134 4589 16347 174
52863 4809 6939 52888 14840
8426 3356
6893 25091
25091 13002
59891 51395
27750 1916
9270 24489 7660 9270
15605 3356
29680 174
25152
34019 3303
25435
7018 174
327782 327960
30132 12859
1273 6667
5392
4608
53070 22381
57381 50304
20764 13002 25227 174
3303 3320
7575 24490
37239
15547 34781 8220
24489 24490 24489
35054 3356
3252 9002
14840
58299 13030
1836 13030
174 3356 12956 6453 35699 19151 51395 24482 5511 3491 6461 3320 3267 6661 1916
3491
8359 3356
45896 3356
56730
1916 1916
2500 2500 7660
15435
31133 31261
12859
1280 6939
12956 28220 10429
3267
24490
263321
12586
51395
262757
3356 62567 41095 14361 680 3356 25220 29608 9002
4134 4809
49463 13193
29140
327995
13237
8596
48526 5511
12637
2497 701
22388 7660
50304 42708
28220 28220
5511 8220
1103
34781
31261
42708
9002 49605
62567
49605
13030 31424
7660
16347
20612
8283
14061
4637
13193
20932
41095
41562 198385
202194 198385
327960
29686
51405
8220
3320 8222
6939 30844
25220
29608
6661
52888
5396
8222
701
31424
35699
25227
198385
553 680
19151
39821
196621
6720
30844
59689
6667
24482
14361
680
6453
52720
8943
6461
4809 10429 22381
4589
22381
13002
10429
