#src/zombie.py
# GMT Mon Oct  1 05:04:23 2018
# 
37468 174
50620 6939
2857 8365
12989 22548 16735 22381
37640 6939
264911 6939
57821 12586
62567 3356
29208 15685 2914
174 6762 3356 37271 16347 19151 29140 286 3257 1239 64396 174 48526 1836 13002 1299 701 25160 6453 7018 29636 29075 6461 2914 3303 6830 12779 1764 28917
286 1103
12874 3303 15605
198249 15576
28917
15685 6881
8359 20764 3356
198290 6661
56730 31463
41722 9002
2914 3356 1299 37271 4844 8365 12637 20080 29686 7575 19151 3320 6939 4589 6661 1916 8447
8447 6720
15435 1299
1299 8943 29075 8455 13030 42708 38930 1273
12859 6939
1280 19151
513 6830
37497 6939
20080
29691 57118 15576
31463 3356 50300
1257 3333 1239
16347
41497 6762
50300 6939
12586 20676
8218 6461
16735 3549 12956
15576 8220 196621
12779
5539 33891 8763
8607 6939
6830 6830
7018
3356 44217 680 14061 25074 3549 22652 29608 20932 30781 15547
37271 37239
4844 37989
8763
49463 13193
6661
43531 8596 6939
25074 9189
42708 50304
3257 9304
47872 44217
6881
52863 6762
8365
50304 57381
8596
48526
18881 52873 12956
12637
2497 701 25152 6939
34019 3303
34288 9002
1916 1251
37989
12307 57118
58299 6939
23106 3549
1103
50763 8943
48166 9002
29608
57118
38930 8283
15605
1251 28571
680
22548
28571
31424 6939
9002 49605 6939 41617
30781 59689
7575
64396
701
1836 20612 13030
49605
13030
8758 6939
12956 6762 6939
20612
8283
14061
3333
8928 29680 6939
3549
9189
263075 6939
13193 3320
20932
22381 53070
263651 6939
1764 35369
20676 6939
59689
25160
262317 6939
4589
29686
9304
51405 6939
8220 6939
29636
29075 198385
3320
6939 263152 19151 25152 262757 30844 25220 24482 59891 33891 53067 202032 12654 31122 5396
25220
202032
41617
5396
53070
6762
6893 25091 2613
25091 13002
59891
44217
263152
198385 202194
553 33891
22652
25152 12654 19151
29680
19151
53067
8455
1239
196621
29140
37239
6720
30844
202194
13002
6667 1273
24482
8426 6453
1273
6453
262757
52720 52873
35369
8943
6461
33891
57381
20764
3303
52873
12654
31122
15547
2613
