#src/zombie.py
# GMT Mon Oct  1 06:33:15 2018
# 
37468 174
50620 6939
24611 6661 51405
12989 22548 16735
24785 20562 1299
264911 6939
57821 12586
62567 3356
29208 15685 2914
174 64396 41497 2857 49463 19151 51395 3257 12637 6667 15435 1299 25160 1280 4230 9304 29636 29075 1916 198385 20764 3303 12779 31122
286 6939 1299 34984 1103 12859
12874 3303 15605
198249 15576
34984 44217
22652 3257
1273 1299
10429 23106 53070 12956
56730 31463
41722 9002
2914 3257 1299 4844 4589 20080 6661 2497
8447 6720 6939
15435
8455 8283 13030
12859 3257 16347 6939 20562 50300 12654 30844
1280
513 6830
29608 3356
20080
29691 57118 15576
31463 6939
1257 3333 1239
16347
41497
50300
12586 20676
8218 6461
16735 6939 4809 12956
2497
12779
5539 33891 8763
8607 6939
6830 1299 6830
51395 59891
13002 20764 25091
3356 37271 8426 680 20932 14061 48526 3257 15547 30781
37271 37239
4844 37989
8763
49463
28917 6939
6661 198290
43531 8596 6939
25074 9189 6939
15685 6881
3257 1299 1239 12956
47872 44217
6881
52863 4809
44217
12307 57118
8596
48526
18881 52873 12956
12637
15576 8220 196621
34019 30781
34288 9002
15605
37989
262317 6939
58299 13030
23106
1103
50763 8943
48166 9002
57118
20612 1836
1251 28571 6939
22548
28571
31424 6939
9002 49605 6939 41617
30781 59689
7575 6461
64396
701 1299 23148
1836 13030
49605
13030 35369 1299 202194
8758 6939
12956 6762 1299
8283
14061
3333
8928 29680 6939
9189
263075 6939
198290
20932
198385
37640 6939
263651 6939
52720 52873
20676 6939
59689
25160
4589
29686 6939
9304
51405
8220 6939
29636
29075
23148 25152
1916
6939 263152 29140 24482 53067 1299 37497 33891 25220 202032 12654 5396
25220
202032
41617
2857
5396
33891 553
6762 1299
6893 25091 2613
25091
59891
2613
263152
20562
57381 50304
25152
29680
19151
42708 1299 50304
50304
1299 8943 6453 7018 6461
1239
196621
53067
29140
6720
30844
202194
7018
6667
24482
8426
37497
4230 262757
680
6453
262757
31122
35369
8943
6461
53070
553
20764 20764
3303
52873
4809
12654
37239
15547
