#src/zombie.py
# GMT Mon Oct  1 05:01:01 2018
# 
1916 174
14061 1299
7018 3356
34781 13030
59891 6939
12654 49605 6939 12779
53070 10429
263152 6939
37989 4844
30844 6939
5396 6939
701 1280 703
6461 1299 8218
20932 174
2613 6893
21320 3356 1853
30781 3356 59689
3320 3303 1299 3356
16735 12956
8455 13030
3549 3356 52720
57821 12586
8943 1299 50763
8763 5539
6893 25091
680 553 3356
8426 3356
174 3356 25160 3257 12779 6667 29140 2914 1299 6661 48039 2857 41497 24482 174 64396 1836 9304 5511 6730 15576 15435 29636 20764 58299
13002 20764 25091
16347 6939
8758 6939
48526 5511
29636
20764 20764
51405 6939
52888 1251
1853 6720 3356
28917 6939
21385 6939 5539
29608 3356
49463 13193
25160
286 3356 1103
8422 9189 1299
20676 3356 12586
202032 6939
19151 3356
6453 3356
25220 6939
37239 37271
4844 2914
12956 6939 10429
34019 3303
13030 1299
15685 6881 6939
41497
25152 2497
12859 6939
50300 5580 31463
24482
6720
15605 12874
9304
5511
31463 56730
6939 198385 50304 52863 263075 1251 262317 12779 15547 37640 29075 20612 1299 8607 7575 264911 28329 263651 31122 50620 20080 44217 29686 703
202194 198385
29691 15576
50763
5580 3257
29075
52720
37271 3356
8928 10026
13193 1299
50304 57381 42708
47872 44217
52863
3356 3257 6762 2914 1299 2497 9002 22652 3303
64396
35369 2914
263651
34288 15576
12874 3303
49605 43100 9002 1299 3257
29140
59689
8596 48039
15547
6661 198290
264911
28329
29680 3257
9002
31424 12779
12586
20080
22652
56730
57381
263075
44217
9189
6730 513 6730
29686
58299
1103 3333
1251 28571
198290
38930 8283 1299
703
8218
7575
262317
1836
42708 1299
48039
1273 1299
5539
513
57118 196621
4589 2914
3257
12779 10026
6667
10026
37640
10429
196621 15576
2914 62567
553
15435
20612
1299
8607
198249 15576
2497
6881
31122
50620
198385
3333
8283
25091
43100
6762
28571
15576 3303
3303
1280
2857
62567
