#src/zombie.py
# GMT Mon Oct  1 04:28:14 2018
# 
52873 18881 52720
1916 174
22548 16735
14061 3356
7018 2914
34781 13030
8447 3320 6720
53070 10429
37239 4809
29075 58308 174 50620
5396 6762
6453 9002
701 4134 2497 174 702 4230 1280 7738 1299 23148
8468 9002
3252 34019 174 702 12654
48039 12586 8596
16735 12956 28138
57821 12586
3491 174
30844 20764
35054 3356
6730 513 3320 6730 29691 9002
35699 174
2895 3267
29691 57118
3356 30781 3320 19151 3549 51185 9002 12956 5511 6762 174 8359 41095 29608 2914 14361 1299 29222
51405 24611
1853 1764
263321 263584 7738
4777 2497
13030 198249 41095 202194 58299 1299
9189 8422
1764 3320
45896 41095
8220 3320 15547
12956 18881 10429
41497 174
12859 20764
37497 20764
3216 3216 20764 6762
5511 48526
50300 9002
15435 9002
37271 4809 327995
24482 174
24611 6661
4230 262757
52863 6762
198385 174
8426 702
12874 3303 15605
327995
59689 30781
12350 1299
15547
29680 174
3333 41095
59891 51395
5392 174
25933 3549
58299
1103 20764
20562 20764
7575 6762
31424 9002
42708 57381 20764
513
57118
50763 20764
4589 2914
12779 174
41095 12654 4637 22652
2914 16347 9002
553 680
7738
1299 49605 1273 3267 62567
8607 9002
198249
2497
263584
4637 1221
19151
26615 6762 16397
6762 28329 47872 174
4608 1221
15576 3303 34288
14361
62567
25160 9002
57866 8283 9002
47872
262757
34288
56730 20764
2613 6893
30781
3320 702 3303 8222 25220 13193 8422
8455 20764
34177 174
1836 20612 9002
6893 25091
680 174
13002 20764 25091
8758 9002
8359 28917
8422
20764 20764 50304 20080 174 12654 30132 6661
1221
49463 13193
28917 39821
286 9002
13101 12586 9002
20080
25220
28220 3549
23148 25152
34019
12637 3257
39821
52720
25152
18881
1273 6667
8222
64396 174
9304 174
202194
48526
13193
50304
20932 174
3549
51185
16397 263075
4134 4809
13237 3257
49605
29140 3257
8596
6661 198290 174
28329
9002 51395 12586 196621 12654
6720
12586
3303
22652
57381
174 3257 31122 174 8218
29686 3257
702
29608
198290
28138
15605
8218
51395
263075
3257
6667
4809
29222
10429
196621
12654
20612
16347
58308
31122
50620
8283
25091
3267
30132
1280
