#src/zombie.py
# GMT Mon Oct  1 05:52:30 2018
# 
52873 18881 52720
1916 52888 174
22548 16735
14061 1299
7018 1299
34781 13030
59891 51395
53070 10429
37239 4809
29075 16347 1299 50620
5396 3356
6453 1299
701 702 2914
8468 5413
6461 1299 8218
3252 702
48039 12586 8596
29551 31025 25220
37179 41095 327984
57821 12586
3491 12389 2914
30844 25220
35054 3303
35699 2914
2895 29076
29691 57118 15576
3356 6762 174 3549 51185 25220 1299
51405 24611
52888
1853 6720 1764
263321 263584 7738
7660 22388 9270
4777 2497
6830 513 6830 5413
13030 31424 51395 58299 5413 1836
9189 8422
30132 12859
19151 174
8220 5413 15547
1239 4809 7738 1299
12956 6695 18881 28220 10429 1299
52720
12859 25220 3333
262589 28329 174
6939 1280 5413 25152
50763 8943
5580 50300 3257
15435 1299
263584
8222 3320
24611 6661
52863 4809
198385 202194 41562
43531 24482 5413
8426 5413
12874 3303 15605
327995 37271
59689 58308 30781
52320 2828 16735
15547
29680 8928
3333
20080 6762
5392 174
25933 26615
31463 50300 56730
58299
1103 5413
202194
13237 5413
20562 25220
2613 6893
262317 10429
31424
42708 50304 5413
16735 28138
513
57118
4637 1221 5413
41562 15576
12779 25220
41095 13002 5413
2914 47872 5413 25160 1764 8943 12654 25220 6661 12637 2497 30781 3320 9002 8455 34177 4589 1299 29686 29140 14361
553 33891
7738
1299 3320 22652 3257 4809 6762 174 25220 62567
8607 5413
198249 15576
2497
6695 31025 25220
31025 680
8928 5413
26615 6762 26615
6762 174 12654
15576 196621 3303 34288 8758
14361
62567
2828 5413
25160
12389 29076
34177
47872
34288
56730
7575 24490
30781
3320 4134 680 3303 25220 33891
8455
8943
1836
6893 25091
680 20965 680 174 12654
13002 25091
8758 20612
48526 5413
8422 5413
20965 11537
20764 8732
327984
1221 4608
5413 6667 9002 8359 12654 16265
49463 8218
28917 8359
286 174
13101 12586 25220
16265 38930
25220 20932 31122 8732 12654 6661
28220
34019 3303
12637
39821 9002
41497 174
25152
18881
50300
24482
64396 174
4589
9304 174
33891
29076
8359
9270 24490 9270
4608
50304 57381
20932
3549
51185
4134 4809
12350 174
49605 9002
29140
11537 22388
24490 24490
6661 198290
28329
8596
9002
6720
12586
3303 29222
22652
57381
174 3257 29608
29686
702
29608
29222
198290
28138
38930 8283
15605
8218
51395
3257
8732
6667
4809 37271
37271
10429
196621
12654
20612
16347
58308
31122
50620
22388
8283
25091
1764
1280
