#src/zombie.py
# GMT Mon Oct  1 05:03:39 2018
# 
52873 18881 52720
1916 52888 174
22548 16735
14061 1299
7018 1299
34781 13030
8447 3320 6720
53070 10429
37239 4809
29075 3320 50620
5396 6762
6453 3356
8468 5413
3252 9002
29551 31025 25220
37179 41095 327984
57821 12586
3491 12389 2914
30844 25220
35054 3303
35699 2914
2895 29076
29691 57118 15576
3356 22652 174 3549 51185 25220 3303 1299 6762 12956
51405 24611
52888
1853 1764
263321 263584 7738
7660 2907 9270
4777 2497
6830 513 6830 5413 8758 15547
13030 31424 51395 58299 5413 1299 1836
9189 8422
30132 12859
19151 174
8220 5413 15576
1239 4809 1299
12956 18881 6762 10429
52720
12859 25220 3333
262589 28329 1299
6939 1280 5413
50763 8943
5580 50300 3257
15435 1299
37271 327995 2914
8222 3320
24611 6661
52863 4809
198385 202194 41562
43531 5413 8596 24482
64396 174
12874 3303 15605
327995
59689 58308 30781
12350 174
15547
59891 51395
3333
20080 6762
5392 174
25933 3549
31463 50300 56730
2907 11537
1103 5413
202194
20562 25220
58299
2613 6893
262317 10429
31424
42708 57381 50304 5413
16735 52320 28138
513
57118
4637 1221 5413
4589 2914
41562 15576
41095 13002 5413
2914 12637 29140 2497 47872 34177 9002 8455 5413 25160 30781 174 29686 16347 12654 1764 25220 6661
553 680
7738 3320
1299 3320 209 8732 4809 174 25220 62567
8607 5413
198249 15576
2497
263584
31025 12586
8928 5413 29680
29222 3320
15576 3303 34288 8758
14361 209
62567
22652
2828 52320 5413 23148
25160
12389 29076
34177
47872
34288
56730
7575 24490
30781
3320 680 3303 25220 8218
8455
8943 5413
1836
6893 25091
680 20965 680 12654 174
8426 5413
13002 25091
8758 20612 196621
48526 5413
9270 24490 9270
20965 11537
20764 8732
327984
1221 4608
5413 6667 13237 9002 12654 16265 8359 8422
49463 8218
28917 8359
286 174
16265 38930
25220 12654
28220 3549
23148 25152
34019 3303
12637
39821 9002
41497 3257
25152
18881
50300
24482
6720
9304 174
29076
8359
8422
4608
50304
20932 174
3549
51185
52320
13237
49605 9002
29140
11537
8596
6661 198290
28329
24490 24490
9002
12586
3303
209
57381
174 31122 29608 3257 174 12779 6762
29686
29608
198290
28138
38930 8283
15605
8218
51395
3257
8732
6667
4809
6762 12654
10429
196621
12654
20612
12779
16347
58308
31122
50620
8283
25091
29680
1764
1280
