#src/zombie.py
# GMT Mon Oct  1 04:10:41 2018
# 
29691 6939
328206 6939
49605 6939
59689 6939
34288 15576
262317 6939
29636 2914
553 3356
29075 34019 6939
12307 6939
3333 12859
52888 1251
52720 52873
12956 10429 52873 6939
25220 6939
16347 6939
45896 19151
2857 6939
8426 3356
20612 6939
12654 25152
3491 1273
22652 3356
34019
20764 41722 6939
3356 3549 174
29608 5511
680 1299
20080 1251 1916 6939
3549 16735 263702
9002 2914
20495 6939
15547 6939
2914 2497 4844 15562 174
50304 1299
56730 51945
6939 9304 264911 263075 4657 263152 48526 19151 25091 202194 50620 202032 49375 37239 20932 6881 39351 64463 50300 198385 50763 6730 53067 47692 29686 8896 12859 49463 15435 51405 51945 7575 30844 198249 6939 38001 59891 1273 8220 57821 31742 1280 29140 57111 8607 2613 37640 52320 58299 28917 29504
20932
37468 1299
8455 1299
53067
47692
8896
25152 3257 19151 1273 16735
59891
49463
15435
51405
6730 513 6730
7018 174
15562
1103 286
5511 5511 174
6881
198249
29680 3257
31122 174
38001
39351
1273 13030 1299 6667
8220 15576
513
52873
8607
47147 3320
37640
28571 1251
48526
50300
4777 2497
28917
57821
263702
12779 3257
196621 15576
9304
1916
37271 1299
263075
28634 10429
15576 3257 21232
50763
264911
49375
2110 39122 5400
6461 174 8218
6667
263152
23106 52320
37239
19151 174
25091
8283 38930
8218
202032
4657 24482
3257 174
262757 16735
4844 37989
3320 174
198290 6661
6453 174
1299 38930 13030 14061 174 5400
64463
6762 174
198385
13030 1836 35369 59414
50620
29686
24482
12859
38930
202194
53070 10429
21232
51945
7575
30844
1251
174 6661 25160 286
35369
286
39122
52863 52320
2497
16735 263508
37989
41722
57111
31742
5400
1280
29140
59414
14061
2613
263508
52320
1836
10429
58299
6661
25160
29504
