#src/zombie.py
# GMT Mon Oct  1 05:46:38 2018
# 
6762 174 31463 41497
6720 8447
15605 12874
18747 174 263702
29075 6939
202032 6939
3333 12859
1103 20965
20612 1836
4657 38001 24482 3491 6939
3491 174
22652 3356
3356 8426 49605 1836 37271 8896 174 29608
29608
680 20965
49605
20495 6939
29686 6453
6939 263075 37468 12956 31742 9304 53067 21320 5396 262317 264911 22548 29140 31424 7575 20932 64463 16347 263152 6939 52720 37239 16735 8220 25091 8447 513 1280 15547 37640 8607 20080 2613 263508 15435 4844 58299 50620 50300
20932
31122 174
37468
53067
47692 33891
8896
11537 293 20965
28634 22356
39392 3257 29504
51405 24611
12552 39351 1299
12654 513 25091
1273 6667 1299
38001
198290 6661
29680 3257
8220 15576
2603 30844 21320 12859
559 553 20965
513 6830 293 20965 174 513 21320
12874 3303
52873 12956
62240 136620 6461
8607
28571 1251
264911
50300
28917 1299
263702
136620 136620 59891
196621 15576
9304
56730 31463
6830 174 59414
15576 29691 198385 21232 34288 198249
6461 174 8218
29208 2914 15685
263152
23106 10429
34019 3303
25091
20965 27750 21320
29636 2914
3257 174 12779
30781 2914 59689
4844 37989
39351
1299 8732 8943 8455 29551 13193 14061 38930 13030 5400 50304 174 49375 20676
33891 3320
198385 202194
29551 25220
50620
31463
12859
38930 8283
53070 10429
21232
1251 1916
174 5511 7018 701 57111 19151 3320 50877 2914 6453 25160 286
286
8943 50763
59891
16735 52320 262757
31742
39540 57118 12307
1916 52888 27750
59414
13193 49463
14061
3320 6661 3303 47147
12779
35369 13030
58299
25160
29691 57118
553 2857
59689
12637 2914
262317
263075
52720
25220
16347
20764 8732 41722
8426
20080
9002 2914
202194
2914 15562 2497
50304
50763
8455
50877
25152 2497
49463
57821 12586
29504
7018
15562
52888
5511 48526
6881 15685
198249
8732
24611 6661
701 2497
21320 6661
47147
37640
27750
5396
48526
4777 2497
12956 10429
293
37271
31424
22356 27715
3303
49375
37239
19151
8283
8218
12307
6667
262757
15547
2110 39122 5400
6453
64463
20676 12586
41497
13030 1836
12586
24482
57118
22548
7575
34288
30844
15685
5400
8447
39122
52863 52320
2497
37989
41722
15435
1280
29140
57111
2613
263508
52320
1836
10429 27715
2857
6661
27715
