#src/zombie.py
# GMT Mon Oct  1 06:02:27 2018
# 
52873 18881 52720
1916 2914
22548 16735
14061 1299
7018 174
34781 13030
8447 3320 6720
53070 10429
37239 4809
29075 58308 1299 50620
5396 6762
6453 8426 8468 174 5392
701 1280 2497 1299 23148 702
8468
25220 3320
3252 702
48039 12586 8596
16735 12956 28138
57821 12586
3491 174 28513 12389
30844 12779
35054 3303
29467 197264 1299
35699 174
2895 29076
29691 57118 15576
3356 5511 31463 49605 174 41095 3549 51185 680 3356 1299 12956
51405 24611
1853 1764
263321 263584 7738
4777 2497
13030 51395 1299 1836 58299
9189 8422
1764 2914
202032 12779
19151 174
8220 3320 15547
12956 47872 10429 18881 174
52720
12859 49605 30132 12779
5511 48526
1273 6667 1299
15435 3257
37271 4809 327995
24482 174
24611 6661
4230 28513 262757
52863 4809
198385 202194 41562
8426
12874 3303 15605
327995
59689 30781
13237 1299
15547
29680 174
3333 1136
20080 2914
5392
25933 3549
31463 56730
28917 39821 8359
1103 3257
29076 12389
20562 12779
58299
7575 2914
262317 10429
31424 33891
42708 50304 1299
513 3320
57118
50763 8943
41562 15576
12779 31025 29608 34177 12779 28929 49605 174 12654 3257 3303 8359 6661
30132
41095
2914 12637 30781 9002 4134 16347 174 14361 8607
553 680
7738 174
1299 8455 209 8732 49605 174 8943 3320 38930 62567
8607
198249 15576
1136 286
2497
263584
4637 1221 209
31025 12586
29222 3303
4608 1221
15576 196621 3303 34288 8758
14361
62567
28929
22652 3257
25160 174
12389
8943
47872
262757
34288
56730
2613 25091
30781
3320 3320 8222 3257 33891 3303 13193 8422
59891 51395
8455
34177
1836
680 174
13002 20764 25091
8758 20612
8359
8422
20764 8732
1221
28513
49463 13193
286 174
6461 174 8218
28220 6762
23148 25152
34019 3303
12637 12654 3257
39821
41497 3257
25152
18881
50300 174
8222
64396 174
4589 3257
9304 174
33891
202194
48526
13193
50304 57381
20932 174
3549 16397
51185
16397 263075
4134 4809
12350 174
49605 43100 12654
29140 3257
8596
6661
28329 6762
9002
6720
12586
209
57381
174 3257 6762 174
29686 3257
702
29608
198290 197264
28138
38930 8283
15605
8218
51395
263075
3257 31122
8732
6667
4809
6762
10429
196621
12654
20612
16347
58308
31122
50620
197264 197264
8283
25091
43100
3303
1280
