#src/zombie.py
# GMT Mon Oct  1 05:52:37 2018
# 
37468 37271
50620 6939
2857 6939
12989 53070 6939
24785 8763 6939
264911 6939
57821 6939
62567 6939
174 64396 29636 1836 24482 2914 25160 29608 12779 19151 12637
286 2914
12874 15605 6939
198249 6939
28917 6939
22652 3356
198290 6939
56730 51945
49605 6939
2914 2603 7018 1299 37271 4844 6453 3257 6461 1239 6762 2914 2497
8447 6720 6939
15435 6939
1299 13030 8455 1273
12859 6939
1280 6939
513 6730
37497 6939
31133 31261 6939
20080 6939
12956 18881 6939
15547 6939
1257 3333 1239
41497 6939
50300 6939
8218 6461
16735 22548 262757 6939
2497 3356 3320 10026 4589 6939 12654
12779
8607 6939
3320 3303
13002 20764 25091
3356 3549 8426 680 553 9002
37271
4844 37989
8763
49463 6939
51945 6939
29140 6939
3257
47872 6939
6881 6939
202032 6939
262317 6939
8596 1764
48526 6939
18881 52873
12637
15576 6939 196621
34019 3303
34288 6939
15605
37989
50304 6939
58299 6939
23106 52320
263651 6939
1103 2603
50763 6939
34781 13030
31261 41617
20612 6939
1251 28571 6939
52320 6939
53067 6939
28571
1273 6667
7575 6939
64396
1836
680
13030
16347 6939
29608
14061 6939
3333
41722 20764
3549 28329
9189 6939
263075 6939
20932 6939
37640 6939
2603
52720 52873
59689 6939
25160
4589
29686 6939
9304 6939
51405 6939
29636
29075 6939
28329
1916 6939
6939 198385 202194 37239 30844 25220 59891 2613 263152 57381 25152 6730 31122 20764 1764
25220
52863 6762
41617
6762
8928 29680 10026
25091
59891
2613
10026
263152
198385
553
25152
29680
19151
22548
8455
1239
196621
6720
30844
202194
7018
6667
24482
8426
6730 6730
9002
6453
262757
31122
35369 1764
6461
53070
57381
20764 20764
3303
52873
12654
37239
1764
