#src/zombie.py
# GMT Mon Oct  1 03:52:11 2018
# 
8387 3320 1764 12654
1916 2914
22548 16735
14061 3356
7018 1299
34781 13030
8447 3320 6720
53070 12989
37239 4809
29075 174 50620
5396 3356
6453 8426 3320 1299
701 2497 702 2914 1280 7738 23148
8468 3549
25220 3320
3252 702
48039 12586 8596
16735 52320 1299 12956 28138
57821 12586
4589 2914
30844 13237
35054 3303
35699 2914
2895 3267
29691 57118 15576
3356 41095 1764 3549 51185 174 1239 1299 3491
51405 24611
1853 3320
263321 263584 7738
4777 2497
13030 51395 3320 1836
9189 8422
30132 12859
202032 8218
19151 174
8220 3320 15547
1239 4637
12956 10429 18881 3320 28220 1299
52720 52873
12859 13237
53067 10429
5511 30781 174 48526
1273 3216 6667 3320 1299
15435 3257
263584
8222 3320
47872 6762
52863 4809
198385 202194 41562
8426
12874 3303 15605
327995 37271
59689 58308 30781
12350 174
15547
3216 20764
29680 174
3333 1136
20080 6762
5392 3549
25933 6762
31463 56730 2914
28917 39821 8359
1103 286
13237 3320 8359 12654 1299 3257
20562 6461
58299 1764
7575 6461
262317 10429
31424 33891
42708 50304 1299
52873 18881
513 3320
57118
50763 8943
41562 15576
12779 174
41095
2914 12637 38930 29140 9002 50300 8455 8943 25160 174 29686 16347 1764 37271 8607 6661
553 680
7738
1299 3320 52320 3267 6762 174 6461 62567 8218
8607
198249 15576
2497
37271
8218 6461 8218 1764
4637 1221
26615 6762 16397
34177 174
29222 3303
4608 1221
15576 196621 3303 34288 8758
14361 3257
62567
25160
3491
24611 6661
34288
56730
2613 25091
30781
3320 4809 6762 1764 3320 680 33891 174 3303 13193 8422
59891 51395
8455
8943
1836
1764 13101 174
680 174
13002 20764 25091
8758 20612
8359
8422
20764
1221
49463 13193
286 1136 174
13101 12586
6461 174
28220
23148 25152
34019 3303
12637
39821
41497 3257
25152
18881
50300
24482 174
64396 174
9304 3257
33891
202194
48526
13193
50304 57381
20932 174
3549
51185
16397 263075
4134 4809 174
52320
49605 9002
29140
8596
6661 198290
28329 6762
9002
6720
12586
22652 3257
57381
174 3257 31122 174 29608
29686
702
29608
198290
28138
38930 8283
15605
12989 6762
51395
263075
3257
1136
6667
4809
6762 6762
10429
196621
12654
20612
16347
58308
31122
50620
8283
25091
3267
3303
1280
