#src/zombie.py
# GMT Mon Oct  1 05:34:04 2018
# 
7018 6939
6720 8447
15605 12874
14907 6908
29075 15576 57111
202032 6939
3333 12859
52888 1251
22381 53070 12956
20612 1836
4657 38001 4637 24482
31025 29551 57111
3491 22356 6939
22652 6939
3356 553 29608 3549 6939
29608
680 6939
49605 8758 12654 9002
3549 16735 52873 263702
20495 8455
4230 262757 6939
6939 12956 6762 701 1280 37271 6830 15576 264911 263075 52720 6461 263152 8426 23148 37239 19151 1239 50620 3257 4844 4635 15547 2914 6939 6453 1299 64463 263508 39122 31424 53067 262317 8896 22548 7575 30844 15685 286 31122 8943 59891 29680 15435 42708 21320 57111 8607 3320 37640 5396 58299 25160
20932 57111
8732 20764 6762
37468 37271
53067
47692 33891
8758
8896
28634 22356
39392 33891 29504
51405 24611
12654 57111
43100 57111
1273 6667 1299
38001
198290 6661
29680
513 21320
12874 3303
52873
8607
28571 1251
264911
20676 12586 1299
28917 1299
263702
33891 3320
196621 15576
9304 4635
56730 31463
6830 59414
15576 29691 198385 21232 198249
6461 8218
6667
263152
23106 10429
23148 25152
34019 3303
25091 57111
1239 6908
29636 2914
3257 31742 12637
30781 59689 57111
4844 37989
39351 42708
1299 38930 14061 13030 52320
1764 35369 3320
198385 202194
29551 25220
50620
29686 6453
12859 57111
38930 8283
53070
21232
1251 20080
286 1103
8943 50763
59891
16735
31742
1916 2914
59414 12307
13193 49463 57111
14061
3320 3303 47147
12779 57111
35369
58299
25160
29691
553
59689
12637
262317
263075
52720
25220
16347 57111
20764
8426
20080 2914
9002 4635 34288 41722
50877 57111
4635 4637
2914 29140 8455 49375 15562
50304 57111
42708
4637
50763
8455
202194
25152
49463
15435
29504
6762 41497
15562
1103
6881 15685
198249
31122
24611 6661
701 2497
21320
47147
37640
5396
48526 37271
4777 2497
12956 10429
6908
37271
31424
22356
3303
49375
37239
19151
6661 57111
8218
12307
262757
15547
6453
64463
50300 57111
41497
13030 1836
31463 57111
12586 57821
24482
22548
7575
34288
30844
15685
8447 57111
39122
52863 52320
2497
37989
41722
57821
1280
29140
57111 2857 2613
2613
263508
52320
1836
10429
2857
8283
