#src/zombie.py
# GMT Mon Oct  1 05:49:36 2018
# 
52873 18881 52720
1916 52888 20080
22548 3549
14061 1299
7018 3320
34781 13030
59891 51395
559 20965 513
53070 10429
37239 4809
29075 58308 16347 1299 50620
5396 6762
701 4134 6830 2497
8468 3549
3252 702
48039 12586 8596
29551 25220 1299
37179 3356 327984
57821 12586
3491 3356
30844 6939
35054 3303 43100 202032 12654
35699 174
2895 3267
29691 57118 15576
3356 3356 47872 3549 51185 8426 6830 25160 8732 41095 1764 19151 8607 30781 3320 9002 50300 31463 680 28917 29608 14361
51405 24611
52888
1853 20965 1764 6720
263321 263584 7738
7660 22388 9270
4777 2497
6830 513 174 12956
13030 31424 3320 58299 51395 1299 1836
9189 8422
30132 12859
202032
19151
8943 1299 50763
6453 3320
1239 4637 3320 7738
12956 18881 28220 10429 16735
41497 3257
12859 2603
262589 28329 1299
6939 1280 1299
50300
15435 1299
37271 4809 327995 2603
24482 174
24611 6661
24489 24490 24489 9270
64396 174
12874 3303 15605
327995
59689 30781
52320 16735 1299
15547 12654
2613 25091
29680 3257
3333 1136
20080 6762 11096
5392 3549
25933 26615
31463 56730
58299
1103 11537
13237 1299
20562 2603
198385 202194 41562
262317 10429
31424
42708 50304 1299
16735 28138
513 20965 21320 3320 12654 513 2603
57118
50763
41562 15576
12779 174
41095
2914 3320
553 680
7738
1299 20932 22652 12350 49605 3320 31122 1273 8455 24785 13193 28917 38930 8222 62567 8422
8607
198249 15576
8732 20764
2497
263584
4637 1221
26615 6762 16397 26615
29222 3303
4608 1221
15576 196621 3303 34288 8758
14361
62567
22652
25160
34177 3320
47872
24785 1136 24785
34288
56730
7575 24490
21320 2603
30781
3320 3320 3257 286 6762 174 702 8218
8455
2603 3267 13101
1836
680
11096 11537
8426
13002 20764 25091
8758 20612
48526 1273
9270 9270
20965 11537
20764
327984
1221
49463 13193
28917 39821
286
13101 12586
25220
28220
34019 3303
12637 3257
39821
52720
25152 1273
18881
1273 6667
8222
6720
4589 3257
9304 3549
202194
8422
13193
50304 57381
20932
3549
51185
16397 263075
4134 4809
12350
49605
29140 174
11537 22388
24490
6661 198290 174
28329
8596
9002
12586
3303 174
43100
57381
174 174
29686 3257
702
29608
198290
28138
38930 8283
15605
8218
51395
263075
3257
1136
6667
4809
6762
10429
196621
12654
20612
16347
58308
31122
50620
22388
8283
25091
3267
1764
1280
