#src/zombie.py
# GMT Mon Oct  1 04:52:07 2018
# 
52873 18881 52720
1916 2914
22548 3549
14061 1299
7018 174
34781 13030
8447 3320 6720
53070 10429
37239 4809
29075 5511 58308 174 50620
5396 3257
6453 6453 174 3356 29608
701 3356 1280 174 2497 702
8468 3549
6461 7575 174 8218
3252 702
16735 52320 28138 1299
57821 12586
3491 174 28513
30844 6939
35054 3303
35699 174
2895 3267
29691 57118 15576
3356 30781 3320 3549 51185 8426 6939 34177 1299 5511 41095 174 19151 8422 12956 8607
51405 24611
1853 1764
58299 13030
4777 2497
13030 1836 1299
9189 8422
30132 12859
19151 174 25152
8220 3320 15547
1239 4809 4637 174
12956 18881 28220 10429
41497 3257
12859 3257
3216 20764 1273
5511 174 48526
6939 12654 51395 25152
50300 31463 174
15435 3257
37271 4809 327995
24482 174
24611 6661
4230 28513 262757
52863 4809
198385 202194 41562
8426
12874 3303 15605
327995
59689 30781
12350 174
15547
29680 3257
3333 1136
59891 51395
5392 174
25933 3549
31463 56730
263321 263584 7738
1103 3257
13237 3257
2613 25091
262317 10429
31424 33891
42708 50304 1299
513 3320
57118
50763 8943
41562 15576
12779 3257
41095
2914 20080 47872 174 9002
553 33891
7738 3320
1299 1273 8943 174 28917 52320 38930 62567 20932
8607
198249 15576
2497
263584
4637 1221
34177
6762 28329 174
4608 1221
15576 196621 3303 34288 8758
14361 3257
62567
25160 174
4589 3257
47872
262757
34288
56730
7575
30781
3320 3320 8222 4809 33891 1764 3303 25220 13193 6661
8455 3257
8943
1836
680 174
13002 20764 25091
8758 20612
48526
8422
20764
1221
28513
49463 13193
28917
286 1136 174
20080
25220
28220
34019 3303
12637 3257
39821 9002
52720
25152 3257 12654
18881
1273 6667
8222
6720
9304 3257
33891
202194
13193
50304 57381
20932
3549 16397
51185
16397 263075
52320
49605 3257
29140 3257
8596 8596 1764
6661 174 198290
28329
9002
12586 3257
3303 29222
22652 3257
57381
174 3257 31122 64396 3267 174 16347
29686 3257
702
29608
198290
28138
38930 8283
15605
8218
51395
263075
3257
1136
6667
4809
29222
10429
196621
12654
64396
20612
16347
58308
31122
50620
8283
25091
3267
1764
1280
