#src/zombie.py
# GMT Mon Oct  1 04:04:14 2018
# 
37468 6453
50620 174
29691 15576
24611 3549 51405
12989 22548 16735
37640 6939
264911 6939
57821 12586
62567 6453
29208 15685 2914
174 6762 7018 3356 16347 6453 19151 29140 286 3257 5511 1239 64396 174 2914 13002 1299 701 25160 6730 12956 9304 29636 29075 6461 1916 198385 20764 12779
286 1103
12874 3303 15605
198249 13030
28917 1299
22652 3356
198290 6661
56730 31463
61157 25074 3320
2914 6661 37271 4844 8365 4589 20080 2497 7575 12637
8447 6720 3320
15435 1299
8455 8283 13030
12859 6939
1280 1299
513 6730
37497 6939
20080
12956 6762 18881 10429
31463 21396 50300
15547 3356
1257 3333 1239
16347
41497 6762
50300
12586 20676
8218 6461
16735 3549
15576 8220 196621
12779 49605 9009 12654 6939
5539 33891 8763
8607 6939
13002 25091
3356 3549 49605 8426 44217 6939 20932 30781
37271 37239
4844 37989
8763
15685 6881
49463 13193
6661
43531 8596 6939
25074 9189
42708 1299 50304
3257 31122
47872 44217
6881
52863 6762
44217
50304 57381
8596
48526 5511
18881 52873
12637
2497 701 25152
34019 3303
34288 9002
1916 1251
37989
12307 59414
58299 13030
23106 3549
5511 29608 5511
1103
50763 8943
48166 9002
29608
20612 1836
1251 28571
680 1299
53067 6939
28571
31424 49605
9002 41617 41722 6939
30781 59689
7575
64396
701
1836 13030
49605 1299 30844 8758 6939 12654 5396
13030 1299 35369 202194 59414
8758
9009 1299
8283
14061 1299
3333
41722
8928 29680 6939
3549
9189
263075 6939
21396 6762
52873 52720
13193 1299
20932
59414
263651 6939
20676 6939
59689
25160
262317 6939
4589
29686 6453
9304
51405
8220 6939
29636
29075
3320 3303 1299
6939 59891 262757 263152 25220 1299 24482 33891 202032 12654
25220
202032
41617
5396
33891 553
6762
6893 25091 2613
25091
59891
2613
263152
198385
553
25152
29680
15605
22548
2857 8365
1299 8943 1273
1239
196621
29140
37239
6720
30844
202194
7018
6667 1273
24482
8426
8365
6730 6730
1273
6453
262757
52720
35369
8943
6461
53070 10429
57381
20764
3303
19151
12654
31122
10429
