#src/zombie.py
# GMT Mon Oct  1 05:43:50 2018
# 
37468 37239 174
24611 6661 51405
8447 6720 3320
57821 12586
8455 2914
198249 15576
28917 39821 174
22652 6453
198290 6661
34177 174
34019 3303
48039 8596 174
4230 262757 3356
20080 6762 1251
50300 2914
8218 174
16735 22548 52320
12779 174
8607 2914
30132 12859
37271 327995 174
12350 174
7738 701 263321 8167 3320
12654 2497
3257 2497
47872 174
52863 6762
263584 263321
50304 42708
41497 174
15576 34288 47176 8758 196621 3303 29691 41562
51185 3356
58299 13030
23106 52320
286 701 1136 1103 2497
2516 2497 4777
50763 8943
28329 3549
38930 1299 8283
52320 174
22548
1136 3333
30781 5511 59689
2895 29076
4777
64396 174
701 701 4134 6461 6453 174 5511 7018 2914 2497
53070 22381
47176 25435
8758 20612
41722 20764
1221 4637 4608
41617 31261
3333
8732 20764 1299
3549 28220 3356 52720
4637 1299
59414 6830
37100 327782 2914
2613 6893
25160 174
9304 174
25074 3356 9189
29075 198385 5511 58308
31261 31133
1916 174
20612
6893 25091
25091 13002
59891 51395
15605 12874
29680 174
25152 19151
31133 3320
25435
9189
7018
327782 327960
8426 3356
6730 6730 174 513
5392 174
4608
33891 31424 3320
57381 42708
20764 25227
3303 3320 35054 12874 29222
7575 6461
37239
15547 8220
25933 8167
35054
3252 174
12874
174 35699 553 19151 29140 51395 51945 174 20932 12637 6667 24482 2914 6661
3491 2497
8359 2497 29076
45896 3356
56730 51945
2914 3356 6762 12859 16347 29686 62567 8943 1299 4589 13237 9002 2914 2497
15435 1299
1299 42708 13030 14061 12586
12859
1280 6461
513
29691
8167
12586
263321
6830 2497
51395
262757
3356 3356 49605 680 29608 25220 2497 5396 8222
4134 4809
49463 13193
29222
29140
327995
13237
8596
48526 5511
12637
2497 14361 6453 3320 6661 41095
34288
12307 57118
29076
28220
5511 8220
1103
57118 196621
1251 52888
42708
9002
62567
49605
13030
16347
8283
14061
13193 3320
20932
41095 13002
41562 198385
202194 198385
327960
29686
51405
8220
3320
25220
29608
6661
52888
5396
8222
6762
31424
35699
25227
198385
553
19151
39821
51945
58308
196621
6720
30844 6453
59689
6667
24482
14361
680
6453
52720
8943
6461
4809 22381
4589
22381
13002
