#src/zombie.py
# GMT Mon Oct  1 06:56:12 2018
# 
37468 6453
8447 6720 3320
59689 30781
57821 12586
8455 2914
198249 13030
28917 174
22652 1299
198290 6661
34177 2914
34019 49605
8426 6453
20080 1251 2914
31463 56730 2914
13101 12586 49605
50300 2914
8218 174
16735 22548 1299 52320
12779 37271 3257 12654 30844 174
8607 2914
37271 327995
12350 1299
7738 263321 8167 3320 1239
12654 49605
3257 3303 3356 49605 174
47872 2914
202032 49605
263584 263321
41497 174
15576 174 8758 196621
51185 3356
286 1103 174
23106 52320
50763 8943
28329 6762
38930 1299 8283
52320 174
22548
1136 24785 3333
30781 2914
2895 3267
4777 2497
64396 174
6762 52863 5396 174
8758
41722 20764
1221 4637 4608
3333
8732 20764 1299
3549 28220 3356 5392 4809 52720
4637 1239
41617 31261
37100 327782 174
25227 12389
25160 174
9304 174
25074 9189 61157
29075 198385 1299 58308
1916 174
20562 49605
52863
6893 25091 2613
25091 13002
59891 51395
15605 12874
29680 174
25152 19151
9189
1239 174
12389 3491 31261
25435 49605
7018 174
327782 327960
30132 12859
6730 6730 174 513
1273 6667 1299 8468
5392
4608
53070 22381
57381 50304
20764 13002
3303 12874 3320 35054 29222
7575 2914
37239 49605
15547 8220
29691 13030
25933 8167
35054
3252 9002
24785 24785 1299
58299 13030
12874
174 701 3356 3267 51395 45896 20932 2914 1299 24482 5511 3491 6453 6661
43100 49605
3491
45896
56730
61157 3320
2914 62567 16347 35699 29140 25220 13237 12637 14361 29686 37497 4589 19151 9002
15435 1299
1299 49605 13030 553 14061 8943 3320 42708
12859 49605
1280 701
513
37497
48039 12586 8596
3267
8167
12586
263321
51395
262757 28666
3356 29608 49605 3320 3356 680 9002 41095
4134 701 4809
49463 13193
29222
28666 4809
29140
327995
13237
8596
48526 5511
12637
2497 701
34288 13030
50304 42708
28220
5511
1103
34781 13030
31261
1251 52888
42708
9002 39821 49605 9002
62567
49605 13030 51405
13030 1836 202194 31424
16347
20612 1836
8283
14061
13193 3320
20932
41095
202194
327960
29686
51405
8220 3320
3320 8222
25220
29608
6661
52888
5396
8222
701
31424
35699
2613
198385
553
19151
39821
58308
196621
6720
30844
1836
6667
24482
8468
14361
680
6453
52720
8943
4809 22381
4589
22381
13002
