#src/zombie.py
# GMT Mon Oct  1 05:57:48 2018
# 
52873 18881 52720
1916 6939 174 12654
22548 16735
14061 1299
7018 174
34781 13030
8447 3320 6720
53070 12989
37239 4809
29075 6453 58308 174
5396 6762
6453 3356 174 8426
701 4134 1280 174 2497 702
8468 3549
25220 3320
3252 702
48039 12586 8596
16735 52320 12956 28138
57821 12586
3491 28513 174 12389
30844 6939
35054 3303
6730 513 174 6730
35699 2914
2895 29076
29691 57118 15576
3356 286 4809 41095 174 29608 3549 51185 2914 34177
263651 52720
1853 1764
58299 13030
4777 2497
13030 31424 51395 1299
9189 8422
1764 8218
19151 174
8220 5511 15547
12956 18881 28220 174
52720 264911 28329 263674 12654 14840 12989
12859 30132 3257 2914
3216 20764 1273
5511 30781 174 48526
6939
1273 6667 1299
263674
263584 263321
8222 3320
24611 51405 6661
4230 28513 262757
52863 4809 6762 12654
8426
12874 3303 15605
327995 37271
59689 30781
12350 174
15547
2613 25091
14840
29680 174
3333 1136
20080 2914
5392 174
25933 26615
31463 50300 56730
263321 7738
1103 3257
29076 12389
198385 202194 41562
31424
42708 57381 50304 1299
513
57118
50763 8943
41562 15576
12779 174
30132
41095
2914 47872 4713 9002 8455 6762 174 29686 29140 62567 8607
553 680
7738 1299
1299 38930 20932 8943 13237 49605 174 52320
8607
198249 15576
2497
37271 4809
8218 6461 49463 16347
4637 1221 209
26615 6762 16397 26615
34177
29222 3303
15576 196621 3303 34288 8758
14361 209
62567
22652 174
12654
25160 174
12389
4589 3257
47872
262757
34288
56730
7575 6461
30781
3320 6762 3303 8422
59891 51395
8455
8943
1836 174
680 174
13002 20764 25091
8758 20612
48526
8422
20764
1221 4608
28513
49463
28917 174
286 1136 174
13101 12586 174
6461 174
28220
34019 3303
12637 174
39821 9002
41497 174
4713 25152
25152
18881
50300 174
24482 174
6720
9304 174
202194
4608
50304
20932
3549
51185
52320
16397 263075
51405
4134 4809
13237
49605
29140
8596
6661 198290 174
264911
28329
9002
12586
209 174
57381
174 3257 6762 50620 174 64396
29686
702
29608
198290
28138
38930 8283
15605
12989
51395
263075
3257 31122 15435
1136
6667
4809 4809
6762
196621
15435
64396
20612
16347
58308
31122
50620
8283
25091
3303
1280
