#src/zombie.py
# GMT Mon Oct  1 06:14:52 2018
# 
1916 1251 2914
14061 3356
7018 174
34781 13030
8447 6939 6720
12654 20764
25160 174
12389 1299 48166
8943 1299 50763
37989 4844
1836 13030 20612
5396 6939
34288 13030
6461 174 8218
20932 6939
2613 6893
21320 174 1853
30781 3356 59689
3320 3303 6939
16735 52320 6939 262757 1299 12989
59891 51395
8455 13030 8283
3549 3356 52720
57821 12586
263152 6939
8763 5539
6893 25091
264911 6939
680 553 3356
8426 6939
37239 37271
35369 13030
13002 174 25091
16347 6939
8758 6939
48526 174
29636 174
20764 3356 6939 174 30844
263651 6939
1251 28571
1853
28917 3356
29075 174
21385 6939 5539
6830 513 3356 6830
29608 3356
49463 174
53070 12989
286 9009 1103
8422 174 9189
20676 3356 12586
202032 6939
19151 3356 174 25152
9009 174
6453 3356 29686 62567
25220 3356
6772 13030 15576
4844 2914
34019 3303
13030 198249 51395 58299 202194 1299 29691
41497 174
25152
12859 6939
50300 3356 31463 174
24482 4657
6720
198385 174
48166
37497 6939
9304 174
31463 56730
6939 31424 3356 263075 262317 37640 8607 7575 28329 6881 51405 53067 49605 4657
202194
12989
50763
15435 174
52720
37271 3356
29691
50304 57381 174 42708
47872 44217
262757
52863 6762
3356 3257 6667 6762 2914 15547 9002 22652 1299 44217 174
64396 174
51405
12874 3303 15605
49605
29140 174
59689
52320 1299
51395
8596 48039
15547
6661 198290 174
4657
53067
28329
29680 3257
3333 1103
12586
20080 2914
22652
56730
57381
263075
44217
9189
174 48039 3257 12779 701 2914 1299 31122 50620 174 1280 2857
30844
58299
1103
198290
15605
8218
7575
262317
31424
42708 1299
48039
1273 1299
5539
513
57118 196621
4589 2914
3257
12779
6667
701 2497
37640
196621 15576
2914
553
20612
1299 8928
8607
198249
2497
6881
31122
50620
29686
8928
9002
8283
25091
6762
28571
15576
3303
1280
2857
62567
