#src/zombie.py
# GMT Mon Oct  1 05:06:47 2018
# 
52873 18881 52720
1916 174
22548 16735
14061 1299
7018 701
34781 13030
8447 3320 6720
7575 2914
53070 10429
37239 4809
29075 58308 174 50620
5396 3356
6453 701
701 3356 2497 6939 4230 286 6762 174 702 2914 1239 1299
8468 3549
3252 34019 6661 174 702 12654
48039 12586 8596
16735 174 28138 1299
57821 12586
4589 2914
30844 20764
35054 3303
174 3356 20932 51185 19151 25160 3491 6667 6762 12637 12350 12779 41497 29680 31122 50300 29140 64396 34177 1836 5392 9304 5511 680 6730 29608 174 6661 35699 24482 8218
35699
2895 29076
29691 57118 15576
3356 3320 3549 8426 49605 3257 12956 25074 41095 14361 1299 8359 8607
51405 24611
1853 1764
58299 13030
4777 2497
39821 9002
9189 25074
30132 12859
45896 3549
8220 3320 15547
1239 4637
12956 18881 28220 10429
41497
12859 9002
37497 20764
3216 3216 20764 13101
5511 48526
6939 41095 51395 25152 1280 24785
50763 8943
15435 1299
37271 4809 327995
24482
24611 6661
4230 262757
52863 6762
8426
3491 12389
12874 3303 15605
327995
59689 8218
12350
25074
29680
3333 1136
59891 51395
5392
25933 3549
31463 50300 56730
263321 263584 7738
1103 286
29076 12389
20562 41095
198385 202194 41562
31424 33891
42708 50304 1299
513 6730
57118
4637 1221
41562 15576
12779
41095 12654
2914 2497 3320 29686 9002 8455 20080
553 680
7738 3320
1299 13030 8943 8732 13237 38930 62567
8607
198249 15576
1136 24785
2497
263584
6762 47872 28329
15576 196621 3303 34288 8758
14361
62567
25160
12389
8943
47872
24785 24785
262757
34288
56730
2613 6893
3320 33891 702 3303 8222 25220
8455
34177
1836
6893 25091
680
13002 20764 25091
8758 20612
48526
20764 8732 12654
1221 4608
49463 8218
28917 8359
286
13101 12586
20080
25220
28220
34019
12637
13030
52720
25152
18881
50300
8222
64396
9304
33891
202194
8359
4608
50304 57381
20932
3549
51185
19151
4134 4809 9002
13237
49605
29140
8596
6661 198290
28329
9002 12654
6720
12586
3303 29222
22652 3257
15547
57381
6730 6730
29686
702
29608
198290
28138
38930 8283
15605
8218 1764 16347
51395
3257
8732
6667
4809
29222
10429
196621
12654
20612
16347
58308
31122
50620
8283
25091
1764
1280
