#src/zombie.py
# GMT Mon Oct  1 06:26:17 2018
# 
37468 174
50620 174
8422 3356 9189
2857 174
12989 22548 16735
52720 52873
57821 12586
62567 3356
29208 15685 2914
174 64396 1836 37271 12637 198385 19151 29140 198290 174 41497 1299 25160 1280 6730 9304 29636 29075 1916 12779 31122
286 1299 1103
12874 3303 15605
198249 15576
28917 6939
15685 6881
8359 20764 3356
198290
56730 31463
41722 9002
2914 1299 20080 8455 4844
15435 3257
8455
12859 6939
1280
513 6730
37497 6939
20080
29691 57118 15576
31463 3356
15547 3356
1257 3333 1239
16347 8218
41497
50300 3356
12586 20676
8218 6461
16735 3549 4809
2497 701
12779
5539 33891 8763
13002 20764 25091
3356 6667 1299 37271 1853 8426 20932 14061 680 3549 1764 48526 30781
37271 37239
4844 37989
8763
49463 13193
43531 8596 6939
42708 50304 6939
3257 4589 1299 22652
47872 44217
6881
52863 4809
44217 6762
50304 57381
8596
48526
18881 52873 12956
12637
15576 8220 196621
34019 3303
34288 9002
1916
37989
12307 57118
23106 3549
1103
50763 8943
48166 9002
29608 13030
57118
38930 1299 8283
15605
1251 28571 6939
680
53067 10429
28571
31424 6939
9002 49605 6939 41617
30781 59689
7575 6461
64396
701 1299
1836 20612
49605
13030 1299 12654 8758
8758
12956 1299 10429 6939
20612
8283
14061
3333
8928 29680 6939
3549
9189
263075 6939
13193 3320
20932
37640 6939
263651 6939
1764 35369
59689
25160
4589
29686 6453
9304
51405 6939
8220 6939
29636
29075
3320 1299 3303
6939 20676 59891 263152 1299 24482 33891 25220 202032 12654
25220
202032
41617
33891 553
6762 1299
6893 25091 2613
25091
59891
2613
263152
198385 202194
553
22652
25152 19151
29680
19151
22548
1299 7018 8943 6453 6461 1239 1273
1239
196621
29140
6720 1853
20676
202194
7018
6667
24482
8426
1273
6730 6730
1853
6453
31122
35369
8943
6461
53070 10429
57381
20764
3303
52873
4809
12654
37239
10429
