#src/zombie.py
# GMT Mon Oct  1 08:27:37 2018
# 
10429 12956 23106
29680 174
51185 174
41095 3356 38001 12654 3491 12859
327782 37100 327960
3549 3356
1273 1299 3216 12389
6894 2497
3356 3356 3491 680 14061 8426 6762 22652 8455 34177 14007 1299 3320 25220 174 33891 35054 553 3257
34019 6939
20562 9002
16735 174
57111 6762
25220
51405 24611
4809 12956 22381
1221 4637 4608
12586 57821 3257
513 174
41722 12654 3216 20764 20485
202194 198385
28220 12956
5392 174
12779 174
3216
8167 25933 7738
23148 25152 701
2613 6893
50300 31463 174
51395 59891 174
31424 33891
30781 59689 5511
34288 15576
196621 8758
49463 8218
23106
1836 20612 174
4608
64050 4766
3333 12859
14061
4766 174
262317 6939
8447 6720 3320
6762 1299 5396
263508 6939
43578 174
59414 6830
395152 14007
5511 1299
15547 6830
202032 6939
12874 15605 3303
50304 1299
47692 33891
16347 8218
13030 1299
263152 6939
24611 174
58299 174
5400 1299 2110
59891
6939 37640 14840 28929 20764 264911 45896 53067 263075
52863 52320
7575 6461
35054
6830 1299
2497 1299 4777 701
2914 9002 8607 49375 25091 1299 20080 15562
18881 12956 61568 266534
8455
8283 38930
20485 29608 20485
701 1280 1299
14007
15435 174
8943 50763 1299
47147 3320
41497 174
12350 174
12956 1299 52873
37640
35369 1764
8758 15576
37497 174
12637 174
37100 6453
2895 29226
12654 9002 20764
20932 174
4777
53070 22381
48526 174
24482 174
19151 174
1280
20612
39392 29504 174
263321 61568 263584
29504
53067
15562
8426
57821
8218 174
6667 174
5396
1299 174 1239 7018 286 3491 6461 3320 2828 6453
30844 20764
6881 25512
14907 38930
680
37271 174
29140 3257
6730 6893 174
13760 2828
29226 12389
33891 34549
205206 16245
52320 174
39540 57118 12307
395766 40191
14840
21232 15576
4230 28513 262757
1916 174
29222 3303
3257 13237 9002
16245 174
2110 39122
52873
38001
25933
3303 3320 174
264911
50763
25512 174
25227 12389
6893
12307
49605 174
7018
263584
50877 174
29691 15576 57118
28634 22356
57118
49375
198385 29075
22652
45896
198249 15576
31742 174
266534
28917 174 39821
198290 174
2828
6453 29686
6720
15576 29075
52720 37468
61568
262757
174 174 39351 12389 20764 29075 1764 35699 9304 40191 38930 3252 25160 37468 64463 8896 7738
29608
31463 56730
8607
28513 3491
39351
37468
20764
9002
15605
40191
13237
3491 3491 22356
12389
1103 286
34549
286
1239 4637
1764
35699
20080 1251
22381
553
39821
9304
59689
30132 12859
8222 3320
25152
34177
12859
52888 1251
3252
29075
25160
1251
56730
22356
4637
25091
327960
6461
28929
263075
3320
8896
64463
7738
29686
39122
38930
