#src/zombie.py
# GMT Mon Oct  1 05:43:50 2018
# 
1916 1251 2914
14061 1299
7018 2914
34781 13030
8447 6939 6720
15685 6881 6939
12654 2497
53070 12989
25160 174
12389 6453 48166
263152 6939
37989 4844
30844 6939
34288 15576
6461 2914 8218
263674 28329
20932 6939
2613 6893
21320 174 1853
30781 2497 59689
3320 3303 2497 48039 8422
16735 2497 262757 12956
59891 6939
12713 1273 47872
8455 13030
3549 3356 28329 52720
57821 12586
8943 2914 50763
8763 5539
50300 31463
6893 25091
264911 6939
680 553 680 174
8426 6453
174 198385 50304 12779 6667 29140 19151 2914 9009 2857 41497 31122 50620 24482 174 64396 1836 9304 35369 29075 37271 48526 29636
13002 20764 25091
16347 8218
8359 20764 2497
8422 9189
3356 2497 49605 20676 29608 9002 21385
51405 6939
1251 28571
1853
28917 1299
21385 5539
6830 513 6830 2497
29608
49463 13193
9189
286 9009 1103
6881
202032 6939
19151
9009
6453 2497 21396 38930 22652 62567 29686
25220 29551
37239 6939
4844 2914
12956 6939
23148 6939 25152
34019 3303
13030 1299 1836
29636
41497
25152
12859 3257
1273 1299
29551 1299
6720
48166
37497 6939
9304
29691 15576
6939 263075 262317 37640 2914 8607 2497 53067 58299 12989
202194 198385
48526
50763
29075
52720
12989
24482
13193 1299
50304 57381 42708
47872
262757
52863 6762
20764
64396
12874 3303 15605
15547 1299
49605
29140
8928 10026 29680 1299
59689
8596 48039
21396 31463
6661 198290 2497
53067
28329
20676 12586
3333 1103
12586
20080 2914
22652
56730 31463
57381
263075
31463
35369
29686
58299
1103
198290
38930 8283
15605
8218
7575 2914
262317
1836 20612
42708 1299
48039
5539
513
57118 196621
4589 2497
3257 2914
12779
6667
10026 2497
37640
196621 15576
2914 2497 1299 2914 1280 6762
553
15435 1299
20612
1299
8607
198249 15576
2497
37271
29680
31122
50620
198385
9002
8283
25091
6762
28571
15576 3303
3303
1280
2857
62567
