#src/zombie.py
# GMT Mon Oct  1 05:22:31 2018
# 
6762 20080 174 31463 5396
6720 8447
35699 2914
15605 12874
29075 15576 198385 174 1299
12307 59414
3333 1136
1103 3257
22381 53070 4809
20612 1836
29226 2895 20485
8167 7738 25933
3491 7738 3491 64050 174 22356 41095
22652 174
3356 8426 8359 3549 9002 25091 41095 34177 8896 174 35054 3356
680 1299
49605 174
3549 5392 52873
4809 4134
29686 3257
6939 30844 12654 25152 63297
20932 1299
37468 3257 52720 37239 1299
47692 33891
8758 15576 196621
8896
28634 22356
29222 3303
39392 33891 29504
51405 24611
12552 39351 1299
20485 174
24611 6661
12654 25152
701 174 4134 1280 2497
8359 28917
38001 41095
39351
1136 24785
8220 3320 15547 29680
513 6830
12874 3303
52873
62240 136620 1299
8607 2914
327782 37100 327960
64463 174
39821 28917
34177
28917 1299
136620 59891
5392
196621
9304 3257
56730 31463
6830 174 6830
15576
1221 4637 4608
4608
43578 1299
6461 174 8218 7575
6667 1273
23106 10429
25091 2914 6893
6893 2613
3257 41497 29551 8455 12586 12637 25152 12859 29140 3252 12779 174 13237
30781 5511 59689
3252
35054
198290 6661
1299 13030 37271 15435 174 2914 8447 8943 16735 1273 1299 13193 14061 5400 42708
33891 553 3320
198385
29551 25220
31463
12859 30132
29680
38930 8283 174
53070
21232 13030
1251 52888 20080
174 25512 12956 7018 37497 24482 4637 51185 37100 12350 5511 25160 19151 6661 57111 31742 3320 50877 2914 286 6453
286
8943 50763
25933
16735 262757 19151
31742
13237
1916 2914
59414 13030
13193 49463
14061
3320 47147 8222 3303 2914
12779
5400 2110
58299 13030
13760 19151
25160
12350
29691 13030
553
59689 58308
37497
34288 13030
395152 63297
52720
25220
16347 2914
25227 12389
12637
20764 3216 41722
8426
20080
9002
202194 13030
2914 19151 15562 50300
50304 42708 57381
42708
4637
50763
63297
30132
50877
25152 19151
2895
49463
57821 12586
29504
7018
15562
52888
5511 48526
6881 25512
198249 13030
3216 1273
1273 24785 12389
59891
4134
47147
5396
48526
58308
4777 2497
12956 28220 10429
24785 24785
8222
37271
41095
51185
7738
31424 13030
22356
3303
28220 28220
37239
19151
25512
327960
8283
8218
12389
262757
15547
2110 39122
6453
8455
50300
41497
13030 1836
64050
12586
24482
57381
37100
7575
30844
8447
39122
2497
41722
15435
1280
29140
57111
2613
1836
10429
6661
