#src/zombie.py
# GMT Mon Oct  1 06:02:27 2018
# 
52873 18881 52720
1916 2914
22548 16735
14061 1299
7018 3257
34781 13030
8447 3320 6720
53070 10429
37239 4809
29075 58308 174 50620
5396 3257
6453 6453 3257 29608
701 2497 1280 3257 702
8468 3549
25220 3320
3252 702
16735 52320 262757 1299 28138
57821 12586
3491 3257
24785 1136 1273 24785
35054 3303
35699 174
2895 3267
29691 57118 15576
3356 51185 8426 20932 3257 3549
51405 24611
1853 1764
263321 263584 7738
4777 2497
13030 51395 58299 12859 1299 1836
9189 8422
30132 6939
19151 174
8220 3320 15547
12956 18881 10429 3257
52720
12859 42708 49605 34177 3257 286 16265 30844 41095 12654 21396 6661
6939 1299 25152
50300 174
15435 174
37271 4809 327995
24482 174
24611 6661
262757
52863 4809
198385 202194 41562
8426
12874 3303 15605
327995
59689 8218
12350 174
15547
29680 174
3333 1136 3320 12654
20080 6762
5392 174
25933 3549
31463 56730 21396
58299
1103 286 20562 2603 12654
20562
7575 6461
262317 10429
31424 33891
42708 50304 1299
513 3320
57118
50763 8943
41562 15576
12779 174
41095
2914 8607 29686 3257 9002
553 680
7738 3320
1299 1273 8455 2603 3257 8943 8732 13237 52320 62567
8607
198249 15576
1136
2497
263584
4637 1221 3257
26615 6762 16397
34177
29222 3303
13193 3320 49463
15576 196621 3303 34288 8758
14361 3257
62567
25160 174
8943
47872 6762
30844
34288
56730
2613 25091
3320 3320 8222 3257 33891 1764 3303 8422
59891 51395
8455
2603 286 3267
1836
680 174
13002 20764 25091
8758 20612
8359 5413 28917
8422
20764 8732
1221 4608
5413 12654
49463
28917 39821
286 3257
16265 38930
6461 3257 8218
28220 6762
34019 3303
12637 174
39821
41497 174
25152
18881
1273 6667
8222
64396 174
4589 3257
9304 174
33891
202194
48526 174
4608
50304 57381
20932
3549
51185
52320
16397 263075
4134 4809 3257
13237
49605
29140 174
8596 8596 1764
21396
6661 198290
28329 6762
9002
6720
12586 3257
3303 3257
22652 3257
57381
174 31122 174 3257
29686
702
29608
198290
28138
38930 8283
15605
8218 16347 1764
51395
263075
3257 6762
8732
6667
4809
6762
10429
196621
12654
20612
16347
58308
31122
50620
8283
25091
3267
1764
1280
