#src/zombie.py
# GMT Mon Oct  1 03:47:42 2018
# 
52873 18881 52720
1916 174
22548 16735
14061 1299
7018 2914
34781 13030
59891 51395
1251 20080 28571
53070 10429
37239 4809
29075 58308 1299 50620
5396 3356
701 2497 702 2914
8468 6695 1764 31122 12654 43531 31025 20562 35699 34177 12779 16347
25220 29551
3252 702
48039 31025 8596
29551 1299
16735 52320 1299 28138
57821 12586
3491 3356
30844 6939
35054 3303
29467 197264 1299
8447 6720 1299
6730 513 6730 1299
35699
2895 29076
29691 57118 15576
3356 3356 41095 174 3549 51185 680 2914 1299 8607
51405 24611
52888 28571
1853 1764
263321 263584 7738
4777 2497
13030 31424 51395 58299 1299 1836
9189 25074
30132 12859
19151 174
6453 2914
12956 18881 28220 10429 2914
52720
12859 9002
5511 30781 2914
6939 1280 1299
1273 6667 48526 1299 24785 25152
15435 1299
263584
8222 3320
24611 6661
52863 4809
198385 202194 41562
43531 24482
8426 6695
12874 3303 15605
327995 37271
59689 30781
12350 1299
25074 1299
29680 9002
3333 1136
20080 6762
5392 3549
25933 26615
51945 56730 1299
58299
1103 3257
29076 1299
13237 1299
20562
24130 4608 7545
2613 25091
262317 10429
31424
42708 57381 50304 1299
513
57118
50763 8943
41562 15576
12779
41095
2914 47872 3320 9002 3257 1299 6762 174 12654 6461 8607
553 1299
7738 1299
1299 20932 22652 8732 4809 49605 52320 15547 7545 8455 8943 13193 28917 38930 12586 62567
8607 12654
198249 15576
1136 24785
2497
37271 4809
8218 6461
7545
31025
26615 6762 16397 26615
6762 28329
4608
15576 196621 3303 34288 8758
14361 9002
62567
25160 9002
8943
47872
24785 24785
34288
56730
7575 6461
30781
3320 3303
8455
34177
1836
680
13002 20764 25091
8758 20612
48526
20764 8732
49463 13193
28917 39821
286 9002
6461
28220
34019 3303
12637 3257
39821
41497 3257
25152
18881
50300 174
24482
64396 174
4589 3257
9304 9002
202194
13193
6695 6661
50304
20932
3549
51185
16397 263075
52320
49605
29140 3257
8596
6661
28329
9002 12654
6720
12586
3303 29222 174
22652
15547
57381
174 29608
29686 3257
702
29608
198290 197264
28138
38930 8283
15605
28571 28571
51395
263075
3257
8732
6667
4809
29222
10429
196621
12654
20612
16347
58308
31122
50620
197264 197264
8283
25091
1764
1280
