#src/zombie.py
# GMT Mon Oct  1 05:29:55 2018
# 
37468 6453
50620 174
2857 174
12989 22548 16735
264911 6939
57821 12586
62567 6453
174 6762 701 3356 25512 12956 29680 19151 286 3257 1239 64396 2914 7018 1299 24482 1280 25160 48039 6453 6461 16347 6830
43100 9002
286
198249 13030
28917 1299
22652 3356
8359 20764 3356
52863 6762
56730 31463
41722 20764
2914 3356 6661 4844 3320 20080 30781 19151 1916
8447 6762 6720
20485 13002 3356
15435 1299
1299 8928 31133 13030 680 14061 8943 29075 42708 16735 13193 1273
12859 6939
1280
513 6830
37497 6939
31133 31261
20080
16347
31463 6762
25512 6881
15547 3356
1257 3333 1239
41497 3257
50300 5580
12586 3257
8218 6461
16735 262757
15576 6772 196621
12779 3257
5539 8763 21385
8607 6939
6830 6830
7018
3356 553 49605 8426 9002 5511 8732 25074 3549 6939 20932
37271 37239 6939
4844 37989
8763
49463 13193
21385 6939
6661 198290
12874 6762 15605
25074 9189
42708 50304 57381
3257 4589 9304 1103 29140 29636 12637 5580 25220 48526 31122
47872 44217
6881
5580
202032 6939
44217 6762
262317 6939
8596 48039
48526
18881 52873 12956
12637
2497 701 25152
34019 3303
34288 13030
15605
37989
50304
58299 13030
29680
5511 29608 5511
1103
50763 8943
23106 10429
34781 13030
31261 41617
20612 1836
1251 28571 6939
680
22548
28571
31424 6939
1273 6667
30781 59689
7575 6461
64396
6762 12956
1836 13030
49605
13030 8455 35369 202194 6772
8758 6939
12956 6939 10429
8283 8455
14061
3333
8732 20764
8928
3549 28329
9189
263075 6939
198290
13193
20932
37640 6939
263651 6939
52720 52873
59689
25160
3320 3303
4589
29686 6453
9304
51405 6939
29636
29075 198385 6453
28329
1916
6939 263152 19151 59891 30844 5396 53067 12654
25220
29608
41617
5396
701
6893 25091 2613
25091 13002
59891
2613
263152
198385
553
19151 12654
25152
53067
8455
1239
8426
196621
29140
6720
30844
202194
13002
6667
24482
48039
9002 12654
6772
6453
262757
31122
35369
8943
6461
53070 10429
57381
20764
3303
52873
12654
37239
10429
