#src/zombie.py
# GMT Mon Oct  1 04:16:59 2018
# 
328206 6939
553 6939
6762 6939
34288 6939
262317 6939
264911 6939
3333 1103 12654 57111
263075 6939
52720 6939
25220 13030
16347 8455
3491 6939
22652 13030
20764 6939
3356 47692 3549
29608 6939
680 20965
20080 6939
3549 263702
9002 6939
20495 12654
4844 37989 6939
2914 15562 12859
50304 2603
6939 9304 37271 24482 6667 263152 23106 37239 19151 262757 6881 39351 263508 12654 37468 53067 28634 22548 53070 57381 29504 7018 30844 1251 2497 16735 29680 41722 57821 1916 52873 14061 47147 37640 1836 28917
37468
8455 1103 12654
53067
47692 29140 1103 35369 12654 6453 29686
8758 13030
25152 3257
28634
15435 1103
29140
29504
7018
15562
1103 3257 50300 2603 8283 12654 20965 286
12654 13030 12859
6881
29680
2603 25091
52873
47147
37640
28571 1251
4777 2497
28917
52888 1916
263702
9304
37271
24482
6667
263152
23106
37239
19151
25091
8283
3257
262757
15547 13030
39351
6453
50300
13030 2857 12859
20965
29686
12859
22548
53070
57381
30844
1251
286
2497
16735
37989
41722
57821
1916
57111
14061
263508
1836
35369
2857
