#src/zombie.py
# GMT Mon Oct  1 04:36:12 2018
# 
50620 13030
29691 6939
2857 13030
264911 6939
286 6939
198249 6939
28917 6939
198290 2914
56730 6939
2914 13030
15435 13030
9189 13030
12859 6939
1280 6939
513 13030
1299 3257 13030
20080 6939
41722 6939
41497 6939
8218 6939
16735 6939
12779 6939
8607 13030
262757 6939
37271 6939
8763 13030
49463 6939
29140 13030
3257
47872 6939
202032 6939
12307 6939
8596 6939
48526 13030
12637 6939
2497 13030
34288 6939
262317 6939
8455 6939
58299 6939
23106 6939
1103 13030
50763 13030
48166 13030
20612 6939
22548 6939
28571 1916
9002 41617 6939
7575 6939
64396 6939
62567 6939
49605 6939
13030 25091 29636 8758 16347 4589 20932 15547 25220 12654 31122
8758
16347
8283 6939
14061 6939
29680 6939
8928 6939
263075 6939
20932
41617
263651 6939
59689 6939
25160 6939
4589
29686 6939
51405 6939
29636
29075 6939
1916 6939
6939 31424 59891 34019 202194 20764 198385 52863 5396 6762 2613 263152 553 25152 15605 53067 196621 24482 6667 8426 6453 1273 53070 680 19151 12654 52720
25220
52863
5396
6762
31424
25091
59891
2613
263152
198385
25152
15605
53067
34019
196621
202194
6667
24482
8426
680
6453
31122
1273
53070
553
20764
19151
12654
52720
15547
