#src/zombie.py
# GMT Mon Oct  1 05:22:49 2018
# 
1916 2914
22548 3549
14061 2914
7018 2914
34781 8468
59891 51395
2914 7575 2497 3320 8283 6762 174 12654 198290 1280 35699 12956 16735
25160 9002
37239 36937
24611 51405 6661
29075 58308 9002
5396 9002
8426 8468
34288 8468
8468 198385 20932 3549 51185 50763 49463 9189 4589 15547 34019 30132 12654 13237 6453 37497 25220 6661 12637 13030 9002 50300 29140 20080 34177 3252 25091 28917 3267 56730 29686 16347 1103 15435 20562 15605
56730
263075 16397
20932
7575
57381 42708
7738 6453 263321
3320 8222
16735 28138 262757
8455 9002
174 50620 64396 45896
57821 12586
34177
1836 9002
50300
6893 2613 6730
35054 3356
680 553 9002
3252
9044 20612 8607
16347
8758 9002
2895 3267
29691 57118 6730
3356 20764 29608 9002 22652 8607
51405
1853 9002
263321 263584
4777 2497
1221 4637 4608
16397 3549
29608
49463
39821 9002
53070 10429
286 9002
30132
45896
6453 36937 9002
25220
28220 6762
9189
12956 10429
34019
12637
13030 198249 202194 58299
41497 9002
28329 6762
25152 3257
12859 9002
35699
8222
6720 9002
37497
9304 9002
36937
202194
48526 9002
41095 8607
50763
15435
52720 3549
37271 327995 9002
24482 9002
4608
50304 42708
47872 9002
262757
52863 6762
3549 25933
51185
64396
19151 9002
3491 9002
12350 9002
49605 8607
29140
59689 8218
13237
51395 9002
8596 9002
15547
6661
28917
29680 8928
9002 8928 42708 4637 3257 12779 1136 6667 31424 196621 12654 2497 14361 12586 5392 62567 8218
12586
20080
22652
5392
25933
58308
6730 513 6730 12654
29686
58299
1103
198290
28138
20562
15605
20764
8218
198385
31424
42708
513
57118
4637
4589
3257
12779
1136 3333
6667
29222 3303
10429
196621
12654 12654 3303 8607
553
20612
8607 31122
198249
2497
263584
2613
31122
50620
8928
3333
8283
25091
3267
6762
327995
3303
1280
14361
62567
