#src/zombie.py
# GMT Mon Oct  1 05:16:14 2018
# 
1916 174
22548 3549
14061 2914
7018 1299
34781 49605
8447 49605 6720
12654 12637 49605 5392 12779
53070 10429
34177 49605
29075 49605
1836 49605
5396 12637
34288 49605
8468 49605
56730 49605
20932 49605
2613 49605
57381 42708
7738 3257 263321
16735 28138 262757 2914
59891 49605
8455 3257
57821 12586
4589 12637
30844 12779
50300 49605
13030 49605
35054 49605
680 553 12779
16347 49605
8426 12779
37239 36937
6730 513 6730 12779
8607 49605
8758 49605
2895 49605
48526 12779
3356 20764 2497 49605 19151 3549 1280 12956 286 22652
51405 49605
1853 1764
263321 263584
4777 2497
1221 4637 4608
16397 263075 3549
29608 49605
49463 49605
58308 49605
25160 49605
286
1764 12779
202032 49605
45896 174
6453 36937 9002
25220 12779
28220 6762
9189 49605
12956 10429
34019 49605
12637 2914 5392
39821 49605
41497 49605
25152 3257
12859 49605
35699 2914
8222 1299
64396 49605
37497 49605
9304 12779
36937
202194 49605
29691 49605
41095 12779
50763 49605
15435 49605
52720 3549
37271 327995 12779
24482 5392
4608
50304 49605
47872 49605
262757
52863 6762
3549 25933
43531 8596 12779
6720
19151
3491 174
13237 12779
49605 198385 8283 59689 9002 20080 15547 58299 198290 20562 8218 31424 42708 28917 57118 4637 29222 30132 196621 20612 1299 198249 31122 50620 25091 43100 1103
29140 12779
59689
12350 12779
8596
15547
28329 6762
29680 3257
3333 12779
31424
12586 31025
20080
22652
5392
25933
263075
174 12779
29686 12779
58299
1103
198290
28138
20562
20764
8218
3252 12779
327995
42708
513
57118
4637
3257 2497 6762 14361 12779
12779 12779 6667 31025
6667
6762 2914
10429
196621
2914 7575 62567
553
20612
1299
7575
198249
2497
263584
31122
50620
31025
198385
9002
8283
25091
43100
29222
30132
1280
14361
28917
62567
