#src/zombie.py
# GMT Mon Oct  1 04:49:36 2018
# 
1916 28329 25152 24482 20080 13030 9304 4809 6939 174 19151 12654 11537
22548 52863
14061 2914
7018 174
34781 13030
59891 51395
12654 52863 53070
7575 11537
25160 174
37239 36937
24611 51405 6661
29075 58308 174
1836 20612 174
5396 6762
8426 6453
34288 13030
8468 3549
25220 1299
20932 174
2613 6893
25933 52863
3320 8222 6762 8422
16735 4809
8455 3257
3303 6762 34019
29680 174
34177 2914
30844 6939
28138 52863
6893 174
35054 3356
680 20965 553
56730 51945
51945 174
13002 174 25091
8607 2914
8758 174 196621
2895 3267
29691 57118 174
8422 9189
20965 11537 1853 1103
3356 20764 4809 41095 28917 3549 51185 14361 2497
51405
57821 12586
1853 6720
28917
7660 22388 2500
4777 2500
1221 4637 4608
29608 6453
49463 174
39821 9002
53070
286 8596 174 6762
13101 12586 174
30132 6762
19151
8943 2914 50763
6453 36937 6762 29686 6453 62567
6461 6762 8218
28220 52863
9189
12956 47872 174
34019
12637 174
13030 198249 31424 51395 58299
41497 174
25152
12859 2914
35699 174
24482
64396 174
9304
36937
6939 202194
202194
57866 174 8283
41095
50300 174
15435 1299
52720 4809
37271 327995 174
8222
4608
50304 57381 174
47872
262757 52863
52863 14840 4809 6762 263584
3549
51185
6720
3491 174
11537 11537 22388 513
31424
29140 2914
59689 8218
12350 174
8596
15547 1299
2497
14840
28329
48526 174
3333 6762
12586
20080
22652 174
5392 174
57381
174 6661 3252 198290 15605 198385 4637 3257 12779 6667 29222 2914 1299 16347 50620 3267
29686
58299
1103
198290
13237 1299
50763
15605
20764
8218
3252
327995
51395
2500 2500
513
57118
4637
4589 2914
3257 31122
12779
6667
4809 4809
6762 2914 1280
196621
2914 9002
553
20612
1299 49605
16347
198249
58308
263584
31122
50620
22388
198385
9002
8283
25091
3267
29222
6661
49605
1280
14361
62567
