#src/zombie.py
# GMT Mon Oct  1 05:12:08 2018
# 
37468 37271
50620 6939
2857 6939
37640 6939
264911 6939
57821 6939
62567 6939
43100 49605
58299 6939
198249 6939
28917 49605
22652 6939
198290 49605
56730 49605
2914 12637
15435 6939
8455 6939
12859 6939
1280 6939
513 21320
29608 6939
20080 6939
41722 49605
41497 49605
50300 49605
8218 6939
16735 6939
12779 3257 12654 3333
8607 6939
9189 49605
3356 3549 49605
37271 6939
4844 37989 6939
8763 6939
49463 49605
3333
3257 25152
47872 6939
6881 6939
202032 49605
262317 6939
8596 6939
48526 6939
12637 12654
2497 6939
34288 6939
15605 12654
37989
50304 6939
286 6939
23106 6939
1103 49605
50763 6939
34781 6939
28329 3549
20612 6939
680 6939
28571 1916
9002 49605
7575 6939
64396 6939
1836 6939
49605 25091 16347 8283 29140 20932 198385 41617 51405 29075 6939 20764 12654 31122
13030 35369 6939
8758 6939
16347
8283
14061 6939
25091
8928 6939
3549
263075 6939
20932
41617
263651 6939
59689 6939
25160 6939
29686 6939
9304 6939
51405
29636 6939
29075
1916 6939
6939 59891 34019 553 2613 52863 202194 25220 21320 5396 6762 31424 29680 263152 19151 53067 196621 24482 30844 7018 6667 1853 8426 6453 262757 52720 37497 1273 53070 57381 22548 12654 37239 15547
25220
52863
21320
31122
5396
6762
31424
29680
59891
2613
263152
198385
553
25152
19151
22548
34019
196621
53067
29140
6720 1853
30844
202194
7018
6667
24482
8426
12654
6453
262757
52720
35369
37497
1273
53070
57381
20764
1853
37239
15547
