#src/zombie.py
# GMT Mon Oct  1 04:38:00 2018
# 
29691 6939
328206 6939
49605 9002
6762 6939
6720 9002
60501 9002
12637 6939
262317 6939
266534 6939
29636 6939
15605 9002
14907 6939
29075 9002
202032 6939
263075 6939
52720 6939
25220 9002
16347 20764
2857 9002
8426 6939
20612 9002
31133 20764
3491 6939
20764 198385 59689 39351 25091 41722 8283 15547 49463 57111 51405 47147 198290 2613 30844 12654 28917 6939
3356 1280 9002
680 9002
20080 6939
9002 6667 31424 41497 47692 8758 59891 29140 19151 12779 12654 198249 286 2497 59414 3257 48526 2914 58299 37271 64463 20932
50877 6939
2914
6939 553 9304 34549 8218 264911 24482 263152 23106 37239 1251 50620 12307 262757 29686 37640 37468 13030 53067 205206 202194 25152 12859 28634 22548 53070 21232 29504 7018 7575 34288 12654 34019 1273 16735 29680 57821 513 1916 52873 14061 263508 5396 52320 35369
20932
37468
59689
53067
47692
205206
202194
25152
59891
49463
34549
57821
51405
29504
7018
52888 1916
12654
34019
198249
1273
39351
29680
513
19151
52873
47147
37640
5396
264911
28917
196621 8758
9304
1280
37271
31424
59414
6667
263152
23106
37239
24482
25091
8283
8218
12307
3257
262757
15547
48526
553
198290
8758
64463
198385
41497
13030
50620
29686
28571 1251
12859
22548
53070
21232
28634
7575
34288
30844
1251
286
52863 52320
2497
16735
41722
1916
29140
57111
14061
2613
263508
52320
12779
35369
58299
