#src/zombie.py
# GMT Mon Oct  1 04:36:12 2018
# 
50620 13030
29691 6939
2857 13030
264911 6939
51405 6939
286 1103
198249 13030
28917 6939
198290 2914
56730 1103
49605 6939
2914 12859
15435 1103
34019 6939
12859 48526 12654
1280 6939
513 13030
20080 6939
41722 6939
263651 6939
41497 6939
8218 6939
16735 6939
12779 12654
8607 13030
262757 6939
37271 6939
8763 13030
34288 6939
49463 6939
12654 8455 13030 6939 1103
29140 13030
3257 25152 1103
47872 6939
202032 6939
12307 6939
8596 13030
48526
12637 6939
2497 13030
22388 11537 7575
15605 6939
262317 6939
58299 6939
23106 6939
1103 2603 20965 16347 11537
48166 13030
20612 6939
53067 6939
28571 1916
9002 41617 6939
7575
64396 6939
62567 6939
20965 680
13030 8758 25220 20932 9189 9304 35369 29636 4589 1853 31122 15547
8758
16347
14061 6939
25091 2603
8928 8455
9189
263075 6939
11537
20932
41617
2603
59689 6939
25160 6939
29686 6939
9304
20764 6939
29636
29075 6939
1916 6939
6939 31424 59891 198385 52863 5396 6762 29680 2613 6667 263152 19151 196621 24482 202194 8426 6453 53070 553 22548 52720
25220
52863
5396
6762
31424
29680
59891
2613
263152
198385
25152
19151
22548
8455
196621
6720 1853
202194
6667
24482
8426
680
6453
52720
35369
53070
553
4589
1853
31122
15547
