#src/zombie.py
# GMT Mon Oct  1 05:35:50 2018
# 
52873 52720 12956
1916 11537
22548 16735
14061 2914
34177 1103
34781 12859
8447 5413 6720
12654 6939 6730 3333 12859 6830 5413 1103 12779 12956
25160 2603
37239 36937
24611 51405 6661
29075 12859 58308
1836 20612 1103
5396 6762
34288 12859
8468 5413
56730 1103
7018 286
7575 24490
6893 2613 6730
7738 12956 263321
16735 2603 28138
59891 51395
8455 1103
3303 35054 3333
57821 12586
2603 553 50304 31122 1103 19151 2497 14361 20080 62567
30844 5413
1251 11537 52888
51185 12859
35054
680 20965
24490 20965
16347 12859
20932 12859
174 2914 64396 3257 50620
8607 5413
8758 6830 196621
2895 29076
29691 57118 6730
20965 11537 1853 1103
3356 286 3549 2914 29608
51405
52888
1853
263321 263584
7660 22388 2500
327984 37179
1221 4637 4608
6830
5413 4589 42708 9002 4637 49605 3333 50300 41095 29686
49463 12859
39821 9002
53070 10429
286 6453 29222 1103
30132 1103
19151
6453 36937 2914 5392
25220 12859
28220 12956
9189 6695
12956 10429
34019 12859
12637 12859
13030 198249 12859 58299
41497 3257
25152 3257
12859 3252 31424 198385 43531 2914 12874 6667 13237 15547 6661 3216 31025 8222 9304 29076 28917 1103 6695 48526
35699 2914
8222
64396
9304
36937
6939 51395 47872 202194
29076
48526
41095
50300
15435 1103
52720
37271 327995 1103
24482 1103
4608
6695
50304
47872
52863 6762
3549 28329
43531 8596
8426 1103
3491 3257
202194
12350 1103
31424
29140 3333
59689 8218
13237
51395
8596
15547
6661
3216 20764
28329
29680 3257
3333 6762 8283
6720
12586 31025
4777 2500
20080
22652 3257
5392
25933 6762
58308
6730
29686
58299
1103 513 3257 20562 37179 9002 25091 8218
198290 2914
28138
20562
15605 12874
20764
8218
57381 42708
3252
262317 10429
327995
42708
2500 2500
513
57118
4637
4589
3257
12779
6667
11537 22388
6762 6762
10429
196621
2914 1280
553
20612
37179
198249
2497
263584
2613
31122
50620
22388
31025
198385
9002
8283
25091
29222
29608
49605
1280
14361
12874
28917
62567
