#src/zombie.py
# GMT Mon Oct  1 03:57:49 2018
# 
1916 19151
22548 16735
14061 19151
7018 3356
34781 13030
8447 6720 3257
12654 6939 48526 25152
25160 174
12389 29076 3257
37239 36937
24611 51405 3549
29075 174
30844 6939
8426 3356
34288 6939
8468 3549
6461 19151 8218
7575 19151
25933 3549
7738 3257 263321
37179 41095 327984
59891 51395
57821 12586
34177 3356
1836 174
6893 2613 174
3356 20764 58308 30781 3549 3356 50300 8222 15547 28917 6762 19151 29608 6453 8422 12956 680 8607
16347 174
3252 174
9044 20612 3257
13002 174 25091
8607
8758 6830
2895 29076
48526
8422 9189
202194 6939
20764
51405
52888 1251
1853 1764
263321 263584
4777 2497
1221 4637 4608
6830 19151
49463 174
39821 9002
53070 10429
286 19151
1764 3257
19151 2497 4637 25152 43531 9002 13030 4589 6667 41095 174 19151 1280
6453 36937
25220 3257
28220 6762
9189
12956 10429
34019 30781
13030 198249 58299
52720 3549
25152 6939 16735 20080 3257
12859 3257 3333
35699 174
24482 43531
680 553
6720
36937
6939 47872 51395
29076
29691 57118 15576
50300
37271 327995 3257
8222
4608
50304 57381 174
47872
52863 6762
3549 28329
43531 8596
64396 174
3491 174
31424 3257
29140 3257
59689 8218
13237 3257
8596
15547
28329
29680 3257
9002
12586 3257
327984
20080 1251
22652 3257
56730 51945
57381
58308
51945 174
174 198385 50620 6762 2914 198290 12779
29686 3257
58299
29608
1251
198290
28138 16735
8218
2613
262317 10429
327995
51395
57118
4637
4589
3257 31122 49605 15576
12779
6667
41095
10429
196621 15576
2914
553
20612
16735
198249
2497
263584
31122
50620
30781
198385
3333
49605
25091
6762
15576
1280
28917
