#src/zombie.py
# GMT Mon Oct  1 06:27:19 2018
# 
1916 14840 13030 25152 24482 20080 28329 9304 6939 174 19151 12654 11537 28138 263584 22548
22548
14061 2914
196621 8758
34781 13030
8447 6762 6720
12654 52863 53070
7575 11537
25160 174
37239 36937
34177 6453
24611 51405 6661
29075 58308 174
1836 20612 174
5396 6762
3303 6762 34019
8468 3549
6461 174 8218
7018 174
2613 6893
25933 52863
3320 8222 6762 8422
37179 3257 327984
59891 51395
8455 3257
57821 12586
57866 174 8283
30844 6939
6893 174
35054 3356
680 20965 553
16347 174
56730 51945
20932 174
51945 174
34288 13030
8607 2914
8758 174
2895 29076
29691 57118 174
8422 9189
20965 11537 1853 1103
20764 3356
51405
52888 52863
1853
28917 3356
7660 22388 2500
327984
1221 4637 4608
6830 174 15547
29608 3356
49463 174
39821 9002
53070
286 174 6762 8596
13101 12586 174
30132 6762
19151
8943 2914 50763
6453 8426 6762 62567 36937
25220 1299
28220 52863
9189
28138
34019
12637 174
13030 198249 31424 51395 58299
41497 174
25152
12859 2914
35699 174
8222
6720
9304
36937
6939 202194
29076 174
48526 174
41095 3356
50300 174
15435 1299
37271 327995 174
24482
4608
50304 57381 174
47872 2914
52863 4809 6762
3549 3356
51185 3356
8426
3491 174
11537 11537 22388 513
31424
29140 174
59689 8218
12350 174
8596
15547
6661 174
14840
28329
29680 174
9002 2914
12586
4777 2500
20080
22652 174
5392 174
57381
58308
174 198290 3252 174 15605 198385 4637 3257 12779 6667 29222 2914 1299 50620 64396
29686 2914
58299
1103
198290
13237 1299
50763
15605
8218
3252
202194
327995
51395
2500 2500
513
57118
4637
4589 2914
3257 49605 31122
12779
6667
4809 3356 4809 16735
6762 3333 1280 2914
3356 2497 14361
2914 25091
553
64396
20612
1299
16735
198249
2497
263584
31122
50620
22388
198385
3333
8283
25091
29222
49605
1280
14361
62567
