#src/zombie.py
# GMT Mon Oct  1 06:48:06 2018
# 
37468 49605
29691 49605
25933 3549
8447 49605 6720
35054 3356
3252 49605
57821 12586
62567 2914
174 3491 12779 1916
43100 49605
58299 49605
198249 49605
28917 49605
22652 3356
25091 49605
45896 3356
56730 49605
41722 49605
34177 49605
2914 6762 35699 19151 20080 14061 12637 7575
15435 49605
8455 3257
12859 49605
1280 3356
513 21320
37497 49605
202194 49605
37239 49605
16347 49605
15547 49605
1764 8596 49605
12637 3257 5392 12654 5396
50300 49605
12586 31025
8218 49605
16735 262757 52320
12779 2603 6667 37271 8426 12350 680 3333 3257 12779 12654 41095 30844
8607 49605
262757
3356 286 3549 49605 12956 20764 6453 2497
37271 327995
12350
7738 3257 263321
49463 49605
34781 49605
29140 49605
3257 6762 4589 29680 14361 25152 2497
327995
47872 49605
52863 6762
263584 263321
13237 49605
8596
48526 49605
41497 49605
2497 4777
34019 49605
34288 49605
50304 49605 57381
3491
23106 49605
1221 4637 4608
1103 49605
50763 49605
28220 3549
29608 49605
28329 6762
20612 49605
1251 20080 52888
52320 49605
22548 3549
14061
9002 49605
2895 49605
4777
64396 49605
1836 49605
49605 29686 13030 8758 4637 8283 2613 198290 20932 198385 29222 9189 37100 1299 25160 9304 51405 24482 29075 25435 25220 202032 41617 20562 31424 30132 59891 25227 553 39821 196621 31025 59689 8468 58308 12654
13030
8758
12956 10429
8283
41617
3333
286
3549 52720
9189
198290
4637
8426
20932
41095
29222
2603 21320
37100 327782
59689
25160
263321
327960 327782
4589
29686
9304
51405
24482
29075
1916
198385
25220
202032
21320
52888
5396
8222 1299
6762
31424
35699
59891
25227
20562
553
25152
29680
19151
39821
1299 7018
58308
196621
31025
6720
30844
25435
7018
6667
327782
30132
8468
14361
680
5392
6453
4608
52720
53070 10429
57381
20764
7575
12654
20080
10429
2613
