#src/zombie.py
# GMT Mon Oct  1 04:04:25 2018
# 
263584 263321
263321 61568
49605 57111
59689 57111
6720 47692
37497 57111
12637 57111
15605 47692
395152 63297
29075 47692
12307 47692
3333 8426 15435 12859 37468 20562 6762 16347 1103 12654 6667 23106
52888 1251
52720 52873
12956 28220 10429 12654
20612 47692
16347
25227 9002
29226 47692 2895
8426
6830 12654 21232
31025 12586 47692
3491 6453
22652 3356
20764 3356
3356 3549 8455 1280 51185
29608 57111
680 20965
20080 2603 1916
3549 25933
9002 39821 5413 41722
50877 57111
2914 64050 15562 12859 35699
286 1103 7018 29222
37271 1103
20932 47692
28634 10429
202194 47692
37468
63297 6939
8455 3257 13030 52320 12654 1299 28917
47692 29691 198385 31424 8758 34288 29140 35369 30844 12654 198249 59891 25220 25091 6453 8222 202032 59414 3252 47147 29686 1836 35054 58299 13237 52873 64463 29504
8758 196621
8896 1103
25152 3257
2895
37100 1103 327782
29222
57821 12586
51405 57111
29504
6762 61568 5396
35699
15562
1103 24482 20965 2603 513 11537 8218 3257 12350 12654
12654 12779 5413 6939 12859 57111
6881 3257
198249
38001 57111
31424
50304 57111
29680 8220
8220 57111
2603 16735 553 2497 25160
59891
5392 57111
19151 5413
52873
8607 5413
327782 327960
47147
39351 57111
5396
39821
48526 12859
34177 57111
13237
28917
12779
513
196621
8222
9304 57111
14061 5413
3252
4637 1221 5413
41095 5413
51185
1221 4608
4608
20562
61568
43578 1299
59414
6667
23106
28220 28220
24482
25220
22388 11537 7575
327960
25091
8218
202032
49375 5413
3257 41497 31742
262757 16735
15547 57111
395766 40191
553
2613 57111
35054
198290 57111
6453 2497
1299 40191
64463
50300 5413
198385
40191
41497
1916
13030
20965
64050
12586
29686
12859
11537 1251
2497 4777
53070 10429
21232
49463 57111
7575
34288
30844
1251
35369
6939 13760
39122 57111
52863 52320
25933
16735
41722
15435
31742
4777
29691
1280
29140
57111 56730
5413
7018
56730
52320
1836
10429
58299
13760
25160
12350
