#src/zombie.py
# GMT Fri Sep 28 18:23:17 2018
# 
50620 13030
6881 6939
59891 6939
196621 6939
37239 6939
202032 6939
37989 4844
2613 9002
37468 37271
30844 25220
3320 701 25220
25152 3257
6667 9002
8607 9002
6453 9002
202194 6939
262757 6939
12637 9002
25220 1299 15605 34781 12654 6939 8283 15435
20612 6939
34288 6939
9189 8422
37640 6939
15547 13030
34781
16347 9002
12654 9002 680 2914 6939 286 12779 13030
50763 13030
64396 6939
59689 9002
264911 6939
49605 9002
23106 6939
1103 20965
35369 9002
37497 6939
198385 9002
28917 9002
198290 9002
22548 6939
15435
50304 6939
24490 7575 20965
680 1299 29140 9002 20965 48526
15605
29680 6939
53067 6939
8928 9002
20965
20932 13030
262317 6939
8763 2914
29636 13030
41722 9002
20080 6939
12859 6939
701 286
1836 9002
4589 3257
1299 174 3257 6939 3356
25091 9002
6720 9002
14061 6939
286 1273 8218 2857 7018
8422 174
553 174
1916 6939 28571
29140
31424 9002
8426 6939
8455 9002
37271 6939
49463 9002
5396 6939
50300 13030
7575
51405 9002
29075 9002
13030 198249 8758 8596 9304 2497
25160 6939
198249
2857
57381 6939
62567 9002
41617 9002
47872 6939
3333 9002
52863 6939
48526
57463 6939 29686
7018
24482 6939
1273
174 2914
43100 9002
34019 6939
9002 3356 56730 29608 41497 31122 3257
22652 6939
8283
263152 6939
58299 6939
8596
20764 6939
8218
3356 6939
4844 6939
12779
52720 6939
29608
41497
263651 6939
57821 6939
29686
16735 6939
6762 2914
8758
53070 6939
56730
1280 6939
31122
9304
3257
2914
6939 263075 19151
263075
19151
28571
2497
