#src/zombie.py
# GMT Mon Oct  1 03:54:09 2018
# 
263584 263321
263321 61568
49605 9002
263651 6939
59689 20764
6720 6939
37497 6939
12637 9002
262317 6939
39351 20764
15605 9002
395152 14007
264911 6939
202032 6939
3333 20764
52888 1916
52720 6939
12956 28220 10429 9002
20612 1836
16347 20764
45896 41095
29691 6939
8426 41095
3491 9002
22652 41095
20764 37468 56730 34288 2613 51405 50763 29075 29608 30844 12654 25220 6939 39122 198290 4766 8283 8222 29140 49375 15547 29686 47147 34177 13760 28917 20932
3356 3549 6762 7018 1280 35054 41095
29608
680 9002
20080 6939
3549
9002 31424 41497 8455 47692 8758 19151 2497 29680 15435 40191 12350 1103 35699 12654 6667 23106 196621 48526 30132 41722 6453 12779 21320 8218 9304 59414 3257 8607 21232 5396 553 1836 2914 286 13237 37271 50300
50877 6939
2914 15562 6762
6939 51185 4608 12307 263075 43578 24482 263152 34019 327960 37640 28929 202194 50304 64463 263508 198385 53067 8896 59891 49463 29222 57821 29504 7575 25160 38001 25933 31742 5392 1916 52873 57111 14061 14840 35369 58299
56730
20932
28634 22356
202194
37468
13760
30132
53067
47692
8758
8896
25152 3257
25933
49463
29222
15435
51405
29504
7018
35699
15562
1103
12654 3252 41722 25091 41095
6881 3257
198249 13030
38001
50304
29680
14840
59891
5392
21320 513
52873
8607
4608
6762 61568
37640
5396
22356 41095
48526
34177
13237
28917
852 41095 14007
12779
513
196621
8222
9304
1916
37271
263075
41095 16735 13030 12859 20562 52320
51185
31424
20562
61568
43578
57111
6667
263152
23106
28220 28220
29075
34019
19151
4766 64050
8455
327960
25091
8283
8218
12307
49375
3257
262757 16735
15547
395766 40191
553
47147
35054
198290
6453
64463
50300
198385
40191
41497
13030
64050
29686
24482
12859
28929
2497 4777
53070 10429
21232
12350
7575
34288
30844
14007
35369
286
39122
52863 52320
2895 41722
16735
41722
57821
31742
4777
25220
1280
29140
59414
14061
2613
263508
50763
52320
1836
10429
58299
3252
25160
