#src/zombie.py
# GMT Mon Oct  1 05:04:50 2018
# 
1916 52888 19151
22548 16735
14061 19151
7018 3356
34781 13030
59891 51395
12654 12654 6939 15547 19151 9002
25160 9002
4589 19151
24611 51405 3549
29075 9002
30844 9002
5396 9002
34288 6939
8468 9002
56730 51945
20932 9002
3252 9002
57381 42708
7738 19151 263321
37179 41095 327984
8455 9002
57821 12586
34177 3356
1836 9002
6893 2613 174
51185 9002
35054 3356
680 553 9002
16347 174
37239 36937
6730 513 6730 29691 19151
8607 9002
8758 196621 9002
2895 3267
29691 57118
8422 9189 9002
20764 3356
51405
52888
1853 9002
263321 263584
4777 2497
1221 4637 4608
29608 3356
49463 174
39821 9002
53070 10429
286 19151
30132 9002
19151 7575 3356 13030 16735 4637 20080 2497 9304 6667 41095 174 1280 62567
9044 20612 9002
6453 36937 9002
25220 3356
28220 6762
9189
12956 3356 10429
52720 3549
12637 9002
13030 198249 58299
41497 9002
25152 3257
12859 9002
35699 9002
8222 3356
64396 174
9304
36937
6939 47872 202194
202194
48526 9002
41095
50300 9002
15435 9002
37271 327995 9002
24482 9002
4608
50304 42708
47872
52863 6762
50763 8943
3549 25933 3356 28329
3356 58308 8283 22652 29222 6762
8426 9002
3491 174
12350 9002
34019 30781
31424 9002
29140 9002
59689 8218
13237 9002
51395 9002
8596 9002
15547
2613
28329
29680 9002
9002 49605 30781 9002 5392 51945 1103 20562 15605 8218 42708 3257 12779 29686 2914 31122 6720 25091 12586
6720
12586
327984
20080
22652
5392
25933
58308
51945
174 198385 3267 6762 198290 50620
29686
58299
1103 3333
198290
28138 16735
20562
15605
8218
7575
262317 10429
327995
42708
513
57118
4637
3257 28917
12779
6667
29222
10429
196621
2914 8943
553
20612
16735
198249
2497
263584
31122
50620
30781
198385
3333
8283
25091
3267
6762
8943
49605
1280
28917
62567
