#src/zombie.py
# GMT Mon Oct  1 05:57:19 2018
# 
29691 6939
328206 6939
49605 50304
59689 6939
6720 8447
12637 50304
262317 6939
29636 6939
15605 12874
553 6939
29075 50304
202032 6939
3333 50304
52888 1916
52720 6939
25220 50304
16347 50304
2857 6939
8426 6939
20612 6939
12654 15562 50304 6881 39351 29608
3491 6939
22652 6939
34019 50304
20764 50304
3356 3549 1299
29608 5511 43100 13030
680 1299
20080 6939
3549 263702
9002 50304
20495 50304
15547 50304
2914 15562 3257 198290 6453 1273
50304 37468 8455 47692 8758 12859 8218 15435 29140 50763 49375 34288 1103 6667 8447 39122 25091 8283 12779 12874 57111 30844 8896 56730 48526 50300 1299 20932
56730
6939 9304 1280 37271 263075 264911 64463 24482 263152 23106 37239 19151 50620 12307 262757 4844 50877 2613 39351 286 263508 198385 31424 41497 53067 29686 202194 25152 59891 49463 22548 53070 21232 28634 7575 1251 198249 25160 31122 38001 2497 16735 29680 41722 57821 31742 513 1916 51405 52873 59414 8607 14061 47147 37640 5396 52320 1836 58299 28917
20932
202194
37468
8455
53067
47692
8758 196621
8896
25152
59891
49463
15435
51405
7018 1299
15562
1103
5511 6762
43100
6881
198249
1273
31122
38001
39351
29680
513
12874
19151
52873
8607
47147
37640
5396
48526
50300
4777 2497
28917
263702
12779
196621
9304
1916
37271
263075
31424
264911
59414
6667
263152
23106
50877
37239
24482
25091
8283
8218
12307
49375
3257
262757
4844 37989
198290
6453
1299
64463
6762
198385
41497
13030 35369
50620
29686
28571 1251
50763
12859
22548
53070
21232
28634
7575
34288
30844
1251
8447
286
39122
52863 52320
2497
16735
37989
41722
57821
31742
1280
29140
57111
14061
2613
263508
52320
1836
35369
58299
25160
