#src/zombie.py
# GMT Mon Oct  1 05:56:04 2018
# 
1916 6939
14061 6939
7018 174
34781 6939
8447 50304 6720
12654 50304 6881 29608
25160 6939
37239 6939
37989 4844
8763 6939
5396 6939
34288 29608
56730 6939
263674 6939
20932 50304
7575 6939
21320 513 6939
16735 6939
59891 6939
8455 50304
57821 6939
263152 6939
30844 50304
680 553 6939
16347 50304
8426 6939
35369 29208
15685 6881 29208
8758 6939
48526 50304
29636 6939
20764 50304
51405 6939
1853 6939
28917 50304
1103 50304
49463 29608
53070 6939
286 42708
202032 6939
19151 6939
6453 174
25220 50304
37271 6939
4844 6939
34019 29608
13030 29608
41497 6939
25152 6939
12859 50304
50300 50304
24482 29608
6720
48166 6939
9304 6939
6939 50304 47872 262757 263651 8596 52863 264911 28329 29680 20080 22652 15547 58299 29608 29691 28571 262317 31424 263075 57118 4589 52720 37640 196621 20612 8607 198249 2497 1273 50620 64396 202194 1280
202194
29691
50763 50304
29075 29608
52720
8218 29608
29208 2914
50304 42708 12779 6667 29140 9002 3333 8283 1836 25091 57381 174 15435 62567
47872
262757
52863
198385 42708
64396
263651
1273
31424
29140
59689 29608
8596
15547
264911
28329
29680
3333
20080
22652
57381
513
9189 42708
174 6762 3257
29686 42708
58299
29608 2613 49605 31122 43100 198290
198290
15605 42708
28571
2613
262317
1836
42708 8928 2857
263075
57118
4589
3257
12779
6667
37640
196621
2914
553
15435
20612
8607
198249
2497
6881
31122
50620
8928
9002
8283
25091
43100
6762
49605
1280
2857
62567
