#src/zombie.py
# GMT Mon Oct  1 04:30:39 2018
# 
8387 13030 1764 12654
52873 52720 12956
22548 16735
14061 1299
7018 1299
34781 1764
1916 174
20080 13237 1251
1251 52888
25160 8218
37239 36937
1836 13237 20612
25091 13237
8468 13237
56730 13237
52863 6762
3252 13237
25933 3549
20612
16735 52320 28138
57821 12586
3491 3257
30844 13237
35054 1764
174 1764
8758 1764
2895 29076
29691 1764
3356 20764 3549 1764 29608
52888
1853 12654
58299 1764
4777 2497
1221 4637 4608
39821 9002
53070 10429
286 13237
1764 20932 64396 57118 59891 198385 202194 202032 196621 2914 12350 8218
202032
19151 6461
6453 36937 1299
6461 8218
28220 6762
12956 10429 1299
13030 198249
52720
25152 3257
50300 13237
24482 13237
64396
36937
49605 13237
202194
12654 13237 6730
37271 327995 1299
4608
50304 8218
20932
3549
52320 13237
16397 263075 26615
13237 31424 42708 3257 35699 41095 8596 1299 3333 9002 15547 28917 31025 29076
31424
12350
8596
15547
28917
29680 3257
3333
12586 31025
59891
22652 3257
57381 42708
513 6730
6730 6730
263321 263584 7738
29608
29076
28138
20764
8218 29222
7575 2914
262317 10429
327995
42708
263075
57118
4637 3257
28329 6762
3257 2497 6762
35699
41095
10429
196621
2914 8607
7738 1299
1299 1280
8607
198249
2497
263584
31025
198385
9002
26615 6762
6762
1280
29222
