#src/zombie.py
# GMT Mon Oct  1 04:04:25 2018
# 
263584 263321
263321 61568
49605 57111
59689 57111
6720 47692
37497 57111
12637 57111
15605 25220
13030 47692
395152 14007
29075 47692
12307 47692
3333 5413
52888 1251
52720 52873
12956 28220 10429 6762
25220 37468 30132 15435 8283 16347 12859 52873 51185 3257 57821 3252 52320 30844 12654 28917 29226 23106
16347
25227 9002
29226 2895
8426 12779
3549 3356
20612 47692
1251 20080
3491 6762
22652 3356
20764 3356
3356 47692 14007
29608 57111
680 48526 12654 8218 9002 20965
20080 2914 6762
3252
198290 57111
9002 39821 5413 41722
56730 57111
2914 15562 7018 6762 35699 64050 8220 12654 13760 2497 286
286
4230 262757 6762
20932 47692
28634 10429
202194 47692
37468
30132
47692 33891 198385 31424 8758 29222 29504 202032 35369 12654 34288 198249 59891 29691 25091 6453 59414 47147 35054 58299 13237 64463
8758 196621
8896 174
25152 3257
25933 6762
37100 327782 57111
29222
57821
51405 57111
29504
6762 6762 61568 4637 12654 1280
35699
15562
1103 20965
12654 5413 47147 12779 6830 57111
6881 3257
198249
38001 57111
31424
50304 57111
29680 8220
8220
6830 21232
59891
5392 57111
19151 5413
52873
8607 5413
327782 327960
47147 1299 1836
39351 57111
5396 12779
39821
48526
34177 57111
4777 2497
28917
513 20965
196621
9304 12779
14061 5413
1916 11537
4637 1221
41095 5413
51185
1221 4608
4608
20562 12779
61568
37271 12779
43578 1299
59414
6667 5413
23106
28220 28220
50877 12779
24482 12779
8455 12779
327960
25091
8283
8218
202032
49375 5413
3257 31742
262757
15547 57111
395766 40191
35054
7018
6453
1299
64463
50300 5413
33891 12779
198385
40191 174
41497 12779
7575 24490
20965 11537 24490
64050
29691
50763 57111
12859
28929 12779
11537
2497
53070 10429
21232
49463 57111
1836
34288
30844
14007
174 12779 16735
35369
25160 57111
39122 57111
52863 52320
2895
16735
41722
15435
31742
13237
1280
57111 2613
24490
5413
2613
52320
12779 12779 12350
10429
58299
13760
12350
