#src/zombie.py
# GMT Mon Oct  1 04:23:58 2018
# 
553 6939
6762 6939
12637 6939
262317 6939
15605 47147
264911 6939
3333 6939
263075 6939
52720 6939
25220 13030
20080 6939
22652 13030
20764 6939
3356 47692 3549
29608 6939
680 47147
49605 6939
3549 263702
9002 6939
20495 13030
15547 13030
2914 15562 198290 47147
50304 6939
56730 6939
286 47147
20932 13030
50763 6939
8455 6939
53067 6939
47692 15435 29140 1103 29686 12654 6453
8758 13030
50877 6939
25152 6939
28634 6939
15435
29140
29504 6939
7018 6939
15562
52888 1916
12654 35369 47147 13030 6939
6881 6939
1273 6939
31122 13030
38001 6939
198290
29680 6939
513 6939
8607 13030
47147 39122 57111
28571 1251
28917 6939
263702
12779 6939
9304 13030
1280 6939
37271 6939
1103
24482 13030
6667 6939
263152 6939
23106 6939
19151 13030
25091 13030
8283 6939
29636 13030
202032 6939
3257 6453
262757 6939
4844 37989 6939
39351 6939
6453
50300 13030
8896 6939
41497 6939
13030 31742 2497 2857 14061
29686
5396 6939
12859 6939
22548 6939
53070 6939
57381 6939
7575 6939
34288 6939
1251 6939
6939 41722 25160 16735 57821 1916 263508 52320 1836
39122
52863 52320
2497
16735
37989
41722
57821
31742
1916
57111
14061
263508
52320
1836
35369
2857
25160
