#src/zombie.py
# GMT Mon Oct  1 03:44:04 2018
# 
37468 37271
2857 13030
37640 6939
57821 6939
62567 6939
286 3257 1103
198249 13030
28917 6939
22652 6939
198290 2914
56730 1103
49605 6939
2914 12859
15435 1103
8455 12654 3257 48526 8928
12859 12654 1103
1280 6939
513 13030
37497 6939
20080 6939
41722 6939
24490 20965 7575
41497 6939
50300 1103
8218 6939
12779 12654
8607 13030
9189 13030
37271 6939
4844 37989 6939
8763 13030
49463 6939
12654 13030 6939 3333 1103
29140 13030
3257 25152 1103
47872 6939
50620 13030
6881 6939
48526
12637 6939
2497 13030
34288 6939
15605 6939
37989
50304 2603
58299 6939
29680 6939
1103 2603 20965 3333
34781 6939
20612 6939
202032 6939
9002 41617 6939
7575
64396 6939
1836 6939
20965 680
13030 8758 20932 9304 35369 25220 15547 4589 29636 1853 31122
8758
16347 3333
8283 3333
14061 6939
3333 1273 30844
8928
20932
41617
2603 25091
59689 6939
25160 6939
29686 6939
9304
51405 6939
29636
29075 6939
6939 29608 59891 34019 202194 198385 5396 6762 31424 2613 6667 553 19151 196621 7018 24482 8426 6453 57381 20764 37239
25220
29608
5396
6762
31424
25091
59891
2613
198385
553
25152
19151
20764
34019
196621
6720 1853
30844
202194
7018
6667
24482
8426
680
6453
31122
35369
1273
57381
4589
1853
37239
15547
