#src/zombie.py
# GMT Mon Oct  1 05:57:45 2018
# 
1916 11537
22548 3549
14061 2914
7018 2914
34781 25220
8447 6720 12654
2914 2497 8455 12654 8283 13030 286 6762 6453 3303 198290 37271 35699 62567
25160 5413
37239 36937
24611 51405 6661
29075 58308 5413
30844 5413
5396 6762
34288 25220
8468 5413
56730 51945
20932 25220
3252 25220
62567
29551 31025 25220
16735 28138 6762 262757
59891 51395
8455
57821 12586
34177 25220
1836 25220 20612
50300 5413
6893 2613 25091
35054 3356
680 20965 680 174 9002 553 8426 49605 12654 8596 48526 8218
8426
174 64396 50620
16347 5413
8758 6830 196621
2895 3267
29691 57118 6730
20965 11537 1853 1103 513 24490
3356 20764 19151 3549 25220 29608 22652
51405
1853
263321 263584 7738
7660 22388 2500
4777 2500
1221 4637 4608
6830 12654
5413 50304 31424 28917 49463 6667 41095 30132 12654 39326 15547 8607 12637 13030 3333 12859 24482 20080 9304 3267 6730 50763 6661
49463
39821 9002
53070 10429
286
30132
45896 3549
6453 36937 6762 5392
25220 31122 198385 51185 3257 25091 13237 12654 12350 15435 20562 15605 34019
28220 6762
12956 6762 10429
52720 3549
12637
13030 198249 58299
41497 3257
25152 3257
12859
35699
24482
64396
9304
36937
6939 51395 202194 12654
202194
48526
50763
15435
37271 327995
4608
50304
47872 6762
262757
52863 6762
3549 25933 6762
51185
6720
19151
3491 6762
11537 22388
34019
49605
59689 8218
12350
51395
13237
8596
15547
2497
28329 6762
24490 7575
7738 6762
3333
12586 31025
20080
22652
5392
25933
51945 39326
6730
58299
1103
198290
28138
20562
15605
20764
8218
57381 42708
7575
31424
42708 12654
2500 2500
513
57118
4637 6762
3257 14361 29680
12779 12654
6667
41095
10429
196621
12654 6762
553
39326
20612
8607
198249
58308
263584
2613
31122
50620
22388
31025
198385
9002
8283
25091
3267
6762 1280
6661
29608
29680
327995
3303 29222
1280
14361
28917
29222
