#src/zombie.py
# GMT Mon Oct  1 08:12:42 2018
# 
3257 8455 174 1103 25152 3333 41497 29680 22652 6453
198249 13030
3356 29608 286 1299 3549
3216 20764 8455
57118 29691
25091 1103
29686 5413
9002 5413 39821
28220 12956
263321 7738 263584
11537 22388 20965 1916
12654 8455 12859 5413 6730 1103 3333 6830 12956 12779 6939
6762 28329 52863 3333 5396
51405 24611
513 1103
50300 5413
37497 1103
14061 2914
15605 12859
1103 24482 3333 286 2603 37271 15435 20965 56730 8218 29075
45896 174
47872 12956
198290 2914
8758 6830
14361 2603
3303 15576 8455 35054
59891 51395
20612 1836
9304 8455
39821
50304 2603
7738 12956
4777 2500
57381 42708
5392 6453
51395 6939
29608
12637 5413
8468 5413
6730 6893 29691
2914 12859 174 35699 6453
202194 6939
286 29222 7018 19151
53067 10429
6830
24490 7575 20965
8447 5413 6720
37271 327995
6939
2500 7660 2500
8455 28917 1299 15547 13030 48526 12350
36937 6453 37239
8218 59689
29076 12859 2895
25933 3549
4637 5413 1221
29140 5413
13030 2603 58299
3549
5396
20080 2603
29691
41095 5413
50620 174
7660 22388
34019 12859
28329
2603 553 16735 31122 25160 2497 3491
327995
1280 1299
28138 16735
22548 16735
10429 12956 53070
20965 1853 680
6661 5413 24611
35054
20562 3333
52873 12956 52720
3491
64396 174
43531 8596 12859
31424 5413
16735 262757
1299 62567
59689
19151
34288 12859
6453
5413 49463 30844 8426 16347 8607 42708 4589 49605
30844
12586 57821 31025
28917
22652
49605
29680
1836 3333
15576 196621
16347
6667 3333
8222 12859
3252 12859
31122
37239
15547
7575
52720
1853
4589
25220 12859
52863
2895
553
262757
263584
8607
57821
12350
58299
49463
8283 3333
53070
174
58308 29075
196621
3333 12859
41497
6893 2613
62567
51185 12859
8426
4608 1221
680
29075
7018
12779
29222
56730
1221
13237 12859
2497
22388
24482
2613
20932 12859
31025 12859
12859 34177 6695 198385 34781
34177
25152
6695 9189
8596
12956
42708
1916
15435
9189
25160
35699
24611
20764
198385
6720
48526
34781
