#src/zombie.py
# GMT Mon Oct  1 03:58:22 2018
# 
29691 6939
49605 6939
59689 6939
6720 1853
12637 174
262317 6939
29636 2603
15605 12874
18747 174 263702
14907 21320
29075 15576 6939
202032 6939
3333 1103
52888 1916
64463 6939
12956 10429 6939
20612 6939
16347 6939
2857 8365
8426 2603
1251 6939 28571
3491 6830
22652 174
34019 2603
20764 6939
3356 3549 174
29608 6453
680 20965
8365 6830
20080 6939
3549 52873
9002 21320
20495 6939
2914 15562 6830 14061 174
50304 2603
56730 51945
6939 12874 1280 264911 263075 25220 263152 37239 22356 202194 50620 12307 49375 39351 50300 198385 37468 41497 53067 47692 29686 8896 25152 49463 15435 51405 51945 48526 30844 6939 38001 59891 16735 57821 31742 513 1916 263508 8607 2613 37640 52320 58299 29504
28634 22356
37468
8455 21320
53067
47692
25220
50877 174
25152
59891
49463
15435
51405
29504
7018 174
15562
1103 513
12654 513 15547
6881 21320
198249 13030
1273 6830
31122 2603
38001
39351
29680 174
2603 8943 25160 24482 8283 21320 29140 12779 6667 37271 286
513 6830 513 174 13030 25091 21320 20965
21320 20965 6661 8218
19151 174
52873
8607
47147 6830
37640
28571
22356
48526
50300
4777 2497
263702
12779
196621 15576
1916
37271
263075
6830 39122 2497 553 12859 1836 6453
15576
50763 8943
264911
59414 13030
6667
263152
23106 52320
37239
24482
25091
8283
20965 24490 1853
8218
12307
49375
3257 174
262757 16735
15547
553
198290 6661
6453 6453
50620
6762 174
198385
8896
41497
13030 21232 34288 35369
1853
8943
29686
12859
202194
53070 10429
21232
51945
7575 24490
34288
30844
24490
174 57111
35369
286
39122
52863 52320
2497
16735
57821
31742
1280
29140
57111
12874
14061
2613
263508
52320
1836
10429
58299
6661
25160
