#src/zombie.py
# GMT Fri Sep 28 21:15:46 2018
# 
59891 51395
28138 16735
16735 262757 19151 22548
3549 16397 3356 25933
6453 36937 9002
513 21320
50300 9002
56730 51945
1280 19151
8607 9002
1916 19151
6661 24611 9002
15435 9002
31122 9002
30844 9002
58299 13030
6730 29691 9002
34288 9002
53067 10429
31424 9002
21320 9002
29222 3356
1221 4608 4637
8455 9002
30781 34019 9002
15605 9002
52873 52720 12956
7575 19151
12956 28220 10429 9002
9304 19151
8422 9189 9002
9002 680 12654 3356 6720 25160 51395 20562 12350 196621 1853 12586 3257 8468 48526 47872 51185 1836 62567 29686 12637 12779 3252 20932 3491 42708 8218 41497 57866 37271 12859 5392 13237 8758 29680 24482 2914 5396 49605 39821 35699 25091 29140 8426 8596 286 4589 3333 6667 51945 1103 30132 29075
12779
35054 3356
19151 4637 20080 7738 41095 174 13030 2497 12654 14061
58308 29075
4777 2497
28329 6762
7018 3356
50620 174
2914 16347 8943 6762
12637
57118 29691
14061
20932
2613 6893
10429 53070
41497
4608
50763 8943
20764 3356
8283 57866
13030 34781 198249
13237
8758
22652 3356
51395
62567
6762 3356 52863
35699
25091 6893
8426
50304 42708
34177 3356
174 3267 198290 64396 198385
9189
59689 8218
49605
20612 1836
30132
6893
28220
3267 2895
680 553
51185
28917 3257
41095
4637
16397 263075
12654 12654 15547 6939
3356 25220 29608 8222
6720
29691
263584 263321
8222
15547
3491
198290
1103
20562
12350
196621
1853
263075
64396
37239 36937
3257 25152
29075
8468
7738 263321
8943
12586 57821
6939 202194
47872
57821
22548
57381 42708
1836
51945
2497
202194
8596
49463 8218
198385
29686
29608
34781
3252
34019
16347
3333
2895
24611 51405
42708
8218
57866
53070
37271 327995
198249
12859
5392
29680
24482
20080
327995
5396
25220
36937
263321
39821
52720
25152
29140
51405
25160
553
48526
286
4589
25933
6667
262757
52863
