#src/zombie.py
# GMT Mon Oct  1 05:44:48 2018
# 
37468 9002
198385 6939
29691 6939
25933 6939
35054 3356
3252 6939
264911 6939
57821 6939
62567 9002
174 64396 20764
58299 6939
198249 13030
28917 20764
22652 6939
25091 20764
198290 20764
56730 20764
262317 6939
41722 47872
34177 20764
2914 9002
34288 20764
15435 9002
1299 7018 8283 47872 8222
25435 6939
1280 3356
513 21320
4230 262757 9002
202194 6939
20080 6939
16347 20764
6695 20764 9189
15547 6939
263321 263584 7738
41497 9002
50300 20764
8218 9002
16735 6939
12779 9002
8607 9002
262757
3356 3549 20764 9002 41095
37271 9002
37640 6939
12350 9002
7738 12956
49463 6939
3333 9002
3257 9002 25152
327995 6939
47872 47872 553 12956 12654 29140
52863 6762
263584
13237 20764
8596 9002
48526 9002
12637 9002
2497 9002 4777
34019 20764
21320 9002
50304 6939
51185 20764
3491 9002
28220 12956
52888 1916
1221 4637 4608
1103 20764
50763 20764
23106 6939
29608 20764
28329 6939
20612 1836
22548 3549
9002 1836 49605 8758 3216 29680 35699 4637 20932 41617 12859 30132 25227 59414 31424 19151 196621 6720 286 14361 680 5392 6453 5396 12654
2895 20764
4777
64396
1836
49605
13030 20764
8758
12956 10429
3216 20764 6762 3216
8283
14061 6939
35699
286
3549
9189
45896 6939
4637
8426 6939
20932
41095
29222 6939
263651 6939
59689 20764
25160 6939
327960 6939
4589 20764
29686 20764
9304 20764
51405 20764
28929 6939
29075 20764
1916 6939
6939 263152 37497 20764 59891 52720 12307 57381 53067 202032 37239 7575
25220 20764
202032
59414
41617
5396
8222
6762
31424
29680
59891
25227
263152
20562 20764
553
25152
15605 20764
53067
8455 20764
58308 20764
12307
196621
29140
6720
30844 20764
12859
7018
6667 20764
24482 20764
30132
39821 20764
14361
680
5392
6453
4608
52720
37497
53070 10429
57381
20764 2613 20764 12654
19151
7575
12654
37239
10429
2613
