#src/zombie.py
# GMT Mon Oct  1 04:24:34 2018
# 
37468 37239 174
29691 15576
25933 8167
8447 3257 6720
3252 9002
57821 12586
62567 19151
24611 6661 51405
174 6762 6893 1836 49463 3356 19151 51395 3491 51945 28917 45896 64396 1299 25160 5392 3267 29075 1257 198385 20764 6661 12779
58299 13030
198249 13030
28917
22652 3257
25091 2914
47176 25435 15576
56730 51945
29140 3257
41722 9002
34177 2914
2914 6762 7018 8607 12859 12956 8283 6453 19151 16347 35699 8943 47872 3320 42708 198290 3356 12637 30781
15435 3257
8455 3257
12859
30132 6939
202194 6939
20080 25152 1251
16347
3267 2895
15547 43531
1257 3333
8167 7738
41497 3257
50300 5580
25227 12389
8218 6461 59689
16735 22548 262757 25152
2497 19151 4777
12779
8607
51395 59891
262757
3356 25074 3549 51185 8426 29608 15605
37271 3257 327995
7738 263321 3257
49463
51945
3333
9044 3257 20612
3257 31424 29680 49605 25152 5580 13237 12389 15576 37100 29686 12586 5396 25220 1764
327995
47872
5580
29608
263584 263321
24482 43531
8596 1764
48526 12654
12637
15576 8758 196621
34019 30781
34288 13030
15605
6661
50304 1299
51185
3491
28220 12956
1221 4637 4608
1103 2603
50763 8943
23106 52320
34781 13030
28329 6762
20612
1251 52888
52320 19151
22548
31424
9002 39821 19151
30781
2895
7575 19151
64396
1836
49605
13030 19151 59414
8758
12956 52873 10429
43531 19151
8283
14061 19151
35699
286 19151
8359 19151 41617
3549
9189 25074
198290
4637 19151
45896
8426
41095 19151
59414
2603 19151
37100 327782
59689
25160
263321
327960 327782
4589 19151
29686
9304 19151
51405
12586
25074
29075
3320 8222
6939 30844 12654 25152
25220
52863 6762
41617
52888
1916 19151
5396
8222
6762
6893 2613
29680
59891
2613
198385
553 33891
25152 12654 19151
1764
19151 6667 1280 14361 33891 6461
42708 57381
1299 680 1299
196621
33891
12389
6720
30844
25435
7018
6667
327782
1280
39821
14361
680
5392
6453
4608
13237
52720 52873
8943
6461
53070 10429
57381
20764
52873
4777
12654
37239
10429
