#src/zombie.py
# GMT Mon Oct  1 08:28:33 2018
# 
1273 6939
4844 6939 37989
680 9002
286 9002
1103 9002
29686 6939
12859 6939
49463 9002
8758 13030
20932 13030
29680 6939
37271 37468 6939
16347 9002
20080 6939
198290 9002
50763 9002
56730 6939
198385 9002
37239 6939
9002 2497 28917 35369 6667 20764 6720 29075 49605 34781 3257 51405 41617 8455 2613 25091 8928 30844 8283 43100 62567 1836 29608 29140 59689 41722 8218 31424 24482 3333 8607 6453 12654
15605 6939
37640 6939
4589 13030
20612 6939
16735 6939
24482
8607
53067 6939
202032 6939
12654 19151 15547 13030 6939
31122 13030
263651 6939
22652 6939
49605
553 6939
50304 6939
6720
29075
29608
58299 6939
15435 13030
3333
1916 28571 6939
41617
52720 6939
62567
37989
25160 6939
37497 6939
43100
6881 6939
8426 6939
1836
29140
262757 6939
12637 6939
262317 6939
19151 2914
2613
28571
6453
59891 6939
25152 3257
6667
34781
28917
3257
37468
196621 6939
8596 13030
25091
35369
9304 6939
198249 13030
50620 13030
6762 6939
263152 6939
20764
47872 6939
57381 6939
25220 13030
23106 6939
31424
1280 6939
15547
22548 6939
64396 6939
8218
2497
29636 13030
8763 13030
57821 6939
263075 6939
52863 6939
202194 6939
48526 13030
51405
12779 6939
6939 7575 264911 34019 34288 14061 41497 5396 7018 53070
8455
9189 13030
8283
8928
34019
30844
2914
7575
264911
53070
34288
14061
59689
41497
50300 13030
5396
41722
2857 13030
7018
13030
