#src/zombie.py
# GMT Fri Sep 28 21:37:13 2018
# 
52888 1916
61568 263321 6762
35054 3356
59891 51395
196621 9002
37239 37468
28220 12956
41095 19151
2613 6893
42708 50304 9002 57381
11096 19151 20080
30844 9002
8426 9002
12350 9002
57381
1221 4608 4637
4777 2497
6667 9002
8607 9002
6453 9002
56730 51945
202194 6939
9189 25074
262757 16735
29608 3356
25220 3356
20612 1836
34288 9002
21320 513 9002
52863 6762
14061 19151
12586 57821 9002
20940 9002 37497
15547 12654
31424 9002
12307 59414
12654 6939 19151 9002
50763 8943
25074 9002
3303 29222 9002
59689 8218
8943 2914
25227 9002
15605 9002
23106 9002
1103 9002
16347 8218
3252 9002
51185 9002
198385 174
28917 3257
41497 9002
22548 16735
37468 9002
15435 9002
50304
47176 25435 174
680 9002
8784 34019 9002
29680 9002
3491 9002
10429 12956 53070
64396 174
2895 3267
45896 3356
263584 263321
24482 9002
59414 9002
30132 9002
1916 19151
37497
20932 9002
20080
12859 9002
8222 3356
513
4589 9002
24611 51405 6661
6893 25091
29691 6730
25091 9002
15623 58299 9002
6720 9002
51945 9002
327782 37100 327960
286 9002
29140 3257
39821 9002
553 9002
4637 19151
5392 9002
37100 9002
327960
8455 9002
37271 327995 9002
49463 8218
5396 9002
50300 9002
7575 19151
51405
29075 58308 9002
25933 3549
52873 12956 52720
13030 19151 198249
13237 9002
22652 3356
25152 3257
62567 9002
41617 9002
47872 3356
3333 9002
25160 9002
48526 9002
41722 9002
25435
7018 2914
3216 20764 9002
28329 6762
174 3267 19151
34019
9002 8596 2497 12637 6730 9002 12956 20562 8218 35699 3356 12779 1836 8758 3257 2914 49605 6661
51395 6939
198249
12956
8283 2914
58299
29222
198290 2914
20562
20764
8218
35699
3356 6762 3549 34177
12779
52720
12637
6939
1836
327995
57821
29686 3257
8596
58308
6730
6762 2914
8758
53070
34177
1280 19151
263321
9304 19151
3257
3549
2914 19151
6661
3267
49605
19151 16735 2497
16735
2497
4608
