#src/zombie.py
# GMT Mon Oct  1 03:59:50 2018
# 
50620 6939
2857 6939
264911 6939
62567 9002
43100 9002
286 9002
198249 6939
28917 9002
198290 9002
56730 9002
2914 12654 8763
34019 9002
8426 6939
37497 6939
20080 6939
12637 6939
8218 6939
16735 6939
12779 6939
8607 12654
262757 6939
37271 6939
37640 6939
8763
49463 9002
29140 9002
3257 9002 25152
202032 6939
8596 9002
48526 9002
41497 6939
2497 9002
34288 6939
15605 9002
262317 6939
58299 6939
23106 9002
34781 6939
28329 6939
20612 6939
53067 6939
28571 6939
9002 25091 49605 2613 16347 8758 19151 6720 198385 41617 6667 59689 680 51405 35369 6695 29075 4589 25220 20764 12654
64396 6939
1836 6939
49605
13030 6939
8758
16347
29680 6939
263075 6939
41617
263651 6939
202194 6939
25160 6939
4589
29686 6939
9304 6939
51405
29636 6939
29075
1916 6939
6939 31424 52863 5396 6762 263152 22548 196621 30844 24482 52720 59891 53070 553 12654 37239 15547
25220
52863
5396
6762
31424
25091
59891
2613
263152
198385
25152
19151
22548
9189 6695
196621
6720
30844
59689
6667
24482
680
52720
35369
6695
53070
553
20764
12654
37239
15547
