#src/zombie.py
# GMT Mon Oct  1 05:09:53 2018
# 
1916 14840 28329 263584 262757 25152 24482 20080 13030 25933 6939 174 19151 12654 11537 28138 28220 22548
22548
14061 1299
7018 6762
34781 13030
59891 51395
12654 52863 53070
25160 174
37239 36937
29075 58308 174
1836 20612 174
5396 6762
34288 13030
8468 3549
6461 6762 8218
7575 11537
25933
3320 8222 6762 8422
16735 4809
57821 12586
34177 2914
30844 6939
6893 2613 174
680 20965 553
56730 51945
51945 174
8607 2914
8758 174
2895 3267
29691 57118 174
8422 9189
20965 11537 1853
3356 20764 4809 41095 28917 3549 2497
51405 24611
1853 6720
28917
7660 22388 2500
4777 2500
1221 4637 4608
6830 174 15547
49463 174
13030 198249 31424 51395 58299
53070
286 8596 174 6762
13101 12586 174
45896 174
3252 174
6453 36937 6762 29686 6453 8426 29608
25220 1299
28220
9189
12637 174
39821 9002
41497 174
25152
35699 174
8222
6720
36937
6939 202194
202194
48526 174
50300 174
37271 327995 174
24482
4608
50304 57381 174
24611 6661
262757
52863 4809 6762
3549
51185 174
8426
19151
3491 174
13237 3257
31424
29140 2914
59689 8218
11537 11537 22388
8596
15547
6661 174
14840
28329
29680 174
3333 6762
12586
20080
22652 174
5392 174
57381
58308
174 198385 4637 3257 12779 1299 16347 50620 64396 3267 15576 198290 15605
29686
58299
29608
198290
28138
15605
20764
8218
2613
327995
51395
2500 2500
57118
4637
4589 2914
3257 31122
12779
4809 4809
41095
196621 15576
2914 6762 9002 25091
553
64396
20612
1299 49605 6762
16347
198249
2497
263584
31122
50620
22388
198385
9002
49605
25091
3267
6762 1280
15576
1280
