#src/zombie.py
# GMT Sat Sep 29 09:12:10 2018
# 
12637 6939
41497 9002
3257 9002 25152
64463 6939
34019 6939
41722 9002
29680 6939
20080 6939
3356 3549 9002
8283 20764
1836 6939
262757 6939
30844 20764
198249 6939
29686 6939
49463 20764
20612 6939
15435 6939
20932 9002
38001 6939
59414 9002
15562 2914
7018 6939
202032 6939
9304 6939
19151 6939
29636 6939
59689 20764
29075 9002
52320 52863 6939
1273 6939
12859 6939
2613 20764
50763 6939
263075 6939
553 6939
12307 6939
14061 9002
264911 6939
52863
57821 6939
286 9002
37640 6939
680 9002
51405 20764
22548 6939
50300 9002
58299 6939
28917 20764
37989 4844
1916 28571 6939 52888
25152
4844 6939
3491 6939
56730 9002
198290 20764
52873 6939
263152 6939
34288 6939
25160 6939
6720 9002
25091 9002
28634 6939
29608 20764
20764 15547 174 20495 57111 47147 16347 198385 12654 3333
25220 9002
202194 6939
29504 6939
14907 9002
15547
198385
57111
9002 15605 50304 12654 1103 48526 31424 29140 8455 31122 39122 8607 2914 49605 6667 47692 8758 22652 6453
1103
513 6939
5396 6939
6939 37468 50620 52720 50877 6881 262317 1280 21232 205206 6894 6762 24482 266534 13030 12654 8896 39351 12779 59891 34549 37271 29691 2497 23106 2857 16735 37239 263508 31742 8218 35369 8426 53070 53067 7575
8455
8218
15605
50620
6881
31122
39122
3549 263702
1280
21232
205206
196621 8758
6667
47147
16347
8758
22652
24482
266534
53070
34549
8607
50304
13030
52888
35369
12654
8426
8896
37271
262317
48526
31424
29140
39351
59891
263702
6762
50877
47692
29691
2497 4777
23106
2857
28571
2914 174
16735
49605
4777
174
20495
37468
52720
37239
6453
263508
31742
12779
53067
6894
7575
3333
