#src/zombie.py
# GMT Mon Oct  1 04:16:26 2018
# 
1916 6939
14061 6939
7018 3320
34781 25091
59891 6939
559 21320 12654
12654 513 25091
53070 6939
25160 2603
8943 2603 50763
37989 4844
8763 6939
5396 6939
6453 3320
34288 513
56730 6939
263674 6939
2613 6939
21320 6881 6661 9002 513 8220 8455 8218 30844 2603
3320 513 6762 2914
16735 6830
8455
57821 6939
263152 6939
30844
50300 6939
680 20965
16347 29075
8426 6939
8607 2603
8758 6939
48526 2603
29636 2603
20965 513 24490 1853
20764 2603
263651 6939
1853 6720
28917 2603
6830 2497 6939 29075 513 1273 1280 4589 1836 3257
29608 6939
49463 6939
9189 6695
286 2603
6881
202032 6939
19151 6939
8220 15576
25220 2603
37239 6939
4844 6939
34019 2603
13030 513 198249 35369
41497 6939
25152 1273
12859 2603
1273
24482 6939
6720
48166 6939
37497 6939
9304 6939
6939 47872 262757 52863 59689 8596 15547 264911 28329 53067 20080 58299 57118 29691 28571 198385 31424 263075 37640 20612 52720 2857 51405 31122 50620 64396 22652 202194 29680 262317 15605 6695 62567
202194
29691
50763
29075
52720
6695
50304 2603
47872
262757
52863
198385
64396
51405
31424
29140 2603
59689
24490 7575
15547
6661 198290
53067
28329
8596
3333 1103
20080
22652
57381 42708
263075
35369
29686 2603
58299
1103 513
198290
15605
8218
7575
262317
1836
42708 2603
264911
513 513 25091
57118
4589
3257
12779 2603
6667 2603
37640
196621 15576
2914
553 2603
15435 2603
20612
2603 8928 8283 37271
198249
2497
37271
29680
31122
50620
8928
9002 49605
8283
25091 43100
43100
6762
28571
15576
49605
1280
2857
62567
