#src/zombie.py
# GMT Mon Oct  1 05:09:38 2018
# 
37468 37271
50620 6939
2857 6939
37640 6939
264911 6939
57821 6939
62567 6939
43100 29608
286 42708
198249 6939
28917 6939
22652 6939
198290 6661
41722 6939
2914 42708
15435 6939
8455 6939
12859 6939
1280 1299
513 21320
37497 6939
20080 6939
16347 29608
37239 6939
41497 6939
50300 50304
15685 29208 6881
8218 6939
16735 6939
12779 50304
262757 6939
3356 3549 6939
37271 6939
4844 37989 6939
8763 6939
34288 50304
49463 6939
3333 42708
42708 6667 9189 50304 29686 15605 50763 25220 29140 20932
3257 1299
37989
47872 50304
52863 6939
6881 12654
8596 6939
48526 50304
12637 6939
2497 6939
34019 29608
15605
21320 6939
50304 25091 1299 24482 9002 57381 12654 1103 4589 29075 6939 30844
58299 6939
23106 6939
1103
50763
34781 6939
28329 3549
20612 6939
53067 6939
202032 6939
9002 41617
7575 6939
64396 6939
1836 6939
49605 6939
13030 29608
8758 6939
29208 35369 6720
8283 1299
14061 6939
25091
8928 6939
3549
9189
263075 6939
20932
41617
263651 6939
202194 6939
262317 6939
4589
29686
9304 6939
51405 6939
29075
1916 28571 6939
6939 31424 22548 8426 59689 198385 5396 6762 29680 2613 263152 553 25152 19151 196621 1273 52720 59891 53070 20764 15547
25220
29608 6661 12654
6661
5396
6762
31424
29680
59891
2613
263152
198385
553
25152
19151
22548
1299 680 6453
196621
28571
29140
6720
30844
59689
6667
24482
8426
680
6453
35369
1273
53070
57381
20764
12654
52720
15547
