#src/zombie.py
# GMT Mon Oct  1 04:57:23 2018
# 
52873 52720 12956
1916 2914
22548 3549
34781 20764
59891 51395
12654 20764 47872 12654 3303 9002 6939
25160 9002
3491 9002
24611 51405 6661
1836 20612 9002
5396 9002
8468 9002
56730 20764
3252 20764
58299 13030
20612
16735 28138 6762 262757 12956
8455 20764
57866 8283 9002
30844 20764
37239 36937
8758 9002
2895 20764
29691 57118 15576
3356 41095 9002
51405
1853 9002
28917 20764
39821 20764
53070 10429
286 9002
30132 9002
19151 9002
6453 36937 24482 7738 9002
28220 6762
12956 47872 10429
52720
12637 20764
13030 198249 20764 9002
41497 9002
25152 3257
12859 9002
24482
6720 9002
37497 20764
9304 9002
36937
6939 202194
202194
50763 20764
15435 9002
37271 327995 9002
47872 20764 6762 3549 49605 62567
262757
52863 6762
3549 25933 6762
51185 9002
64396 174
49605
13237 9002
8596 9002
15547 20764
6661 20764
28329 6762
9002 31424 2914 3257 12779 8607 2497 20562 51395 20080 5392 196621 1103 14361 8218
20080
5392
25933
174 20764
263321 263584 7738
1103
28138
20562
15605 20764
20764 20764 198385 25091
8218
198385
31424
51395
15576 3303
57118
3257
12779
6762
10429
196621
2914
7738
8607
198249
2497
263584
8283
25091
41095
327995
3303
14361
62567
