#src/zombie.py
# GMT Mon Oct  1 04:06:52 2018
# 
29691 9002
328206 328145
49605 9002
59689 9002
6720 9002
12637 9002
262317 6939
29636 13030
15605 9002
553 9002
29075 9002
12307 9002
3333 9002
52888 1916
52720 37468
12956 10429 13030
20612 9002
16347 9002
45896 9002
2857 13030
8426 13030
328145 6774
3491 13030
22652 19151
34019 13030
20764 9002
3356 3549 1280 9002
29608 9002
680 9002
6774 13030
20080 19151
3549 263702
9002 50304 37271 31424 64463 6667 23106 22356 13030 25091 8283 8218 3257 198290 202194 47147 2914 25160 6453 56730 6939 198385 50763 41497 8455 12859 49463 51405 1836 34288 1103 30844 12654 286 39122 38001 2497 16735 29680 41722 57111 37468 12779 29140 59414 8607 2613 39351 59891 52320 48526 58299 28917
20495 13030
41722
15547 12654
2914 15562 19151 4844
50304 57381
56730
6939 37239 19151 53067 8896 202032 57821 264911 29504 263075 263152 37640
20932 13030
37468 13030
8455
53067
47692 13030
8758 196621 13030
50877 174
25152 3257
59891
49463
15435 13030
51405
29504
7018 1299
15562
1103
12654 19151 13030
6881 3257
198249 13030
1273 13030
31122 13030
38001
31424
39351
29680
513 13030
8607
6762 6453
37640
28571 1916
22356 28634
48526
4777 2497
28917
263702
12779
196621
9304 13030
1916 19151
37271
263075
50763
264911
59414
6667
263152
23106
37239
19151 14061 7575 174 2497
25220 13030
25091
8283
8218
202032
3257
262757 16735
4844 37989
47147
198290
6453
1299 13030
64463
50300 13030
198385
8896
41497
13030 50620 21232 24482 57463 31742 35369
50620
29686 57463
24482
12859
202194
53070 10429
21232
57381
28634
7575
34288
30844
174
35369
286
39122
52863 52320
2497
16735 263508
37989
57463
57821
31742
1280
29140
57111
14061
2613
263508
52320
1836
10429
58299
25160
