#src/zombie.py
# GMT Mon Oct  1 05:06:11 2018
# 
29691 174
328206 328145
49605 6939
59689 6939
6720 1853
60501 6762
12637 2914
262317 6939
266534 16735
29636 174
15605 3356
14907 19151
29075 1299
12307 6939
3333 2914
52888 1916
6894 174
25220 6939
16347 2914
45896 19151
2857 8365
8426 3356
20612 6939
328145 6774
3491 2914
8365 6762
202194 6939
34019 3303
20764 174
3356 15576 3549 39122 6762 48526 2914 56730
29608 6453
680 1299
6774 3303
20080 19151
3549 52873 263702
9002 19151 41722
20495 8455
15547 6939
2914 1764 13030 37271 12859 22548 29140 7018 12779 15562 1103 12654 3303 6939 8943 1273 198290 8455 25091 35266 8283 1280 3257 4844 29686 47147 286 1299 50300
50304 1299
56730
6939 42525 198385 39351 8896 9304 53067 47692 59891 49463 15435 51405 57381 6762 263075 6881 30844 263152 6939 38001 37239 19151 57821 50620 202032 8607 2613 37640 264911 58299 28917 64463 29504
20932 1299
37468 52720 19151
8455
53067
47692
205206 42525
50877 6762
25152 19151
59891
49463
34549 1299
15435
51405
29504
7018
15562
1103
12654 19151 2497 6762
6881
198249 13030
1273
31122 3257
38001
199714 206356 13030
39351
29680 3257
513 174
52873
8607
6762 52863 41497 57111 6461 6453 1299
37640
28571 1916
206356
48526
4777 2497
28917
57821
263702
42525
12779
196621 15576
9304
1916 19151
37271
263075
15576
52720
50763 8943
264911
6461 8218
3303
6667 19151
263152
23106 52320
37239
19151 14061 13030 16735 22652 22356 7575 52320 174 43531
25091
35266
8283
1853 1764
8218
202032
3257
262757 16735
4844 37989
22356 28634
553 1299
47147
198290
6453 6453
1299
64463
50300
1764
198385
8896
41497
13030 21232 34288 35369 59414
50620
8943
29686
24482 43531
12859
22548
21232
57381
28634
7575
34288
30844
174 31742 1836 174 25160
43531
286
39122
52863
2497
16735 263508
37989
41722
57111
31742
1280
29140
59414
22652
14061
2613
263508
52320
1836
35369
58299
25160
