#src/zombie.py
# GMT Mon Oct  1 06:05:58 2018
# 
50620 6939
2857 6939
37640 6939
264911 6939
57821 6939
62567 9002
43100 9002
286 9002
198249 6939
28917 20764
22652 6939
198290 9002
56730 9002
2914 9002
15435 6939
34019 9002
12859 6939
1280 6939
513 21320
37497 6939
20080 6939
41497 9002
50300 9002
8218 9002
16735 6939
12779 9002
8607 9002
9189 6695
37271 6939
4844 37989 6939
8763 6939
49463 9002
3333 9002
37239 6939
3257 9002 25152
6881 6939
29608 9002
50304 6939
8596 9002
48526 9002
12637 9002
2497 9002
34288 6939
15605 9002
37989
262317 6939
58299 6939
23106 9002
1103 9002
50763 6939
34781 6939
28329 6939
20612 6939
53067 6939
202032 6939
9002 49605 8758 16347 20932 41617 59689 6695 51405 29075 25220 8928 25091 2613 19151 29140 8455 198385 6720 30844 1836 24482 680 6453 35369 12654 31122
7575 6939
64396 6939
1836
49605
13030 6939
8758
16347
8283 6939
14061 6939
25091
8928
263075 6939
20932
41617
263651 6939
59689
25160 6939
4589 20764
29686 20764
9304 6939
51405
29636 6939
29075
1916 6939
6939 262757 52863 21320 5396 6762 31424 29680 263152 553 22548 196621 202194 7018 1273 8426 52720 59891 53070 57381 28571 12654 15547
25220
52863
21320
5396
6762
31424
29680
59891
2613
263152
198385
553
25152
19151
22548
8455
196621
28571
29140
6720
30844
202194
7018
6667 20764
24482
8426
680
6453
262757
52720
35369
6695
1273
53070
57381
20764 12654
12654
31122
15547
