#src/zombie.py
# GMT Mon Oct  1 06:30:19 2018
# 
37468 37271
50620 6939
2857 6939
37640 6939
264911 6939
57821 6939
62567 9002
51405 20764
43100 20764
286 9002
198249 6939
28917 20764
22652 6939
198290 20764
56730 9002
2914 9002
15435 6939
8455 20764
12859 6939
1280 6939
513 21320
37497 6939
20080 6939
41722 20764
41497 6939
50300 9002
8218 9002
16735 6939
12779 6939
8607 9002
262757 6939
52720 6939
37271 6939
4844 37989 6939
8763 6939
49463 20764
3333 20764
3257 9002 25152
6881 6939
29608 20764
12307 6939
8596 9002
48526 9002
12637 6939
2497 9002
34288 6939
37989
50304 6939
58299 6939
23106 6939
1103 20764
50763 6939
48166 6939
20612 6939
22548 6939
202032 6939
9002 31424 1836 680 8758 8928 15605 29140 6720 41617 6667 24482 6695 20932 6453 35369 25220 12654 31122
7575 6939
64396 6939
1836
49605 6939
13030 6939
8758
16347 20764
8283 20764
14061 6939
25091 20764
8928
9189 6695
263075 6939
20932
41617
263651 6939
202194 6939
25160 6939
262317 6939
29686 6939
9304 6939
20764 59689 2613 29075 4589 12654 198385
29636 6939
29075
1916 28571 6939
6939 30844 59891 34019 52863 21320 5396 6762 29680 263152 553 19151 53067 196621 7018 1273 8426 53070 57381 12654 37239 15547
25220
52863
21320
5396
6762
31424
29680
59891
2613
263152
198385
553
25152
15605
28571
34019
196621
53067
29140
6720
30844
59689
7018
6667
24482
8426
680
6453
31122
35369
6695
1273
53070
57381
4589
19151
12654
37239
15547
