#src/zombie.py
# GMT Fri Sep 28 21:31:43 2018
# 
28138 16735
1273 2497 3333
16735 2497 262757 22548
3549 28220 52720 8468 25933 45896 16397 3356
6453 57866 36937 29075 2497 24482 5392
513 3320
50300 2914
56730 51945
1280 2497
8607 2914
24611 6661 51405
15435 3257
31122 3257
30844 6939
58299 13030
1103 2603
34288 3257
12859 2914
6461 2497 8218
31424 13030
29222 3303
12586 57821 3257
8455 3257
8220 2497 15547 8758
15605 174
29140 3257
7575 2497
12956 701 10429
9304 2497
8422 9189 3356
9002 2497 39821
12779 174
14361 2497
19151 2497
3303 2497 15576
327995 37271
62567 2914
20612 1836
7018 2497
58308 3356
50620 174
4637 1221 2497
12637 2914
57118 29691
14061 2914
20932 3356
2613 6893
10429 53070
41497 3257
4608 1221
59891 51395
20764 3356
8283 57866
2603 2497
13030 51395 34781 1836 202194 2497 198249
13237 3257
8758
22652 3257
51395
4777 2516
6762 2914 52863 28329 20080 701
6893 6730
35699 2914
25091 3356
8426 3356
50304 1299 57381
34177 3356
174 2914 12350 64396
28329
59689 30781
49605 3257
25152 6939
30132 6939
29075
28220
3267 3356 2895
15576 41562 196621 3356
51185 3356
28917 1299
41095 2497
702 3252 701
16397 263075
12654 2497
3356 29608 35054 3356 680 25160 25220 37271 2497 1853
6720 1853
29691 6730
263584 263321
553 680
8222 3320
15547
3491 2497
198290 2914
6730 2497
12350
41562 198385
196621
1853
263075
64396
37239 36937
9189
3257 29686 5396 29680 2497
8468
701 2497 701
48526 2497
680
6939 2497
47872 2914
3252
57821
1299 2914
22548
57381
1836
30781 2497
2497 2516 6661 7738 2914 3320 286 6667 4589
202194
8596 286
49463 8218
198385
29686
29608
34781
6661
51945 2914
45896
2516
3333
2895
1221
8218
57866
53070
37271
198249
1916 2914
5392
29680
24482
20080
2914 2914 16347
5396
25220
36937
263321 7738
39821
52720
3320 3320
7738
51405
25160
35054
16347
286
4589
25933
6667
262757
52863
