#src/zombie.py
# GMT Mon Oct  1 03:52:27 2018
# 
1916 6939
14061 6939
7018 6939
34781 6939
59891 6939
30844 6939
25160 6939
37239 6939
37989 4844
8763 13030
5396 6939
34288 6939
56730 6939
20932 13030
2613 6939
16735 6939
57821 6939
263152 6939
1836 6939
680 553 6939
16347 13030
8758 13030 196621
29691 6939
29636 13030
20764 6939
263651 6939
52888 6939
1853 13030
28917 6939
49463 6939
53070 6939
286 6939
6881 6939
202032 6939
19151 6939
25220 13030
4844 6939
34019 6939
13030 513 2914 9189 1299 29140 12654 42708 8596 15547 8607 198249 2857 9002 50300 24482 50620 4589 25091 9304 48526
41497 6939
25152 6939
50300
24482
64396 6939
9304
6939 50304 198385 49605 29075 59689 8426 7575 264911 28329 29680 3333 31424 20080 29686 58299 52863 6661 15605 8218 263075 57118 29608 52720 6667 6762 12654 20612 22652 12779 2497 51405 31122 47872 37640 202194 28571 262317 1280 37271 62567
202194
48526
12654
29075
52720
8218
50304 57381
47872
52863
198385
8426
51405
49605
29140
59689
8596
15547
6661 198290
264911
28329
29680
3333
20080
22652
57381
513
9189
29686
58299
29608
198290
15605
28571
7575
262317
31424
42708
263075
57118
4589
3257 1299
12779
6667
37640
196621
2914
553
20612
1299
8607
198249
2497
37271
31122
50620
9002
25091
6762
1280
2857
62567
