#src/zombie.py
# GMT Sat Sep 29 16:10:32 2018
# 
12637 57111
41497 9002
3257 9002 25152
34019 6939
41722 9002
6762 12654 2914 6453
20080 6939
3356 3549 9002
8283 25220
1836 9002
262757 6939
30844 6939
198249 6939
49463 57111
20612 6939
20932 286
22652 13030
38001 6939
6720 47692
680 12654 20965
15562 2914
7018 286
202032 6939
28917 9002
45896 9002
29075 9002
1273 286
12859 6939
2613 57111
15605 9002
263075 6939
12307 6939
37989 4844
14061 6939
264911 6939
57821 25220
286 12654 2857 8218 9002
37640 6939
24482 6939
51405 57111
29680 6939
22548 6939
50300 13030
58299 6939
1251 28571 6939
29636 13030
20965 1103
1916 6939 52888
50763 57111
25152
4844 6939
3491 6939
56730 57111
28634 6939
52873 6939
263152 6939
34288 6939
25160 6939
59414 9002
35369 47692
25091 9002
8426 6939
29608 57111
20764 6939
25220 12654 3333
202194 6939
29504 6939
15547 13030
198385 57111
57111 39122 50304 59689 12654 16347 43100 198290
9002 19151 8607 12654 48526 31424 8455 49605 6667 2497 6453
1103
513 6939
5396 6939
57381 6939
6939 37468 50877 328206 6881 262317 9304 1280 21232 29691 53070 64463 12654 8896 39351 59891 37271 2497 23106 16735 52720 37239 263508 53067 7575
8455
8218
328206
50620 13030
6881
31122 13030
39122
3549 263702
2857
1280
21232
196621 8758
6667
16347
8758 13030
19151
43100
198290
4777 2497
53070
8607
50304
13030 31742 15435 12654 20495
52888
64463
12654 2914 12779 47692
8896
37271
262317
48526
31424
12779
39351
59891
263702
9304
50877
47692 6453
29691
2497
23106
15435
28571
2914
16735
49605
59689
20495
37468
52720
37239
6453
263508
31742
53067
7575
3333
