#src/zombie.py
# GMT Mon Oct  1 03:59:16 2018
# 
52873 52720 12956
1916 174
22548 16735
7018 1299
34781 42708
8447 50304 6720
1251 52888 20080
53070 10429
2603 21320 50304
29075 29608
5396 6762
8220 50304 8758
34288 15576
20932 50304
2613 29608
21320 513
3320 3303 1299
16735 52320 28138
8455 50304
57821 12586
263152 10429
1836 50304
50300 50304
35054 3356
16347 50304
8758
2895 3267
48526 50304
20764 174
51405 29608
52888
1853 1764
28917 42708
4777 2497
1221 4637 4608
1103 50304
49463 29608
2497 2914
1764 50304
19151 174
6453 174
28220 6762
12956 174 10429
34019 29608
12637 50304
39821 9002
20562 50304
41497 174
25152 6939
12859 50304
35699 50304
24482 29608
262589 28329 174
6720
9304 29608
6939 50304
41095 42708
50763 50304
15435 50304
52720
263584 263321
13030 29608
4608
50304 47872 42708 51185 20080 12779 6667 12654 52320 1299 3333 8283 57381 3267 174 30132 13237 62567 8218
47872
52863 6762
3549 25933 3356
51185
8426 29608
3491 174
12350 29608
49605 29608
59689 29608
52320
13237
8596 42708
15547 42708
2914 174 1299
28329
29680 174
3333
12586 31025
20080
22652 174
5392 174
57381
174 3356 15605 4637 6762 29222
263321 7738
29608 58308 31122 50620 34177 43100 12654 198290
198290
28138
25933
15605
8218
3252 42708
262317 10429
42708 42708 9002 31025 25091
513
4637
3257 1299
12779
30132
6667
6762
10429
3356 14361 1299
12654
7738 1299
1299 25227
34177
3267
58308
31122
50620
31025
9002
8283
25091
43100
29222
15576 3303
3303
14361
62567
25227
