#src/zombie.py
# GMT Mon Oct  1 03:46:54 2018
# 
29691 6939
328206 6939
49605 9002
59689 57111
6720 47692
34288 6939
262317 6939
29636 13030
15605 9002
29075 9002
3333 25220
52888 1916
52720 6939
25220 57821 8283 12654
16347 57111
45896 9002
2857 13030
8426 6939
20612 6939
3491 6939
12637 6939
34019 6939
20764 6939
3356 3549 9002
29608 57111
680 12654 1299 20965
20080 6939
3549 263702
9002 31424 41497 41722 8455 25091 59414 3257 8607 28917 48526 1836 12654 6453 6667 286
20495 13030
15547 13030
2914 15562 12654 6762
50304 57111
56730 57111
286 7018 1273 12654 8218 20932
20932
202194 6939
37468 6939
8455
53067 6939
47692 12654 13030
8758 196621 13030
50877 6939
25152 3257
59891 6939
49463 57111
15435 13030
51405 57111
29504 6939
7018
15562
1103 20965
12654 6762 13030 12779 6939 57111
43100 57111
6881 6939
198249 6939
1273
31122 13030
38001 6939
39351 6939
29680 6939
513 6939
19151 6939
52873 6939
8607
47147 1299
37640 6939
5396 6939
48526
50300 13030
4777 2497
28917
263702
12779 29686
196621
9304 13030
1280 6939
37271 6939
263075 6939
31424
264911 6939
59414
6667
263152 6939
23106 6939
37239 6939
24482 6939
25091
8283
50620 13030
8218
202032 6939
3257
262757 6939
4844 37989 6939
6939 1251 64463 8896 12859 28634 22548 53070 21232 57381 7575 30844 25160 2497 16735 1916 14061 263508 58299
198290 57111
6453
1299
64463
6762 52863
198385 57111
8896
41497
13030 2497 31742 22652 35369
20965
29686
28571 1251
50763 57111
12859
22548
53070
21232
57381
28634
7575
30844
1251
25160
39122 57111
52863
2497
16735
37989
41722
57821
31742
1916
57111 2613
22652
14061
2613
263508
1836
35369
58299
