#src/zombie.py
# GMT Fri Sep 28 19:58:00 2018
# 
52888 1251
29686 42708
35054 3356
680 1299
196621 8758
37239 50304
28220 12956
12779 50304
2613 29608
42708 553 9002 3252 29140 28917 42708 15435 50304 8218 50763 8447 6667 8928 1764 1836 15605 12637 25220 9189 30132 20932 8455 3333 31025 2914 12859 3267 41095 34781
30844 50304
8426 29608
12350 29608
25933 3549
1251 20080
8220 50304 8758 15576
1221 4608 4637
4777 2497
15547 29608
6667
20080 6762 2914
6453 1299 5392 5511
56730 50304
202194 6939
9189
262757 16735
29608 5511 43100 34019 12654 198290 31424 198385 34177 13030 49463 34288 29075 47872 9304 16347 48526 6939 59689 4589 24611 49605
25220
20612 31424
21320 513 2603
52863 6762
12586 57821 31025
7738 263321 1299
31424
31025
2603 50304
12654 50304
50763
3303 5511 29222
59689
25227 20485
29691 13030
23106 52320
1103 50304
16347
45896 3356
51185 50304
8468 50304
198385
28917
41497 174
22548 16735
57381 50304
15435
50304 1299 25091 37468 8732 37100 25160 50300 8359 20485 13237 15623 52320 6939 24482
47176 25435 15576
15576
8447 6720
15605
52320 16735
3491 1299
10429 12956 53070
64396 174
2895 3267
8928 29680
1764 8596
263584 263321
30132
20932
59891 51395
28329 6762
41095
12859
8732 20764
8222 1299
513
4589
24611 51405
1299 1299 62567 174 7018 22652 286 6762 8283 14061 1280 3257 3356 37271
25091
6762 5396 5511
6720
14061
327782 37100 327960
286
29140
34781
39821 9002
553
37468
4637 5511
5392
37100
327960
34288
37271 327995
49463
5396
50300
7575 2914
8359 41617
29075
52873 12956 52720
13030 198249
13237
22652
25152 6939
8607 2914
62567
41617
47872
3333
25160
48526
14361 2914
41722 20764
25435
7018
24482
3252
5511 12956
174 1916
43100
34019
2914 35699 19151 2497
51395 6939
198249
12956
8283
58299 15623
29222
198290
51405
6939
20764
8218
35699
3356 3549
34177
1916
52720
12637
1836
327995
57821
29680
8596
15623
8758
53070
8455
1280
263321
9304
3257
3549
9002
20485
3267
49605
19151
16735
2497
4608
