#src/zombie.py
# GMT Mon Oct  1 05:37:17 2018
# 
1916 6939
14061 6939
7018 174
34781 6939
8447 50304 6720
12654 50304 6881 29608
25160 6939
4589 6939
37989 4844
1836 50304
5396 6939
6453 174
34288 29608
56730 6939
263075 6939
20932 50304
2613 29608
21320 513 6939
16735 6939
59891 6939
53067 6939
8455 50304
57821 6939
263152 6939
8763 6939
680 553 6939
16347 50304
8426 6939
35369 29208
15685 6881 29208
48526 50304
29636 6939
20764 50304
263651 6939
1853 6939
28917 50304
1103 50304
49463 29608
53070 6939
286 6939
202032 6939
19151 6939
8220 50304 15576
25220 50304
37239 6939
4844 6939
34019 29608
13030 29608
41497 6939
25152 6939
12859 50304
50300 50304
24482 29608
64396 6939
48166 6939
37497 6939
9304 6939
6939 50304 47872 262757 52863 263674 8596 15547 7575 264911 28329 29680 20080 29686 58299 15605 29691 28571 198385 31424 57118 52720 37640 20612 8607 198249 2497 2857 51405 1273 8928 50620 22652 202194 262317 1280 37271
202194
29691
50763 50304
29075 29608
52720
37271
29208 2914
50304 42708 12779 6667 29140 30844 9002 3333 8283 25091 57381 174 15435 62567
47872
262757
52863
198385
6720
51405
1273
49605 29608
29140
59689 29608
8596
15547
264911
28329
29680
3333
20080
22652
57381
15435
9189 42708
174 6762 3257
30844
58299
29608 43100 198290 8218
198290
15605
8218
7575
262317
31424
42708 31122
513
57118
3257
12779
6667
37640
196621 15576
2914
553
20612
8607
198249
2497
6881
31122
50620
29686
8928
9002
8283
263674
25091
43100
6762
28571
15576
1280
2857
62567
