#src/zombie.py
# GMT Mon Oct  1 05:22:49 2018
# 
1916 2914
22548 16735
14061 2914
196621 8758
34781 13030
59891 51395
12654 2497
25160 3356
49605 3356
2603 2497 1103
24611 51405 6661
29075 6453
8943 2914 50763
5396 3257
8220 2497 8758 15547
8426 3356
701 2497 701 12956 702
8468 3549
25220 3356
263075 16397
7018 2497
2613 6893
25933 3549
30781 2497 59689
3320 513 8222 3320 2497
16735 2497 262757 28138
8455 3257
57821 12586
34177 3356
30844 6939
50300 2914
6893 6730
35054 3356
680 553 3356
56730 51945
37239 36937
6730 2497 29691
34288 3257
8607 2914
8758
2895 3267
29691 57118
8422 3356 9189
20764 3356
51405
1853 3356 6720
263321 263584 7738
4777 2516
1221 4637 4608
16397 3549
48526 2497
29608 3356
49463 8218
39821 9002
53070 10429
286 2497 8596
30132 6939
45896 3549
3252 702
6453 36937 2497 24482 57866 5392
6461 2497 8218
28220 3549
9189
12956 10429
52720 3549
12637 2914
13030 198249 2497 31424 51395 58299 1836
41497 3257
25152 6939
12859 2914
35699 2914
8222
6720
4589 2497
9304 2497
36937
6939 202194 2497
202194
57866 8283
41095 2497
50763
15435 3257
37271 3356 327995
24482
4608
50304 1299
47872 2914
262757
52863 6762
3549 3356
51185 3356
64396 174
19151 2497
3491 2497
1273 2497 3333
13237 3257
327995
29140 3257
20932 3356
59689
12350 174
51395
8596
15547
6661 2497
28329 6762
29680 3257
7738 2497
3333
31424
12586 3257
20080 6762
22652 3257
5392
57381 42708
58308 3356
51945 2914
174 50620 2914 15605 12779
29686 3257
58299
1103
198290 2914
28138
15605
2516 2497
8218
7575 2497
1836 20612
42708 1299
513
57118
4637 2497
41562 198385 15576
3257 2497 31122
12779
6667 2497
29222 3303
10429
3356 2497 25091 3267 3356
2914 2497 6762 2914 1299 62567 16347
553
20612
1299 28917
16347
198249
2497 9002 3303 1280 14361
263584
31122
50620
198385
9002
8283
25091
3267
6762
15576 3303
3303
1280
14361
28917
62567
702
