#src/zombie.py
# GMT Sat Sep 29 11:02:50 2018
# 
12637 57111
41497 9002
3257 29140 25152 6762 9002 29551 29686
34019 6939
41722 9002
29680 6939
20080 6939
3356 3549 6762 9002 680 553
8283 25220
1836 9002
262757 6939
30844 6939
198249 13030
29686
49463 57111
20612 6939
20932 286
38001 6939
6720 47692
680 12654 20965
15562 2914
3320 47147 6939
7018 286
202032 6939
553
19151 6939
29636 13030
45896 9002
29075 9002
1273 286
12859 6939
2613 57111
15605 25220
263075 6939
12307 6939
20965 1103
14061 6939
264911 6939
52863 6762
57821 25220
286 12654 8218 9002
37640 6939
24482 6939
51405 57111
22548 6939
50300 13030
58299 6939
16735 6939
37989 4844
1916 28571 6939 52888
50763 57111
4844 6939
25152
3491 6939
56730 57111
28634 22356
52873 12956
263152 6939
34288 6939
25160 6939
59414 9002
35369 13030
25091 9002
8426 6939
29608 57111
20764 6939
25220 15435 12654 29551 16347 3333
202194 6939
37468 6939
15547 13030
198385 57111
57111 39122 50304 59689 12654 6939 43100 198290
9002 8607 12654 48526 31424 8455 49605 28917 31122 6667 22356 2497 6453
1103
513 6939
5396 6939
57381 6939
6939 29504 52720 50877 328206 12956 6881 262317 1280 21232 53070 64463 12654 8896 39351 59891 37271 29691 2497 23106 37239 263508 53067 7575
8455
8218
328206
29551
50620 13030
6881
31122
39122
3549 263702
1280
21232
12956
196621 8758
6667
47147
16347
8758 13030
22652 13030
43100
28917
198290
4777 2497
53070
8607
29504
50304
262317
13030 2857 31742 12654 20495 9304 47692
52888
64463
12654 47692 6762 2914 12779
8896
37271
15435
48526
31424
29140
39351
59891
263702
9304
50877
47692
29691
2497
23106
2857
28571
2914 6762
6762
49605
59689
20495
52720
37239
6453
263508
31742
22356
12779
53067
7575
3333
