#src/zombie.py
# GMT Mon Oct  1 05:58:06 2018
# 
62567 6939
13030 6939
264911 6939
14061 6939
3333 2914
9002 6939
263075 6939
22652 6939
8359 6939 41617
198290 2914
2914 35369 7018 3257 3356 1280 12654 29140
41617
263651 6939
1280
20080 6939
29075 6762
1916 28571 6939
6939 262757 29680 37271 8763 263152 25152 22548 262317 2857 24482 23106 12654 53070 53067 52863 16735 1853 52720
52863
16735
6762 6453 12654 7575
262757
29680
37271
8763
263152
25152
29140
53067
3257
2857
262317
6720 1853
2497 12654
7018
24482
23106
12654 19151
6453
3549 3356 28329
35369
28329
53070
3356
22548
28571
19151
1853
52720
7575
