#src/zombie.py
# GMT Mon Oct  1 08:13:34 2018
# 
3257 174
29680 174
198249 13030
3356 174 14361 1299 3549 35054
57118 29691
25091 42708
9002 39821 42708
4589 2914
327984 37179
263321 7738 263584
31424 50304
12654 29608 50304
6762 28220 174 6762 28329 25933 5396
513 21320
25933
50300 50304
15605 174
1103 50304
1764 50304 1853
47872 50304
8758 196621 8220
14361
9304 29608
52888 1251
57821 12586
39821
50304 12637 8468 174 25220 3333 16347 62567 51185 8447 30132 15435 8455 6939 30844 3267 13237 8220 52320 20080 50763 1836 8283 12859 6667 29140 1299 12779 2603 42708 37179 20932 57381 35699 8218 20562 48526
7738 1299
4777 2497
57381
5392 174
51395 59891 13030
1916 174
198385 42708
12637
8468
59891
2914 8607 174 2497 1299
202194 6939
286 1299
29691 174
12779
8447 6720
37271 327995 1299
8455
36937 6453 37239
8220
29608 49463 51405 34177 24482 43100 31122 59689 8426 34288 5511 29075 198290 34019 2613 58308 49605 13030 50620 12350
50763
4637 174 1221
29140
13030 58299
3549 52720
5396
20080 1251
28220
41095 42708
50620
34019
1280 1299
28329
327995
2497
28138 16735
7018 1299
2603 21320
553 680
8596 42708
35054
20562
3491 174
64396 174
29686 42708
22652 174
16735 52320 22548
1299 6461 8222 14061
10429 12956 53070 262317
14061
19151 174
34288
6453 174
174 174 41497 680 29222 12956 20764
12586 31025
28917 42708
22548
49605
52320
1836 20612
8283
16347
6667
8222
21320
31122
37239
15547 42708
7575 6461
52720
1853
37179
25220
198290
2895 3267
20932
263584
8607
34781 42708
12350
58299
49463
51405
53070
30844
58308
43100
3333
41497
62567
20612
8426
4608 1221
680
5511
20764
29222
56730 42708
3267
13237
24482
29075
2613
262317
31025 42708
12859
1251
34177
25152 6939
6939
12956
6720
42708 42708 9189 25160 3252
59689
15435
9189
6461
25160
35699
51185
3252
30132
8218
196621
48526
1221
