#src/zombie.py
# GMT Mon Oct  1 05:36:44 2018
# 
29691 6939
328206 6939
49605 9002
59689 57111
6720 47692
60501 9002
12637 6939
262317 6939
266534 6939
29636 13030
15605 9002
2857 286
14907 2914
29075 9002
202032 6939
3333 25220
52888 1916
52720 6939
25220 15435 12654 57821 34549 8283 16347
16347
45896 9002
6894 13030
8426 6939
20612 6939
3491 6939
202194 6939
34019 6939
20764 6939
3356 3549 9002
29608 6939
680 12654 20965
20080 6939
3549 263702
9002 6667 3257 31424 41497 8455 13030 25091 59414 8607 48526 1836 12654 6453
20495 13030
15547 13030
2914 15562 12654 6762
50304 57111
56730 57111
6939 1280 37271 264911 263075 24482 35266 263152 23106 37239 19151 12307 262757 4844 50877 6881 39351 64463 37640 37468 53067 8896 12859 28634 22548 57381 29504 7575 34288 30844 12654 25160 38001 2497 16735 29680 41722 59891 513 1916 52873 14061 263508 5396 58299 28917
20932 13030
37468
8455
53067
47692 205206 12654 21232
8758 196621 13030
8896
25152 3257
59891
49463 57111
34549
15435
51405 57111
29504
7018 286
15562
1103 20965
12654 6762 13030 57111 47147 12779 286
43100 57111
6881
198249 13030
1273 286
31122 13030
38001
31424
39351
29680
513
19151
52873
8607
6762 52863
37640
5396
206356 47147
48526
4777 2497
28917
263702
12779
196621
9304 13030
1916 28571
37271
263075
50763 57111
264911
59414
35266
6667
263152
23106
50877
37239
24482
25091
8283
50620 13030
8218 286
12307
3257
262757
4844 37989
47147
198290 57111
6453
205206
64463
50300 13030
198385 57111
41497
13030 2497 22652 31742 35369
20965
28571
12859
22548
21232
57381
28634
7575
34288
30844
286
39122 57111
52863
2497
16735
37989
41722
57821
31742
1280
57111 2613
22652
14061
2613
263508
1836
35369
58299
25160
