#src/zombie.py
# GMT Mon Oct  1 05:06:11 2018
# 
29691 49605
328206 6939
553 49605
6762 3257
6720 1853
12637 12654 3303
262317 6939
266534 6939
29636 6939
15605 12654
14907 2914
29075 49605
202032 49605
3333 49605
52888 1916
6894 12779
25220 12779
16347 57111
2857 12779
8426 12779
20612 49605
3491 6939
202194 49605
49605 12779 205206 8758 34288 12859 15576 15435 21232 5396 12307 48526 52873 12654 34019 198249 6939 31424 41722 59891 8283 3356 59414 20932 8896 56730 9002 20495 1836 58299 1299 28917
34019
20764 57111
3356 6453 3549 1280
29608 57111
680 12779
20080 6939
3549 263702
9002
20495
15547 57111
2914 15562 12779 1273
50304 57381 57111
56730
6939 53067 34549 263075 2497 28634 22548 19151 264911 29504 7575 52720 1251 35266 262757 263152 23106 31122 38001 37239 16735 29680 57821 513 1916 8607 14061 4844 263508 52320 6881 25160 50620 37640
20932
34288
205206
59689 57111
8455 12779
53067
47692 12779
8758
8896
25152 3257
59891
49463 57111
34549
15435
51405 57111
29504
7018 1299
15562
1103 57111
12654 12779 21320 57111
43100 57111
6881
198249
1273
31122
38001
31424
39351 57111
29680
513
21320 1853
19151
52873
8607
47147 12779
37640
5396
206356 12779
48526
4777 2497
28917
263702
196621 15576
31742 57111
9304 12779
1916
37271 12779
263075
15576
52720
37468 57111
264911
59414
3303 22652 64463 25091
6667 57111
263152
23106
50877 57111
37239
24482 57111
25091
7575
8283
1853
8218 57111
12307
3257 12779
262757
4844 37989
198290 57111
6453
1299
64463
50300 57111
198385 57111
41497 57111
13030 12779 35369
50620
29686 12779
28571 1251
50763 57111
12859
22548
21232
57381
28634
1836
30844 12779
1251
286 12779
39122 57111
52863 52320
2497
16735
37989
41722
57821
35266
1280
29140 12779
57111 2613
22652
14061
2613
263508
52320
12779 12779
35369
58299
25160
