#src/zombie.py
# GMT Mon Oct  1 05:53:45 2018
# 
1916 11537
22548 3549
14061 2914
28138 16735
7018 2914
34781 25220
8447 6720 12654
2914 2497 198290 8455 12654 8283 13030 286 6762 6453 3303 37271 35699 62567
25160 5413
37239 36937
24611 51405 6661
29075 58308 5413
1836 25220
5396 6762
39326 5413 51945
34288 25220
8468 5413
56730 51945
20932 25220
2613 6893
57381 42708
29551 31025 25220
16735 6762 262757
59891 49697
8455
174 680 64396 50620
57821 12586
34177 25220
30844 5413
50300 5413
6893 25091
35054 3356
680 20965 9002 8426 49605 553 680 12654 13237 9044 25220 8596 48526 8218
16347 5413
3252 25220
9044 20612
8607 5413
8758 6830 196621
2895 3267
29691 57118 6730
20965 11537 1853 1103 513 24490
3356 20764 19151 3549 25220 29608 22652
51405
6939 202194 12654
1853
263321 263584 7738
7660 22388 2500
4777 2500
1221 4637 4608
6830 12654
5413 50304 31424 28917 49463 6667 41095 12654 15547 12637 13030 3333 12859 24482 20080 9304 3267 6730 50763 30132 6661
49463
39821 9002
53070 10429
286
30132
45896 3549
6453 36937 6762 5392
25220 31122 198385 51185 25091 3257 12654 12350 15435 20562 49697 15605 34019
28220 6762
12956 6762 10429
52720 3549
12637
13030 198249 58299
41497 3257
25152 3257
12859
35699
24482
6720
9304
36937
49605
202194
48526
41095
50763
15435
37271 327995
4608
50304
47872 6762
262757
52863 6762
3549 25933 6762
51185
8426
19151
3491 6762
11537 22388
34019
31424
59689 8218
12350
8596
15547
6661
28329 6762
24490 7575
49697
7738 6762
9002
12586 31025
20080
22652
5392
25933
58308
51945
6730
58299
1103
198290
13237
20562
15605
20764
8218
198385
327995
42708 12654
2500 2500
513
57118
4637 6762
3257 14361 29680
12779 12654
6667
6762 12654 1280
10429
196621
12654
553
64396
20612
7575
198249
2497
263584
31122
50620
22388
31025
3333
8283
25091
3267
29222 3303
29608
29680
3303
1280
14361
28917
62567
