#src/zombie.py
# GMT Mon Oct  1 05:12:51 2018
# 
52873 52720 12956
1916 19151
22548 16735
14061 19151
7018 2914
34781 13030
59891 51395
12654 12654 15547 19151 9002
53070 10429
34177 3356
29075 58308 9002
1836 20612 9002
5396 9002
8426 9002
8468 9002
56730 51945
7575 19151
57381 42708
28220 12956
16735 262757 28138 19151
8455 9002
57821 12586
57866 8283 9002
30844 9002
6893 2613 25091
3252 9002
174 198385 3267 19151 45896 50620 198290 64396
16347 8218
8758 9002
2895 3267
48526 9002
3356 20764 6762 29608 3549 9002 22652
51405 24611
1853 9002
263321 263584 7738
4777 2497
1221 4637 4608
16397 263075 3549
29608
49463 8218
13030 198249 202194 19151 58299
25160 9002
286 9002
30132 9002
45896
8943 2914 50763
6453 36937 9002
37239 36937
12956 10429 9002
52720
12637 9002
39821 9002
41497 9002
25152 3257
12859 9002
35699 9002
24482 9002
6720 9002
9304 19151
36937
202194
29691 57118 6730
50300 9002
15435 9002
37271 327995 9002
4608
50304 42708
24611 6661
262757
52863 6762
50763
3549 25933
51185 9002
64396
19151 4637 20080 2497 41095 1280 7738
3491 9002
49605 9002
59689 8218
13237 9002
51395 9002
8596 9002
15547
6661 9002
28329 6762
29680 9002
7738
9002 5392 51945 1103 6730 20562 15605 8218 31424 42708 2497 3257 12779 1136 196621 2914 8607 31122 25091 12586 62567
12586
20080
22652
5392
25933
58308
51945
6730
58299
1103
198290
28138
20562
15605
20764
8218
198385
31424
42708
263075
57118
4637
3257 28917
12779
1136 3333
6762 2914
10429
196621
2914
20612
8607
198249
2497
263584
2613
31122
50620
3333
8283
25091
3267
41095
327995
1280
28917
62567
