#src/zombie.py
# GMT Mon Oct  1 04:53:02 2018
# 
263584 263321
263321 61568
49605 57111
59689 57111
6720 47692
37497 57111
12637 57111
15605 47147
13030 47692
14907 2914
29075 47692
12307 47692
3333 5413
52888 1251
52720 52873
12956 28220 10429 6762
25220 3257 57821 16347 28917 12350 8283 12654 12859 20562 23106
16347
25227 9002
29226 2895 47147
8426 12779
3549 3356
20612 47692
1251 20080
3491 6762
22652 3356
20764 3356
3356 6762 47692 51185
29608 57111
680 12654 8218 9002 20965
20080 2914 6762
3252 47147
198290 57111
9002 39821 41722
56730 57111
2914 15562 7018 8220 35699 64050 12654 13760 2497 286
286
4230 262757 6762
6939 63297 6762
20932 47692
28634 10429
202194 47692
37468 47147
63297 395152
30132 47692
47692 29691 198385 31424 8758 34288 29222 15435 12654 35369 198249 59891 29504 25091 6453 59414 35054 58299 13237 64463
8758 196621
8896 174
25152 3257
25933 6762
37100 327782 57111
29222
57821
51405 57111
29504
6762 4637 1280 3257 6762 61568 12654 6453
35699
15562
1103 20965
12654 5413 47147 12779 6830 57111
6881 3257
198249
38001 57111
31424
50304 57111
29680 8220
8220
6830 21232
59891
5392 57111
52873 47147
8607 5413
327782 327960
395152
47147 48526 52320 1836 30844 1299
39351 57111
5396 12779
39821
48526
34177 57111
4777 2497
28917
513 20965
196621
9304 12779
14061 5413
1916 11537
37271 12779
41095 5413
51185
1221 4637 4608
4608
20562
61568
43578 1299
59414
6667 5413
23106
28220 28220
50877 12779
19151 5413
8455 12779
327960
25091
8283
8218
202032 12779
49375 5413
3257 31742 29686
262757
15547 57111
395766 40191
4637
35054
7018
6453
1299
64463
50300 5413
198385
40191 174
41497 12779
7575 24490
20965 11537 24490
64050
29691
29686
24482 57111
12859
28929 12779
11537
2497
53070 10429
21232
49463 57111
1836
34288
30844
24490
174 12779 16735
35369
25160 57111
39122 57111
52863 52320
2895
16735
41722
15435
31742
13237
1280
57111 50763 2613
5413
2613
50763
52320
12779 12779
10429
58299
13760
12350
