#src/zombie.py
# GMT Mon Oct  1 04:25:25 2018
# 
52873 52720 12956
1916 11537
22548 16735
14061 3356
559 553 513
12654 513 35054
25160 2603
37239 36937
8943 1299 50763
34288 35054
8468 2603
56730 51945
7575 24490
21320 3216 30132 513 8455 2603 30844
3320 1280 2497 513 6453 8222 7738 1299
16735 262757 6830 28138
8455
2603 3252 513 8283 6667 3267 29140 29686 28917 39326 25220 37271 8607
30844
35054 6939 202194 43531 24482 9002 15547
680 20965
174 9304 6830
2895 3267
20965 513 11537 24490 1853
20764 3216
1853
28917
6830 3356 41095 513 12859 6720 3491 3257 4589 286 6762 19151 2914 13237 15435 14361 9189 12956
39821 9002
53070 10429
286
30132
19151
6453 36937 62567
25220
28220 6762
9189
12956 47872 10429
13030 513
52720
25152 6939
12859
24482
6720
9304
36937
6939
202194
50763
15435
37271 327995
8222
47872
262757
52863 4809
3549 25933 3356
43531 8596
16397 263075 26615
3491
11537
29140
13237
24490
15547
53067 10429
28329 6762
8596
9002
26615 6762
20080 6762
25933
513 513 1103 25091
51945 39326
29686
263321 263584 7738
1103
28138
3252
327995
263075
3216
4589
3257
6667
4809 1299
41095
10429
3356
2914
553
39326
7738
1299
8607
2497
263584
8283
25091
3267
6762
1280
14361
62567
