#src/zombie.py
# GMT Mon Oct  1 05:02:31 2018
# 
1916 9304 13030 263584 262757 25152 16397 24482 20080 22548 25933 6939 174 14840 19151 12654 11537 28138 28220
22548
14061 2914
7018 6762
34781 13030
59891 51395
12654 52720 52863 53070
53070
34177 2914
24611 51405 6661
29075 58308 174
8943 2914 50763
5396 6762
34288 13030
8468 3549
25220 1299
20932 174
2613 6893
25933
3320 8222 6762 8422
16735 4809
8455 3257
57821 12586
57866 174 8283
1836 20612 174
6893 174
35054 3356
680 553 20965
16347 174
56730 51945
37239 36937
51945 174
13002 174 25091
8607 2914
8758 174
2895 3267
29691 57118 174
8422 9189
20965 11537 1853 1103
3356 20764 4809 41095 28917 3549 14361 2497
51405
1853 6720
28917
7660 22388 2500
4777 2500
1221 4637 4608
29608 6453
49463 174
39821 9002
25160 174
286 174 6762 8596
13101 12586 174
30132 6762
45896 174
6453 36937 6762 29686 6453 8426 62567
6461 6762 8218
28220
9189
28138
52720 28329
12637 174
13030 198249 31424 202194 58299 51395
41497 174
25152
12859 2914
35699 174
8222
64396 174
9304
36937
49605 1299
202194
48526 174
41095
50300 174
15435 1299
37271 327995 174
24482
4608
58308
50304 57381 174
47872 6762
262757
52863 4809 6762
3549
51185 174
8426
16397 263075
3491 174
19151
11537 513 11537 22388
31424
29140 2914
59689 8218
12350 174
8596
15547 1299
6661 174
14840
28329
29680 174
3333 6762
6720
12586
20080
22652 174
5392 174
57381
263075
6939 30844
174 3252 198290 15605 198385 4637 3257 12779 6667 29222 2914 1299 50620 3267 15576
30844
58299
1103
198290
13237 3257
50763
15605
20764
8218
3252
327995
51395
2500 2500
513
57118
4637
4589 2914
3257 31122
12779
6667
4809 4809
6762 1299 2914 1280
196621 15576
2914 9002
553
20612
1299
7575 22388
198249
2497
263584
31122
50620
22388
29686
198385
9002
8283
25091
3267
29222
15576
1280
14361
62567
