#src/zombie.py
# GMT Mon Oct  1 07:06:03 2018
# 
37468 50304
198385 42708
29691 13030
25933 3549
8447 42708 6720
35054 3356
3252 42708
57821 12586
62567 1299
24611 29608 51405
174 64396 51395 1299 41497 45896 1916
35699 2914
58299 13030
198249 13030
28917 42708
22652 1299
8359 50304 41617
45896
56730 50304
41722 20764
34177 29608
2914 14361 42708 20080 7575 19151 8607 2497
34288 29608
15435 42708
8455 42708
12859 42708
1280 1299
513 21320
37497 50304
31133 50304 25227
20080 6762 1251
16347 29608
3267 42708 2895
15547 29608
39821 9002
263321 263584 7738
41497
50300 50304
12586 31025
8218 42708
16735 22548 262757 52320
15576 47176 8220
12779 50304
8607
51395 59891
262757
3356 3549 1299
37271 327995 1299
12350 29608
7738 1299
49463 29608
202194 6939
34781 42708
3333 1103
3257 29680 1299
327995
47872 29608
52863 6762
263584
24482 50304
8596 1764
48526 29608
12637 42708
2497 4777
34019 29608
43100 29608
50304 25091 6939 8732 13237 30844 57381 2603 37100 1299 51185 25160 8468 37239 1103 42708 52320 12654
51185
3491 1299
23106 42708
52888 1251
5511 6762 12956 4637 29608 3303 6453
1103
50763 42708
28220 12956
47176 25435
28329 6762
20612 31424
1251
52320
42708 1836 20562 553 15605 29140 42708 9189 31025 20932 41095 6667 30132 29686 25220 9002 1764
9002
2895
4777
25227
1836
49605 29608
13030 29608
8758 8220 196621
12956 52873 10429
1221 4637 4608
1764
14061 1299
25091
8732 20764
286 1299
3549
9189
198290 29608
4637
52873 52720
8426 29608
20932
41095
29222 3303
2603 21320
37100 327782
59689 29608
25160
327960 327782
4589 29608
29686
9304 29608
51405
8220 29608
29075 29608
1916
6939 29608 25152
25220
29608 31424 2613 58308 12654
21320
41617
5396 6762
8222 1299
6762 1299
31424
29680
59891
2613
20562
553
25152
15605
22548
1299 7018 680 6453 1299
58308
196621
31025
64396
29140
6720
30844
25435
7018
6667
327782
30132
8468
14361
680
5392 6453
6453
4608
13237
52720
53070 10429
57381
20764
3303
19151
7575
12654
37239
10429
