#src/zombie.py
# GMT Mon Oct  1 04:30:39 2018
# 
52873 52720 12956
1916 52888 19151
22548 16735
14061 19151
7018 3356
34781 13030
59891 51395
6730 29691 9002
53070 10429
12389 29076 9002
37239 36937
1836 20612 9002
8468 9002
56730 51945
52863 6762
3252 9002
21320 513 9002
20612
16735 28138 19151
57821 12586
3491 174
30844 9002
35054 3356
51945 9002
8758 9002
2895 29076
29691 57118
3356 20764 29222 3549 20932 29608 9002 22652
52888
1853 9002
58299 13030
4777 2497
1221 4637 4608
29608
13030 198249 19151
25160 9002
286 9002
19151 7575 2497 4637 20080 41095 174 12654 1280 7738
6453 36937 9002
28220 12956
12956 10429 9002
39821 9002
52720
25152 3257
35699 9002
24482 9002
6720 9002
36937
6939 202194 12654
29076
50300 9002
37271 327995 9002
4608
50304 42708
20932
3549 25933 16397
64396 174
16397 263075
13237 9002
49605 9002
12350 9002
51395 9002
8596 9002
15547 12654
2914 6762 9002
28917 3257
29680 9002
9002 31424 42708 196621 3257 12654 8607 25091 1103 12586 8218
12586
20080
22652
57381 42708
513
174 198385
263321 263584 7738
1103 3333
202194
28138
25933
20764
8218
7575
262317 10429
31424
42708
263075
57118
4637
28329 6762
3257
29222
10429
196621
12654
7738
6762
8607
198249
2497
263584
198385
3333
25091
41095
327995
1280
