#src/zombie.py
# GMT Mon Oct  1 03:42:24 2018
# 
57821 12586
1916 11537
22548 3549
14061 2914
7018 2914
34781 25220
8447 6720 12654
12654 680 42708 2914 12713 25220 5413 6939 6830 6762 12779
25160 5413
37239 36937
24611 51405 6661
29075 25220 58308
1836 25220 20612
5396 6762
34288 25220
8468 5413
56730 51945
263075 16397
20932 25220
3252 25220
57381 42708
7738 6762 263321
16735 28138 6762
59891 51395
12713 47872
8455 20562
29680 3257
34177 25220
30844 5413
28138
1251 52888 20080
35054 3356
680 20965 13030 9002 8426 49605 680 174 553 8596 48526 8218
51395 6939
16347 5413
6730 5413 29691
8607 5413
8758 6830 196621
2895 29076
29691 57118
20965 11537 1853 1103 513 24490
3356 20764 6762 19151 29608 25220 3549 22652
51405
52888
1853
263321 263584
7660 22388 2500
4777 2500
1221 4637 4608
6830
5413 50304 31424 28917 49463 6667 41095 30132 39326 12637 9002 12859 50300 24482 3333 20080 9304 50763 6661 35699
49463
39821 9002
53070 10429
286 2914
30132
19151
6453 36937 6762 2914
25220 198385 51185 3257 12350 13237 29551 15547 34019 2613 13030 31122 25091 29076 15435 20562 15605
28220 6762
12956 6762 10429
34019
12637
13030 198249 58299 2914
41497 3257
29551 31025
25152 3257
12859
35699
24482
12586 31025
64396 174
9304
36937
49605
202194 6939
48526
41095
50300
15435
52720 3549
37271 327995 2914
4608
50304
47872
52863 6762
3549 6762
51185
8426
16397 26615
3491 2914
11537 22388
31424
6939
59689 8218
12350
29076
8596
15547
6661
28329 6762
24490 7575
3333
6720
26615 6762
20080
22652
5392 174
25933 6762
58308
51945 39326
174 50620
58299
1103
198290 2914
13237
20562
15605
20764
8218
2613
262317 10429
4637 6762
42708
2500 2500
513
57118
50763
3257 14361
12779
6667
6762 6762 1280
10429
196621
2914 2497 8283 3303 62567
553
39326
20612
7575
198249
2497
263584
31122
50620
22388
31025
198385
9002
8283
25091
29222 3303
29608
327995
3303
1280
14361
28917
62567
