#src/zombie.py
# GMT Mon Oct  1 07:06:03 2018
# 
64396 174
37468 37271
1836 13030
13030 35369 34781 2497
1853 3356 6720
41722 9002
22548 3549
22652 3356
14061 2914
3333 1257
174 12779 2857 25160 2914
286 8596 2497
3549 23106 3356 28329 52720
34019 30781
198290 2914
8359 2497 41617
2857
2914 6762 8928 29140 8455 37271 4844 8763 29636 1103 8943 3257 12637 7575 2914 2497
41617
2603 21320 2497
20485 13002 2497
8455
8426 3356
513 21320
52863 6762
7018 2497
29636
29075 6939
1257 2497
12637
6939 25152 2497
29608 6453
2497 3356 1273 1280 6667 12654 6453 19151 4589 9002 48526 30781 6461
12779
6762
8928 29680
25091 13002
28329
37271
4844 37989
8763
553 3356
25152
25160
37989
3257
8943 50763
196621 15576
50763
8596
29140
48526
6720
1273
15576 3356
13002
6667
15605 3356
21320
24482 6453
1280
29680
12654
6453 6453
1103
52720
35369
23106
34781
6461 8218
3356 680
680
4589
19151
8218
9002
30781
7575
