#src/zombie.py
# GMT Mon Oct  1 05:44:14 2018
# 
29691 15576
49605 52320
59689 8218
6720 8447
37497 52320
41095 52320
12637 52320
59414 6830 12307
15605 52320
395152 63297
29075 52320 58308
3333 52320
52720 25933 12654 52873
20612 1836
16347 52320
25227 9002
29226 52320 2895
15935 174 29504
8426 6777
31025 52320 12586
3491 6762
202194 6939
20764 174
3356 35054 3549 6762
680 20965
20080 6762
3549
9002 52320 39821 41722
56730 52320
29686 6461
2914 15562 52320 8607 64050 35699 198290
50304 52320 57381
37271 6461
6939 51395 1916 63297
20932 52320
28634 1916
37468 52320 37239 12654
63297
8455 52320
47692 52320
8758 8220
8896 52320
25152 1916
11537 1103 1916 20965
37100 52320 327782
29222 3303
57821 12586
51405 24611
29504
6762 52863 41497 6453 4637 50877 6830 7018 5396 3303 286
35699
15562
1103
12654 52863 53070 1916
6881 29208
198249 15576
38001 52320
31424 52320
39351 52320
24611 6661
29680 174
8220 52320
14840 1916
59891 51395
513 20965
19151 1916
52873
8607
327782 327960
47147 52320
27750 1916 20965
5396
39821
48526 52320
34177 52320
58308
13237 52320
28917 52320
5392 174
196621 15576
8222 52320
9304 1916
24482 1916
4637 1221
6830
51185 1916
15576 52320 21232
1221 4608
4608
20562 52320
43578 1299
6461 15435 2497 13030 22652 52320 6667
3303
6667
23106 1916
28220 52863
50877
37239
6893 2613 25091
25220 52320
30132 52320
327960
25091 52320
8283 52320
8218 52320
12307
3257 1299
3252 52320
15547 52320
553 52320
2613
35054
198290
6453
1299 52320 2497
64463 174
50300 52320
198385 52320
41497
6777 52320
13030
20965
64050
12586
51395
50763 52320
12859 52320
29208 52320
2497 4777
53070
21232
57381
49463 52320
12779 52320
34288 52320
2895
30844 52320
174 31742 12350 58299 52320
8447 52320
286
39122 52320
52863 52320
25933
16735 52320
41722
15435
31742
4777
1916 13760
29140 52320
57111 52320
22652
14061 52320
7018
52320 1836 25160 6661
1836
58299
13760
6661
25160
12350
