#src/zombie.py
# GMT Mon Oct  1 03:45:12 2018
# 
29691 47692
328206 6939
49605 9002
59689 57111
6720 47692
60501 9002
12637 57111
262317 6939
266534 6939
29636 13030
15605 25220
2857 286
14907 25220
29075 9002
202032 6939
3333 25220
1103 20965
52720 6939
25220 57821 206356 34549 30844 12654 8283 6939
16347 57111
45896 9002
6894 13030
8426 13030
20612 47692
3491 13030
22652 13030
34019 13030
20764 57111
3356 3549 9002
29608 57111
680 12654 20965
20080 13030
3549 263702
9002 31424 41497 8455 1836 12654 6667 25160 29680 41722 25091 59414 3257 8607 48526 286 6453 28917
20495 13030
15547 13030
2914 15562 2497 12654 4844 6762
50304 57111
42708 12654 57381
56730 57111
6939 7575 53067 47692 8896 28634 22548 264911 52873 263075 35266 263152 23106 38001 37239 57111 262757 263508 5396 6881 37640
20932 13030
202194 47692
37468 13030
8455
53067
47692 59891 12654 13030 205206 34288 12307 21232 29504 58299 64463
205206
8896
25152 3257
59891
49463 57111
34549
15435 13030
51405 57111
1836
29504
7018 286
15562
52888 1916
12654 6762 13030 12779 286 57111
43100 57111
6881
198249 13030
1273 286
31122 13030
38001
31424
39351 57111
29680
513 13030
19151 13030
52873
8607
6762 3257 52863 1280 286
37640
5396
206356
48526
4777 2497
28917
263702
196621 8758
9304 13030
1916 13030 28571
37271 12779
263075
50763 57111
264911
59414
35266
6667
263152
23106
50877 57111
37239
24482 13030
25091
8283
50620 13030
8218 286
12307
3257 29686
262757
4844 37989
198290 57111
6453
8758 13030
64463
50300 13030
198385 57111
41497
13030 12859 2497 16735 31742 14061 35369
20965
29686
28571
12859
22548
21232
57381
28634
7575
34288
30844
286
39122 57111
52863
2497
16735
37989
41722
57821
31742
1280
57111 2613
14061
2613
263508
12779
35369
58299
25160
