#src/zombie.py
# GMT Mon Oct  1 05:23:57 2018
# 
37468 37271
50620 6939
29691 6939
2857 6939
37640 6939
22548 6939
264911 6939
57821 6939
62567 9002
286 9002
198249 6939
28917 9002
22652 6939
198290 9002
56730 9002
2914 7018 13030 1273 12654 8763
15435 6939
8455 9002
12859 6939
1280 6939
513 21320
6695 9189 9002
20080 6939
41722 9002
41497 9002
50300 9002
8218 9002
16735 6939
12779 9002
8607 12654
262757 6939
37271 6939
4844 37989 6939
8763
49463 9002
29140 9002
3257 9002 25152
47872 6939
6881 6939
29608 9002
262317 6939
8596 9002
48526 9002
12637 9002
2497 9002
34019 6939
34288 6939
37989
50304 6939
58299 6939
23106 6939
1103 9002
50763 9002
48166 6939
20612 6939
53067 6939
202032 6939
9002 1836 8758 8928 8283 3333 20932 198385 59414 35369 59689 16347 51405 29075 25220 41617 31424 25091 2613 15605 6720 30844 6667 24482 680 6453 4589 19151 12654
7575 6939
64396 6939
1836
49605 6939
13030
8758
16347
8283
14061 6939
3333
8928
263075 6939
20932
198385
59414
263651 6939
202194 6939
25160 6939
4589
29686 6939
9304 6939
51405
29636 6939
29075
1916 28571 6939
6939 59891 37497 20764 52863 21320 5396 6762 29680 263152 553 196621 12307 8426 52720 53070 57381 12654 37239 15547
25220
52863
21320
41617
5396
6762
31424
25091
59891
2613
263152
12307
553
25152
29680
15605
28571
9189
196621
6720
30844
59689
7018
6667
24482
8426
680
6453
52720
35369
37497
1273
53070
57381
20764
19151
12654
37239
15547
