#src/zombie.py
# GMT Sat Sep 29 12:22:38 2018
# 
12637 52320
41497 6939
3257 31742 6881 25152 52320
57463 29686 52320
34019 52320
41722 6939
29680 6939
20080 52320
8283 52320
1836 52320
30844 52320
198249 6939
29686
49463 6939
20612 6939
20932 52320
38001 6939
59414 6939
15562 2914
7018 1299
202032 6939
553 6939
19151 52320
29636 6939
29075 52320
52320 14907 57111 9002 15547 15605 6939 8455 8218 39122 47147 16347 1299 50300 24482 12859 50763 14061 52863 286 1103 48526 29140 39351 9304 47692 2857 2914 174 20495 34288 15576 12779 20764 25220 8447 3333
1273 2914
12859
2613 6939
57111
12307 6939
14061
52863 12654
57821 6939
286
37640 6939
680 1299
51405 6939
22548 6939
50300
58299 6939
28917 6939
37989 4844
1916 28571 52720
4844 6939
25152
3491 6939
56730 6939
28634 6939
52873 6939
4777 2497
34288
25160 6939
6720 8447
25091 6939
8426 6939
29608 6939
20764
25220
202194 6939
29504 6939
14907
15547
198385 6939
50763
9002
1103
513 6939
5396 6939
57381 6939
6939 50620 50877 31122 6762 1280 205206 6894 6667 22652 21232 8607 50304 13030 64463 8896 15435 59891 49605 37271 35369 29691 2497 59689 37239 31424 7575
8455
8218
15605
50620
6881
31122
39122
1280
21232
205206
196621 15576
6667
47147
18747 174 263702
16347
22652
1299 34549
24482
198290 2914
35369
34549
8607
50304
13030
64463
12654 52720
8896
37271
15435
48526
31424
29140
39351
59891
263702
9304
50877
47692
29691
2497
2857
28571
2914 6453
6762
49605
59689
174
20495
52720
37239
6453
31742
8447
15576
12779
6894
7575
3333
