#src/zombie.py
# GMT Mon Oct  1 04:16:25 2018
# 
52873 52720 12956
1916 11537
22548 16735
14061 3356
7018 3320
34781 35054
26615 6762 16397
198545 35054 29152
59891 35054
559 553 513
12654 513 3303 35054
25160 2603
2603 50304 42708 513 8426 12779 6667 13101 29140 39326 25220 8468 34019 8607 3252 21320 31122 8283 34177 51185 3267 29686 28917 37271 35699 48526
24611 51405 6661
29075 6830 16347
30844 21320
5396 6762
39326 51945
34288 35054
8468
56730 51945
3252
21320 3216 30132 513 8455
7738 3320 263321
3320 8222 6762 513 6453 1280 4637 1299
16735 262757 6830 28138
8455
57821 12586
34177
1836 35054
28138
13030 513
51185
35054 198385 31424 43531 57118 49605 202032 196621 12350 20612 15547 198249 9002 24482 64396 43100 6939 202194 58299 8758 29691 8218
680 20965
24490 7575 20965
16347
37239 36937
51945
8607
8758
2895 3267
48526
20965 513 11537 1853
3356 6830 29608 3549
51405
1853
263321 263584
7660 22388 2500
4777 2500
1221 4637 4608
6830 513 2914 9189 3257 4589 286 6762 19151 59689 13237 6453 12956 2497 12859 8928 6720 3491 41095 174 5580 15435 14361
29608
49463 8218
58308 29152
53070 10429
286
13101 12586
30132
202032
19151
8943 1299 50763
6453 36937 62567 5392
25220
28220 6762
9189
12956 10429
34019
12637 3257
39821 9002
41497 174
28329 6762
25152 6939
12859
35699
8222
6720
198385
10764 11537 513
9304 174
36937
6939
202194
29691
50300 5580
5580 22652
15435
52720
37271 327995
24482
4608
50304
47872 2914
262757
52863 4809
50763
3549 25933
43531 8596
8426
16397 263075
3491
12874 3303 15605
11537 22388
49605
29140
59689
12350
8596
15547
6661 174
3216 20764
28917
29680 8928
3333 1103
12586
20080 6762
22652
5392
57381 42708
263075
29152
174 50620 198290
29686
58299
1103 513
198290
13237
25933
15605
20764
8218
2613 25091
262317 10429
31424
42708
2500 2500
513 513 25091
57118
4637
4589
3257
12779
6667
4809 1299
6762
10429
196621
2914
553
64396
20612
1299
7575
198249
3267
2497
263584
31122
50620
22388
8928
9002
8283
25091
43100
41095
327995
3303
1280
14361
62567
