#src/zombie.py
# GMT Mon Oct  1 03:45:33 2018
# 
29608 6453
50620 6939
2857 174
264911 6939
57821 6939
62567 6939
174 64396 29636 25160 2914
286 8596 2497
198249 6939
28917 6939
22652 3356
8359 2497 41617
198290 2914
56730 3356
41722 9002
2914 6762 29140 8455 4844 8763 1103 8943 3257 2914 7575 12637 2497
20485 13002 2497
15435 6939
8455
12859 6939
1280 2497
20080 6939
16347 6939
1257 3333 2497
41497 6939
50300 6939
8218 6461
16735 22548 262757 2497
2497 7018 3356 13030 1273 8928 9002 6453 19151 6939 4589 3303 12654 6667 6461
12779 3257
8607 6939
13002 25091
3356 49605 8426 680 553 15605 3549 47872 15576 1853
4844 37989
8763
49463 6939
3333
3257
47872
6881 6939
202032 6939
262317 6939
8596
10429 53070 12956
48526 6939
12637
15576 196621
34288 13030
15605
37989
50304 6939
58299 6939
23106 3549
1103
50763 8943
20612 6939
680
28571 1916
9002
7575
64396
1836 13030
49605
13030 35369
12956 6939
8283 57866
14061 6939
25091
3549 52720
9189 6939
263075 6939
20932 6939
57866 6453
198385 6939
41617
263651 6939
59689 6939
25160
29686 6939
9304 6939
20764 6939
29636
29075 6939
1916 6939
6939 202194 51405 25220 59891 2613 263152 25152 53067 57381 31122 15547
25220
52863 6762
6762
8928 29680
29680
59891
2613
263152
51405
553
25152
19151
22548
34019 3303
196621
53067
29140
6720 1853
1273
202194
7018
6667
24482 6453
8426
1853
6453 6453
262757
52720
35369
8943
6461
53070
57381
4589
3303
12654
31122
15547
