#src/zombie.py
# GMT Mon Oct  1 08:27:42 2018
# 
4844 6939 37989
680 1299
286 42708
1103 50304
7575 6939
29686 42708
12859 6939
28329 3549
1280 1299
20932 42708
34019 29608
37271 37468 6939
16347 29608
20080 6939
198290 6661
62567 6939
30844 50304
25160 6939
37239 6939
6661 29608
9002 50304 41617
15605 42708
37640 6939
4589 50304
20612 6939
16735 6939
24482 50304
8607 6939
53067 6939
202032 6939
12654 50304 6881 29608
31122 42708
263651 6939
22652 6939
49605 6939
20764 6939
57381 50304
6720 1853
29075 50304
29608 43100 13030
58299 6939
1273 6939
198385 6939
51405 6939
1916 28571 6939
41617
50763 42708
49463 6939
37497 6939
43100
6881 15685
8426 6939
1836 6939
29140 42708
513 21320
59891 6939
1853 6939
12637 6939
262317 6939
19151 6939
2613 6939
28571
6453 1299
1299 50304 3257 8283 7018
25152 6939
6667 42708
34781 6939
29636 6939
8758 6939
28917 6939
37989
37468
196621 6939
3257
8596 6939
25091 50304
35369 29208
9304 6939
198249 6939
50620 6939
15685 29208
263152 6939
57821 6939
47872 50304
50304 12779 34288 48526 50300 6939 56730 42708
25220 42708
23106 6939
21320 6939
31424 6939
263075 6939
3333 42708
15547 6939
22548 6939
553 6939
64396 6939
8218 6939
2497 6939
6762 6939
9189 42708
8763 6939
15435 6939
29680 6939
52863 6939
202194 6939
48526
3356 3549 6939
12779
6939 41497 52720 264911 262757 14061 59689 5396 41722 2857 53070
8455 42708
42708 2914 8928
29208
3549
8928
7018
56730
2914
8283
264911
53070
34288
262757
14061
59689
41497
50300
5396
41722
2857
52720
13030
