#src/zombie.py
# GMT Mon Oct  1 05:39:03 2018
# 
263584 263321
263321 28329
49605 9002
4608 6939
59689 20764
6720 6939
37497 6939
12637 9002
262317 6939
266534 18881
39351 20764
15605 20764
14907 6939
29075 20764
202032 6939
3333 20764
52888 1916
52720 6939
12956 28220 7738 10429 9002 18881
25220 20764
16347 20764
25227 20764
45896 6939
29691 6939
6894 9002
8426 6939
8167 7738 25933
3491 9002
202194 6939
20764 553 56730 34288 51185 20562 22356 49375 23106 30132 25091 8283 3356 29608 15547 47147 20932 50763 8455 29686 12859 51405 1103 30844 12654 6939 39122 2895 198290 41722 8222 29140 2613 39821 12779 34177 50300 13760 28917
3356 3549 9002 7018 1280 35054 41095
29608
680 9002
20080 6939
3549
9002 2497 31424 41497 9304 47692 8758 19151 4230 15435 37468 12350 35699 13030 12654 6667 286 196621 48526 29680 6453 21320 8218 59414 3257 8607 21232 40191 5396 52320 1836 2914 13237 37271 852
50877 6939
2914 64050 28329 15562
6939 34549 264911 263075 43578 24482 263152 34019 327960 22652 12307 28929 3252 50304 64463 37640 198385 53067 205206 8896 49463 29222 57821 29504 6762 7575 25160 38001 59891 16735 31742 5392 1916 52873 57111 14061 263508 35369 58299
4230 262757
20932
28634 22356
56730
37468
8455
53067
47692
8758
20612 1836
25152 3257
25933
49463
29222
34549
7738
51405
29504
6762
35699
15562
1103
12654
6881 3257
198249 13030
38001
50304
29680
59891
5392
21320 513
19151
52873
8607
395152 14007
47147
37640
40191 395766
5396
39821
48526
34177
13237
28917
57821
852 14007
12779
513
196621
8222
9304
1916
37271
263075
41095
51185
35369
31424
264911
20562
43578
59414
6667
263152
23106
28220 28220
34019
24482
30132
327960
25091
8283
8218
12307
49375
3257
3252
15547
395766
22356
553
2613
35054
198290
6453
205206
64463
50300
28329
198385
8896
41497
13030
64050
29686
50763
12859
28929
2497 4777
53070 10429
21232
12350
7575
34288
30844
14007
262757
286
39122
52863 52320
2895
16735
41722
15435
31742
4777
1280
29140
57111
22652
14061
7018
263508
52320
1836
10429
58299
13760
25160
18881
