#src/zombie.py
# GMT Mon Oct  1 08:12:45 2018
# 
8220 12654 29680
10429 53070 12956 28634
29680
266534 16735
6667 13237
5396 3257
1299 47147 16735 43578 7018 40191
49605 47692
1916 2914
51185 3356
30844 13237
59414 47692
14907 2914
196621 8758
41095 13237
327782 37100 327960
37271 6461
1251 20080 52888
63297 6939 395152
8218 29222 25160 34019 6461 35699 12637 1764 31742
4637 1221 3257
28329 263321 2914
263584 263321
13760 6939
3356 1280 2497 12956 47692 20764 3549
29226 13237 2895
205206 47692
52320 13237 23106 52863
20562 13237
16735 262757
57111 13237
6881 3257
25220 13237
51405 13237
21232 1764
29222
3257 13237 41497 6762 25152
2497 6453 4777
513 21320
35699
202194 47692
64050 2914
28220 12956 28220
2895
5392 174
38001 13237
12779 13237
35054 1764
198385 47692
40191 395766
3333 13237
2613 13237
50300 13237
31424 47692
50763 13237
34288 47692
25227 9002
52720 37468
12307 47692
30132 13237
7018
49463 13237
23106
263321
4608 1221
50877 6762
29608 13237
29691 47692
14061 2914
28634
553 13237
37468 13237
6762
22652 6461
35369 12654
47692 25091 13030 58299 59891 29504 64463 12654 29075 48526 8758 198249 202032 6453 20612 20932
395152
8607 2914
198249
31742
53070
15547 13237
202032
198290 13237
8455 1764
6453 3491 8283
29140 13237
52873 3549
43578
50304 13237
1221
680 13237
262757
174 1764
16347 13237
13030
21320 12654
6894 13237
58299
28917 13237
59891
8387 12654 1764
29686 13237
37497 13237
52863
7575 2914
286 13237
20080 2914
25933 3549
13237 39351 6939 15605 2914 1103 8896 15435 47147 1836 9304 59689 8222 34177 12859 3252 56730 37100 12654 49375 31025 9002 39122 8426
3491
29075
2914 15562 47147
34549 3320
20764
6939
8283
1764 12350
3549
15435
15605
47147 12654 3320
41497
1836
3320
25152
9304
59689
12586 31025 57821
49375
12956
8222
12350
34177
12859
52888
31025
3252
8758
15562
25160
41722 9002
1103
56730
12637
37100
39351
12654
20932
4777
25091
327960
6461 24482 19151
48526
24482
64463
19151
1280
34019
8896
20612
39821 9002
395766
9002
29504
39122
8426
57821
