#src/zombie.py
# GMT Mon Oct  1 03:59:15 2018
# 
1916 6939
7018 2914
34781 6939
12654 2914 6939 42708 8607 9002
53070 6939
29075 9002
1836 6939
5396 6939
52863 6939
2613 9002
21320 513 9002
16735 6939
8455 6939
57821 6939
263152 6939
8763 6939
8607 3257
48526 9002
20764 6939
51405 6939
52888 6939
1853 9002
1103 6939
49463 9002
202032 6939
19151 6939
6453 9002
4844 6939 37989
34019 6939
13030 2914
41497 6939
25152 3257
12859 9002
1273 9002
24482 6939
6720 9002
9304 6939
6939 47872 20080 263651 8426 8596 15547 28329 29680 9002 22652 15605 28571 262317 263075 37271 12779 2497 6881 50620 8928 15435 52720 2857 62567
50300 9002
37989
52720
28571
50304 42708
47872
20932 9002
8426
263651
49605 9002
59689 9002
8596
15547
28329
29680
9002 29608 16347 31122 3333 25091 43100 35369 28917 50763 198290 8218
20080
22652
57381 42708
513
35369
28917
29608
198290
15605
8218
262317
42708 6667
263075
50763
3257
12779
6667
37271
2914 8283
15435
16347
2497
6881
31122
50620
8928
3333
8283
25091
43100
2857
62567
