#src/zombie.py
# GMT Mon Oct  1 05:58:06 2018
# 
62567 6939
2857 6939
264911 6939
14061 6939
3356 3549 6939
3549 28329
263075 6939
22652 6939
13030 1273
1916 28571 6939
41617 9002
263651 6939
1280 6939
20080 6939
2914 19151
6939 6762 262757 29680 37271 8763 263152 25152 53067 9002 262317 2497 24482 23106 12654 7018 53070 22548 52863 16735 1853 52720 1764 7575
1273 25152
16735
6762
262757
29680
37271
8763
263152
25152 3257 12654 19151
19151
22548
3257
52863
262317
6720 1853
2497
7018
24482
12654
23106
9002
35369 1764
28329
53070
53067
28571
1853
52720
1764
7575
