#src/zombie.py
# GMT Mon Oct  1 08:11:27 2018
# 
8218 57111
6667 6939
57111 12654 50300 16347 198385 1103 2613 15547 50304 50763 49463 43100 50877 39122 51405 198290
4844 6939 37989
30844 6939
6881 6939
196621 8758
28571 1916
37271 6939
1273 6939
29680 6939
262757 6939
43100
29636 6939
34019 6939
16735 6939
5396 6939
50620 6939
25220 12779
1916 6939 52888
3257 12779 25152
57381 6939
513 6939
41722 49605
202194 6939
328206 6939
38001 6939
12779 12654 2914 47147 29140 20932 286
25091 49605
1853 6720 6939
50300
264911 6939
263075 6939
31424 6939
22652 6939
50763
34288 6939
52720 6939
4777 2497
12307 6939
49605 3333 12654 8283 21232 28917 8758 8896 202032 9002 56730 20495 553
7018 6939
49463
23106 6939
51405
50877
3333
29691 6939
14061 6939
28634 6939
262317 6939
37468 6939
6762 6939
263508 6939
59414 6939
8607 6939
198249 6939
198385
15547
202032
198290
48526 6939
6453 6939
6720
20932
20495
50304
47692 6939
29140
16347
13030 35369 6939
263152 6939
52873 6939
2613
58299 6939
28917
680 6939
39351 6939
29686 6939
6939 59891 7575 20764 20080 19151 59689 3491 29075 64463 24482 8455 15435 20612 1836 9304 2857 37640 2497 12859 53067 25160 31122 31742 29608 12654 22548 53070 37239 1280 41497 29504 8426 57821
37989
7575
20764
20080
3491
29075
1103
286
8455
8283
15435
15605 12654
47147
41497
1836
553
59891
9304
59689
2857
29608
25152
37640
2497
12859
52888
35369
8758
25160
31122
2914 15562
56730
21232
31742
12654
39122
22548
53067
53070
37239
24482
64463
19151
1280
8896
20612
9002
29504
15562
8426
57821
