#src/zombie.py
# GMT Mon Oct  1 05:36:12 2018
# 
1916 6939
14061 6939
7018 2914
34781 6939
59891 6939
12654 8607 6939 42708 2914 9002
25160 6939
37239 6939
37989 4844
1836 6939
5396 6939
34288 6939
56730 6939
263674 6939
20932 9002
2613 9002
21320 513 6939
16735 6939
53067 6939
8455 42708
57821 6939
263152 6939
30844 42708
680 553 6939
8426 6939
16347 42708
8758 196621 9002
48526 9002
29636 6939
20764 9002
263651 6939
1853 9002
28917 9002
29608 6939
49463 9002
53070 6939
286 42708
202032 6939
19151 6939
6453 9002
25220 42708
4844 6939
34019 6939
13030 2914
41497 6939
25152 3257
12859 6939
50300 9002
24482 6939
64396 6939
48166 6939
37497 6939
9304 6939
6939 6881 47872 262757 52863 49605 8763 59689 8596 7575 28329 29680 9002 20080 22652 15547 58299 29691 28571 31424 264911 263075 57118 4589 52720 37640 20612 12779 198249 2497 2857 51405 50620 1273 8218 6762 202194 262317 15435 1280 37271 62567
202194
29691
50763 42708
29075 9002
52720
37271
50304 42708
47872
262757
52863
198385 42708
6720 9002
8763
51405
1273
49605
29140 42708
59689
8596
15547
264911
28329
29680
9002 31122 3333 3257 25091 198290 43100 35369
20080
22652
57381 42708
513
9189 42708
35369
29686 42708
58299
1103 42708
198290
15605 42708
8218
7575
262317
31424
42708 6667 8928
263075
57118
4589
3257 8607
12779
6667
37640
196621
2914 8283
553
15435
20612
8607
198249
2497
6881
31122
50620
8928
3333
8283
25091
43100
6762
28571
1280
2857
62567
