#src/zombie.py
# GMT Mon Oct  1 04:00:46 2018
# 
29691 47692
328206 6939
49605 9002
59689 57111
34288 47692
262317 6939
29636 13030
264911 6939
202032 47692
3333 25220
263075 6939
52720 6939
25220 57821 12654
16347 57111
45896 9002
2857 286
20612 47692
3491 286
22652 13030
20764 57111
3356 3549 9002
29608 57111
8426 13030
20080 6939
3549 263702
9002 6667 12654 31424 37271 37468 29075 1836 24482 286 16735 29680 41722 25091 59414 3257 8607 48526 25160 28917
202194 47692
15547 13030
2914 2497 14061 4844 6762 15562 12654
50304 57111
56730 57111
6939 53067 47692 8896 28634 22548 53070 21232 7575 263152 23106 38001 37239 1916 52873 57111 262757 37640 6881 263508
20932 13030
37468
53067
47692 59891 12654 12307 29504 58299 64463
8758 196621 13030
8896
25152 3257
59891
49463 57111
57821
51405 57111
29504
7018 286
15562
52888 1916
12654 6762 13030 286 47147 57111
43100 57111
6881
198249 13030
31122 13030
38001
39351 57111
29680
513 13030
52873
8607
47147 30844
37640
6762 3257 52863 1280
29075
4777 2497
28917
263702
196621
9304 13030
1280
37271
31424
24482
6667
263152
23106
37239
19151 286
25091
8218 286
12307
49375 57111
3257 29686 29140
262757
4844 37989
48526
198290 57111
64463
50300 13030
198385 57111
13030 2497 50620 31742 34019 35369
50620
29686
28571 1916
34019
22548
53070
21232
28634
7575
30844
286
39122 57111
52863
2497
16735
37989
41722
57111 2613
31742
1916
29140
59414
14061
2613
263508
1836
35369
58299
25160
