#src/zombie.py
# GMT Mon Oct  1 04:42:34 2018
# 
52873 52720 12956
1916 11537
22548 16735
14061 3356
7018 3320
34781 35054
198545 35054 29152
22652 5580
559 553 513
12654 513 3303 35054 15547
25160 2603
2603 50304 42708 513 8426 12779 6667 34019 41095 29140 39326 25220 8468 8607 3252 21320 31122 8283 34177 51185 3267 37100 29686 28917 13101 37271 35699 48526
24611 51405 6661
29075 6830 16347
1836 35054
5396 6762
39326 51945
34288 35054
8468
56730 51945
57821 12586
2613 25091
21320 3216 30132 513 8455 30844
28220 6762
3320 2497 6762 7738 513 1280 4637 8222 1299
16735 6830 28138
59891 35054
8455
3549 3356 28329
29680 3257
34177
30844
28138
1251 11537 52888
43531 35054 8596
35054 198385 31424 57118 49605 202032 12350 20612 198249 9002 24482 64396 43100 6939 202194 58299 8758 29691 8218
3356 6830 29608
3252
51945
16347
35699
2895 3267
48526
20965 513 11537 24490 1853 680
20764 3216
51405
52888
1853
263321 263584 7738
7660 22388 2500
327984 37100
1221 4637 4608
6830 513 2914 9189 3257 3491 286 6762 19151 59689 13237 6453 1299 12859 6720 4589 12956 174 5580 15435 14361
29608
49463 8218
58308 29152
53070 10429
286
13101 12586
30132
202032
19151
8943 1299 50763
6453 36937 5392
25220
37239 36937
9189
12956 10429
34019
12637 3257
39821 9002
41497 174
25152 6939
12859
8758 196621
24482
12586
6720
10764 11537 513
9304 174
36937
202194
6939
37100
29691
50300 5580
5580
15435
52720
37271 327995
8222
4608
13030 513
50304
47872 2914
49605
50763
198385
51185
8426
16397 263075 26615
3491
12874 3303 15605
11537 22388
31424
29140
59689
12350
8596
15547
6661 174
3216
28329
24490 7575
7738
3333 1103
26615 6762
4777 2500
20080 2914
3267
5392
57381 42708
263075
29152
174 50620 198290
29686
58299
1103 513
198290
13237
25933 6762
15605
8218
7575
262317 10429
327995
42708
2500 2500
513 513 25091
57118
4637
4589
3257
12779
6667
6762 6762
10429
196621
2914
553
64396
20612
1299 62567
8607
198249
2497
263584
31122
50620
22388
680
9002
8283
25091
43100
41095
3303
1280
14361
28917
62567
