#src/zombie.py
# GMT Mon Oct  1 06:29:15 2018
# 
37468 37271
50620 13030
29691 6939
2857 286
37640 6939
264911 6939
57821 6939
62567 9002
58299 6939
198249 13030
28917 9002
22652 6939
198290 9002
56730 9002
49605 6939
2914 12654
15435 25220
8455 9002
12859 6939
1280 6939
513 13030
37497 6939
20080 6939
41722 9002
41497 6939
50300 13030
8218 286
16735 6939
12779 12654
8607 9002
262757 6939
52720 6939
37271 6939
4844 37989 6939
8763 286
22388 11537 7575
49463 9002
29140 3257
3257 6762 9002 25152
47872 6939
6881 6939
29608 9002
12307 6939
8596 9002
48526 9002
12637 6939
2497 13030
34288 6939
15605 25220
37989
50304 6939
286 7018 1273 12654
23106 6939
1103 20965
50763 13030
20612 6939
22548 6939
202032 6939
9002 31424 25091 2613 16347 1836 8928 41617 6667 59689 6453 51405 6720 35369 29075 198385 20764 12654
7575
64396 6939
1836
20965 11537 680
13030 24482 8758 20932 9304 19151 29636 12654 31122 15547
8758
16347
8283 25220
14061 6939
3333 25220
8928
263075 6939
11537
20932
41617
263651 6939
59689
25160 6939
262317 6939
9304
51405
29636
29075
1916 28571 6939
6939 59891 34019 52863 5396 29680 263152 53067 196621 202194 8426 53070 57381 12654 37239
25220 12654 30844
52863
5396
6762 12654 6453
31424
25091
59891
2613
263152
198385
25152
29680
19151
28571
34019
196621
53067
6720
30844
202194
7018
6667
24482
8426
680 12654
6453
31122
35369
1273
53070
57381
20764
12654
37239
15547
