#src/zombie.py
# GMT Mon Oct  1 03:59:30 2018
# 
8387 13030 1764 12654
1916 174
22548 16735
14061 1299
7018 1299
34781 1764
59891 1764
12654 13237 6939 6730 1853
7575 2914
25160 8218
37239 36937
29075 13237 58308
30844 13237
5396 3257
34288 13237
8468 13237
6461 14361 19151 8218
20932 1764
2613 6893
25933 3549
7738 3320 263321
3320 13237 59689
37179 13237 327984
8455 1764
57821 12586
34177 13237
1836 13237
50300 13237
6893 6730
35054 1764
680 13237 553
16347 13237
56730 13237
174 1764 50620
8607 2914
8758 1764 196621
2895 29076
48526 13237
202194 1764
3356 20764 29608 1764 3549
51405 13237
52888 1251
1853
263321 263584
4777 2497
1221 4637 4608
12350 1764
29608
49463 13237
39821 9002
53070 10429
286 13237
1764 198385 51185 8283 57118 9189 202032 2914 64396 58299 8222 29691 8218
202032
19151
9044 13237 20612
6453 36937 1299 3257 5392
25220 13237
28220 6762
9189
12956 10429 1299
52720 3549
12637 13237
13030 198249
41497 3257
25152 3257
12859 13237
35699 8218
24482 13237
64396
198385
9304 13237
36937
6939 47872
29076 13237
29691
41095 13237
50763 13237
15435 13237
37271 327995 1299
8222
4608
50304 8218
47872
52863 6762
3549 28329
51185
8426 8218
3491 3257
12874 13237 15605
52320 13237 16735
34019 13237
49605 13237
29140 13237
59689
13237 4589 8596 15547 3252 9002 20080 29686 28917 1103 198290 20562 31424 42708 31025 3257 12779 6667 30132 1299 3333 25091 8928
8596
15547
28329
29680 8928
9002
12586 31025
327984
20080 1251
22652 3257
5392
57381 42708
58308
6730 513 6730
29686
58299
1103
1251
198290
28138 16735
20562
15605
20764
8218 29222 31122
3252
262317 10429
31424
42708
513
57118
4637 3257
4589
3257 2497 6762
12779
6667
29222
10429
196621
2914 62567
553
20612
1299 6762 1280
16735
198249
2497
263584
31122
50620
31025
8928
3333
8283
25091
6762
327995
30132
1280
14361
28917
62567
