#src/zombie.py
# GMT Fri Sep 28 19:30:33 2018
# 
59891 51395
28138 16735
16735 262757 19151 22548
3549 3356 25933
6453 36937 9002
513 21320
50300 9002
56730 51945
1280 19151
14061 19151
6661 24611 9002
15435 9002
31122 9002
30844 9002
58299 13030
6730 29691 9002
34288 9002
12859 9002
31424 9002
21320 9002
29222 3356
1221 4608 4637
8455 9002
15605 9002
29140 9002
7575 19151
12956 28220 52873 10429 9002
9304 19151
8422 9189 9002
9002 680 12654 3356 6720 25160 29075 20562 12350 196621 1853 51185 12586 3257 8468 48526 47872 1136 286 1836 2497 62567 8607 8596 29686 12637 12779 3252 20932 3491 42708 8218 5396 57866 37271 5392 13237 8758 29680 24482 2914 41497 49605 39821 35699 25091 8426 51395 50763 4589 6667 51945 1103 30132
1136 3333
52873 52720
19151 4637 20080 7738 41095 174 1916 13030 2497 12654
58308 29075
327995 37271
62567
8607
41095
50620 174
4637
12637
57118 29691
12779
20932
2613 6893
10429 53070
5396
4608
50763
20764 3356
8283 57866
198385 174
13030 34781 198249
13237
8758
22652 3356
51395
4777 2497
6762 2914 28329 52863
35699
25091 6893
8426
50304 42708
7018 174
34177 3356
174 2914 3267 198290 45896 3356 64396
28329
59689 8218
49605
20612 1836
30132
6893
28220
3267 2895
680 553
28917 3257
12654 12654 15547 6939
3356 25220 29608 14361 35054 8222
6720
29691
263584 263321
8222
15547
3491
198290
1103
20562
12350
196621
1853
64396
37239 36937
9189
3257 25152
29075
8468
14361
7738 263321
48526
12586 57821
6939 202194
47872
57821
22548
57381 42708
1836
51945
2497
202194
8596
49463 8218
51185
29686
29608
3252
45896
16347 8218
3333
2895
24611 51405
42708
8218
57866
53070
37271
198249
1916
5392
29680
24482
20080
2914
41497
25220
36937
263321
39821
52720
25152
34781
51405
25160
35054
553
286
4589
25933
6667
262757
52863
