#src/zombie.py
# GMT Mon Oct  1 05:44:14 2018
# 
29691 47692
328206 6939
49605 47692
59689 13030
12637 13030
262317 6939
29636 13030
15605 47147
553 6939
264911 6939
202032 6939
3333 1257
1103 13030
52720 6939
20612 47692
16347 13030
2857 13030
8426 13030
3491 13030
22652 13030
34019 13030
20764 13030
3356 47692 6762
29608 13030
680 47147
20080 6939
9002 13030
20495 13030
2914 15562 198290 47147
50304 6939
56730 6939
286 47147
20932 13030
202194 47692
37468 13030
8455 6939
53067 6939
47692 31424 47692 29686 34288 29140 29075 12307 12654 198249 6939 59891 25091 8218 59414 58299 6453 64463 29504
25220 13030
50877 6939
25152 1273
59891
49463 6939
15435 13030
51405 6939
29504
7018 1299
15562
52888 1916
12654 47147 13030
6881 6939
198249
1273 13030
31122 13030
38001 6939
31424
39351 6939
1257 13030
29680 13030
513 13030
19151 13030
52873 6939
8607 13030
47147 39122 57111 1836 28917
37640 6939
5396 6939
29075
50300 13030
4777 2497
28917
12779 13030
196621 8758
9304 13030
37271 13030
263075 6939
50763 13030
57111
6667 13030
263152 6939
23106 6939
37239 6939
24482 13030
25091
8283 13030
8218
12307
3257 6453
262757 6939
15547 13030
2613 6939
198290
6453
1299 13030
64463
6762
198385 6939
8896 6939
41497 6939
13030 50620 8758 12859 48526 30844 2497 31742 14061
50620
29686
28571 1251
12859
22548 6939
53070 6939
21232 6939
57381 6939
28634 6939
48526
34288
30844
1251 6939
6939 25160 16735 41722 57821 1916 263508
39122
2497
16735
41722
57821
31742
1916
29140
59414
14061
8758
263508
1836
58299
25160
