#src/zombie.py
# GMT Mon Oct  1 04:00:07 2018
# 
37468 13237
198385 1764
29691 1764
25933 8167
35054 1764
3252 13237
3491 2914
57821 12586
62567 2914
174 9304 1764
286 13237
198249 13030
6893 6730 2613
22652 3257
25091 13237
198290 13237
56730 13237
41722 9002
34177 13237
2914 6762 1916 13237 20080 2497 14061 8607 7575
31424 1764
15435 13237
1299 7018 12956 1280 7738 13237 8283
12859 13237
1280
29608 3356
202194 1764
20080 1251
16347 13237
3267 13237 2895
8387 13237 13030 12654 1764
15547 13237
8167 7738
41497 3257
50300 13237
12586 31025
8218 35699 6461 1764 25160 8426 12637 29222
16735 22548 262757 52320
12779 13237
8607
262757
3356 20764 3549 1764 45896
37271 327995 6461
12350 1764
7738 263321
49463 13237
28917 13237
3333 13237
3257 6762 5396 4637 13237 6453 25152 2497
327995
47872 6939
14361 6461
52863 6762
263584 263321
13237 1836 49605 680 20932 37100 30132 37497 37239 51405 41095 29075 3320 25220 20562 8928 25227 6667 52320 15605 29140 34019 31025 24482 8596 48526 30844 34288 50304 51185 9002 1103 50763 6695 553 4589 12654 29686
8596
48526
12637
2497 4777
34019
34288
1916
50304 57381
51185
58299 1764
28220 12956
52888 1251
1221 4637 4608
1103
50763
23106 52320
28329 6762
20612 1836
1251
52320
22548
8222 1764
9002 41617 39821
2895
7575
64396 1764
1836
49605
13030
8758 1764
12956 52873 10429
8283
14061
35699
3549
45896
4637
8426
20932
41095
59414 1764
9189 6695
37100 327782
59689 3320
25160
263321
327960 327782
4589
29686
9304
51405
6695
24482
29075 58308
3320
6939 12654
25220
202032 1764
29222
41617
5396
53070 10429
6762
8928 29680
29680
59891 1764
25227
20562
57381
25152
15605
39821
8455 1764
58308
196621 1764
31025
29140
52873 52720
30844
25435 1764
7018
6667
327782
30132
6730 12654
680
5392 6453
6453
4608
52720
37497
6461 19151
10429
553
20764
19151
4777
12654
37239
1764
2613
