#src/zombie.py
# GMT Mon Oct  1 06:02:54 2018
# 
1916 27750
22548 3549
14061 2914
7018 2914
34781 25220
8447 6720 12654
12654 6762 42708 2914 680 25220 5413 6939 6830 12779
25160 5413
37239 36937
27750 20965
24611 51405 6661
29075 58308 5413
1836 25220
5396 6762
34288 680
8468 5413
56730 51945
20932 25220
2613 6893
57381 42708
7738 6762 263321
16735 28138 6762 262757
59891 51395
8455 2914
174 680 64396 50620
29680 8928
34177 25220
30844 5413
28138
6893 25091
35054 3356
680 20965 3356 9002 8426 49605 680 553 9044 8596 48526 8218
16347 5413
8426
9044 20612
8607 5413
8758 6830 196621
2895 3267
29691 57118 6730
20965 11537 1853 1103 513 24490
3356 20764 6762 19151 29608 25220 3549 22652
51405
57821 12586
1853
58299 13030
7660 22388 2500
4777 2500
1221 4637 4608
6830
5413 50304 31424 28917 49463 6667 41095 13237 39326 15547 12637 13030 3333 12859 50300 8928 20080 9304 3267 6730 50763 6661 24482
49463
39821 9002
53070 10429
286 2914
30132 6762
45896 3549
6453 36937 2914 6762 5392
25220 3252 29551 31122 198385 51185 3257 25091 34019 12350 15435 20562 15605
28220 6762
12956 6762 10429
34019
12637
13030 198249 2914
41497 3257
25152 3257
12859
35699 2914
24482
6720
9304
36937
6939 51395 202194
202194
48526
41095
50300
15435
52720 3549
37271 327995 2914
4608
58308
50304
47872 6762
262757
52863 6762
50763
3549 25933 6762
51185
64396
16397 263075 26615
198385
19151
11537 22388
49605
59689 8218
12350
51395
8596
15547
6661
28917
24490 7575
3333
26615 6762
20080
22652
5392
25933
263075
51945 39326
6730
263321 263584
1103
198290 2914
13237
20562
3491 6762
15605
20764
8218
3252
29551 31025
31424
42708
2500 2500
513
57118
4637 6762
28329 6762
3257 14361
12779
6667
6762 1280
10429
196621
2914 2497 8283 3303 62567
553
39326
20612
7575
198249
2497
263584
31122
50620
22388
31025 12586
8928
9002
8283
25091
3267
29222 3303
29608
327995
3303
1280
14361
12586
62567
