#src/zombie.py
# GMT Mon Oct  1 03:46:00 2018
# 
37468 37271
2857 6939
37640 6939
264911 6939
57821 6939
62567 6939
286 49605
28917 49605
22652 6939
56730 49605
2914 12637
15435 6939
8455 6939
12859 6939
1280 6939
37497 6939
20080 6939
41497 49605
50300 49605
1273 6939
16735 6939
12779 8928 3257 12654
8607 6939
262757 6939
37271 6939
4844 37989 6939
8763 6939
29140 49605
37239 6939
3257 25152
47872 6939
6881 6939
52863 6939
50304 6939
8596 6939
12637 49605 12654
2497 6939
34288 6939
15605 12654
37989
262317 6939
29680 6939
1103 49605
50763 6939
23106 6939
680 6939
53067 6939
28571 1916
9002 49605
7575 6939
1836 6939
49605 25091 41722 8283 3333 202032 20932 41617 9189 4589 29686 20764 25220 29608 12654 31122 5396
13030 35369 6939
8758 6939
41722
8283
14061 6939
3333
4589
263075 6939
20932
41617
263651 6939
202194 6939
25160 6939
48166 6939
29608
29686
9304 6939
29636 6939
1916 6939
6939 6762 6667 263152 57381 19151 22548 24482 30844 7018 1853 6453 52720 53070 553 12654 15547
25220
202032
5396
6762
8928
25091
263152
57381
25152
19151
22548
9189
6720 1853
30844
7018
6667
24482
1853
6453
52720
35369
53070
553
20764
12654
31122
15547
