#src/zombie.py
# GMT Fri Sep 28 21:24:32 2018
# 
1273 13030 25152
16735 6939
6453 6939
513 21320
50300 6939
28571 6939
1280 6939
15435 6939
31122 6939
30844 6939
58299 6939
1103 6939
263075 6939
12859 6939
8928 6939
31424 6939
21320 6939
8455 6939
29140 6939
7575 6939
9304 6939
13030
9002 6939
19151 2914 25152 6939
62567 6939
8607 6939
7018 6939
8763 6939
59891 6939
57118 6939
14061 6939
20932 6939
2613 6939
56730 6939
5396 6939
50763 6939
20764 6939
6661 198290 6939
202032 6939
8758 196621 6939
22652 6939
48166 6939
202194 6939
6762 6939
28329 6939
8426 6939
50304 6939
262317 6939
263651 6939
59689 6939
25091 6939
49605 6939
20612 6939
553 680
29075 6939
50620 6939
680 6939
28917 6939
12654 25152 6939
6720 1853
29691 6939
8283 6939
15547 6939
198290
6881 6939
196621
1853 6939
52720 6939
64396 6939
37239 6939
9189 6695
3257 25152
20080 25152
34781 6939
48526 6939
6939 41497 15605 47872 57821 37640 1836 2497 8596 49463 198385 29686 29608 51405 2857 34019 16347 42708 8218 53070 6695 37271 198249 1916 4844 34288 264911 29680 24482 25220 12779 263152 25152 25160 29636 286 4589 3333 52888 6667 52863
47872
57821
37640
57381 42708
1836
2497
35369 8218
8596
49463
198385
29686
29608
51405
2857
34019
16347
42708
8218
53070
6695
37271
198249
1916
4844 37989
34288
264911
29680
24482
15605
2914
41497
25220
12779
263152
25152
37989
25160
29636
286
4589
3333
52888
6667
52863
