#src/zombie.py
# GMT Mon Oct  1 05:08:03 2018
# 
1916 6939
14061 6939
7018 6939
34781 6939
59891 6939
30844 13030
25160 6939
4589 9002
37989 4844
1836 9002
5396 6939
34288 6939
56730 9002
263674 6939
20932 13030
2613 9002
16735 6939
8455 9002
57821 6939
263152 6939
8763 9002
680 553 9002
8426 6939
35369 9002
16347 9002
8758 13030
48526 9002
29636 13030
20764 9002
51405 6939
1853 9002
28917 9002
29608 9002
49463 9002
53070 6939
286 9002
6881 6939
202032 6939
19151 174 12654
6453 9002
25220 9002
37239 6939
4844 6939
34019 9002
13030 513 50300 8283 9189 9304 48166 12654 15435 2857
41497 9002
25152 6939
12859 6939
50300
24482 9002
6720 9002
48166
9304
6939 47872 262757 20080 52863 7575 264911 28329 29680 22652 58299 29691 28571 262317 31424 263075 57118 37640 196621 12654 20612 12779 52720 198249 8218 1273 50620 64396 6762 202194 1280 37271
202194
29691
12654 15547 9002
50763 9002
29075 9002
52720
8218
50304 9002
47872
262757
52863
198385 9002
64396
1273
49605 9002
29140 9002
59689 9002
8596 9002
15547
264911
28329
29680
9002 2914 3333 29686 198290 8607 15605 42708 1103 6667 2497 31122 8928 25091 43100 62567
20080
22652
57381 42708
513
9189
174 3257
29686
58299
1103
198290
15605
28571
7575
262317
31424
42708
263075
57118
3257
12779
6667
37640
196621
2914
553
15435
20612
8607
198249
2497
37271
31122
50620
8928
3333
8283
25091
43100
6762
1280
2857
62567
