#src/zombie.py
# GMT Mon Oct  1 03:59:16 2018
# 
13030 1273
50304 57381 6939
47872 6939
20932 6939
34781 6939
1916 6939
6720 1853
262317 6939
263152 6939
49605 6939
29075 6939
8763 6939
5396 6939
59689 6939
8426 6939
8596 6939
15547 6939
6661 198290 6939
2613 6939
21320 513 6939
28329 6939
29680 6939
9002 6939
3333 6939
8455 6939
57821 6939
22652 6939
1836 6939
2857 6939
57381
263075 6939
35369 8218
28917 6939
29608 6939
198290
34019 6939
15605 6939
48526 6939
28571 6939
20764 6939
263651 6939
52888 6939
1853 6939
31122 6939
513
1103 6939
49463 6939
16735 6939
53070 6939
52863 6939
6667 6939
20080 6939
202032 6939
19151 6939
12654 6939 25152
6453 6939
50300 6939
12779 6939
4844 6939 37989
16347 6939
2497 6939
6881 6939
51405 6939
41497 6939
37989
50620 6939
12859 6939
1273 25152
24482 6939
25152 6939
8283 6939
8218 6939
25091 6939
9304 6939
6939 50763 15435 52720 37271 7018 8928 62567
50763
15435
52720
37271
7018
8928
62567
