#src/zombie.py
# GMT Mon Oct  1 05:06:12 2018
# 
37468 37239 9002
29691 6730
25933 3549
35054 3356
3252 9002
3491 9002
57821 12586
62567 9002
24611 6661 51405
174 64396 3267 47176 19151 198385
286 9002
198249 13030
28917 3257
22652 3356
25091 6893 9002
45896 3356
56730 51945
41722 9002
34177 3356
2914 6762 8943 16347 198290 8283 9002 19151
34288 9002
15435 9002
8455 9002
12859 9002
1280 19151
513 21320
37497 20940
202194 6939
20080 11096
16347
3267 2895
15547 12654
39821 9002
263321 263584 7738
41497 9002
11096 19151
12586 9002
8218 49463 9002 59689
16735 22548 262757 19151
12779 9002
8607 9002
51395 59891 6939
262757
3356 6762 29608 3549 25220 9002 8222
37271 327995 9002
12350 9002
7738 19151
49463
6939 12654
3333 9002
3257 29686 9002 25152 29140
327995
47872 9002
29608
263584
24482 9002
8596 9002
48526 9002
12637 9002
2497 9002 19151 4777
34019 30781
15605 9002
6661 9002
50304 42708
51185 9002
58299 15623
28220 12956
1221 4637 4608
15623 9002
1103 9002
50763 8943
23106 9002
34781 13030
28329 6762
20612 1836
42708 9002 57381
14061 19151
31424 9002
9002 20940 49605 8758 30844 3216 29680 35699 8426 20932 41617 37100 25160 4589 12956 29075 25074 50300 25227 21320 5396 30132 20562 51945 196621 13237 6720 1836 6667 8468 680 5392 6453 6730 553 3303 12654 30781
30781
2895
7575 19151
25227
1836
49605
47176 25435
8758
12956 52873 10429
3216 20764
8283
41617
35699
3549
198290
4637 19151
8426
20932
41095 19151
29222 3303
9189 25074
37100 327782
59689
25160
327960 327782
50300
4589
29686
9304 19151
51405
25074
29075
1916 52888 19151
198385
25220
52863 6762
21320
52888
5396
8222
6762
6893 2613
29680
59891
2613
20562
553
19151 13030 12654
25152
22548
51945
196621
64396
29140
6720
30844
25435
6667
20940
327782
30132
8468
6730
680
13030
5392
6453
4608
13237
52720 52873
8943
53070 10429
57381
20764
3303
52873
4777
12654
37239
10429
