#src/zombie.py
# GMT Mon Oct  1 05:23:18 2018
# 
1916 11537
22548 3549
14061 2914
28138 16735
7018 2914
34781 25220
59891 51395
12654 680 42708 8447 2914 12713 25220 5413 6939 6830 6762 12779
7575 24490
25160 5413
3491 6762
24611 51405 6661
29075 25220 58308
30844 5413
5396 6762
6777 8426 5413
34288 25220
8468 5413
56730 51945
2613 25220
57381 42708
28220 6762
37179 5413 327984
12713 47872
8455 20562
3549 25933 3356 28329 6762 52720
57821 12586
34177 25220
1836 25220
50300 5413
1251 52888 20080
35054 3356
680 20965 9002 49605 12874 680 174 553 9044 25220 8596 48526 8218
24490 20965
16347 5413
8447 6720
37239 36937
9044 20612
8607 5413
8758 6830 196621
2895 29076
29691 57118 6730
20965 11537 1853 1103 513
3356 20764 19151 25220 29608 22652
51405
52888
1853
263321 263584 7738
7660 22388 2500
327984
1221 4637 4608
6830
5413 50304 31424 28917 49463 6667 41095 30132 39326 12637 13030 3333 12859 24482 20080 4589 9304 6730 50763 6661 35699
49463
39821 9002
53070 10429
286 2914
30132
19151
6453 36937 2914 6762 5392
25220 20932 198385 51185 3257 12350 34019 2914 13237 29551 15547 3252 13030 30781 31122 25091 29076 15435 20562
29551 31025
12956 6762 10429
34019
12637
13030 198249 58299 2914
41497 3257
25152 3257
12859
35699
8222 1299
64396 174
9304
36937
202194 6939
6939 51395
29076
48526
41095
50763
15435
52720
37271 327995 2914
24482
4608
50304
47872
20932
20764
51185
8426
12874 15605
11537 22388
49605
29140 2914
59689 30781
12350
51395
8596
15547
6661
28329
29680 3257
7738 6762
3333
6720
12586 31025
4777 2500
20080
22652
5392
25933
58308
51945 39326
6730
29686 2914
58299
1103
198290 2914
13237
20562
30781
15605
8218
3252
262317 10429
31424
42708
2500 2500
513
57118
4637 6762
4589
3257 14361
12779
174 50620
6667
6762 16735 1280 2914
10429
196621
2914 8283 2497 3303 1299 62567
553
39326
20612
1299
16735
198249
2497
263584
31122
50620
22388
31025
198385
9002
8283
25091
29222 3303
29608
327995
3303
1280
14361
28917
62567
