#src/zombie.py
# GMT Mon Oct  1 08:22:28 2018
# 
198385 6939
10429 53070 12956
8218 6461
266534 16735
6667 2497
57111 6939
1299 57866 2497 29075 34549 8455 14907 34288 680 50304 31122 47147 20932 553
4844 37989 2914
30844 6939
59414 13030
14907
196621 15576
28571 1251
50304
1251 6939
1273 25152 2497
48526 6939
50620 6939
42525 6939 205206
6894 174
3356 2497 39122 37271 15605 22652 56730 15576 8426 1853 3549
29636 174
205206
52320 6939 52863
16735 263508 2497 262757
21232 13030
25220 6939
262757
1916 6939 52888
3257 29680 2914
513 6830
41722 9002
202194 6939
6881 6939
52873 3549
57866 8283
263075 6939
25091 2914
3303 2497 34019
1853 6720
50300 6939
264911 6939
29680
50763 8943
34288
49375 6939
29686 6939
12307 6939
49605 6939
7018 2497
49463 6939
23106 3549
51405 6939
50877 174
3333 1257
29691 6939
14061 2914
28634 22356
262317 6939
37468 6939
6762 2914
263508
47692 6939
8607 6939
198249 6939
31742 6939
6461 2497
15547 6939
202032 6939
198290 2914
22652
6453 29608 6453 2497 24482
6720
15576
20495 6939
37271
38001 6939
680
29140 2914
174 2857 25160 2914
16347 2914
13030 35369 2497 1836
263152 6939
2613 6939
58299 6939
28917 6939
59891 6939
39351 6939
6939 6939 20764 20080 2497 64463 15435 20612 9304 59689 12956 37640 53067 22356 37239 8896 41497 29504 57821
37989
7575 2497
20764
52863
6830 2497 6830
2497 3491 4777 286 9002 12654 2914 1257 19151 1280
29075
2914 12779 2914 8943 15562 12859 1103 12637
15605
34549
286
8455
8283
3549 263702
15435
20080
47147
41497
1836
553
263702
9304
59689
2857
29608
12956
8943
25152
37640
3491
12859
52888
35369
15562
25160
31122
1103
56730
12637
22356
12654
20932
4777
12779
1257
53070
37239
24482
64463
19151
1280
34019
8896
20612
9002
29504
39122
8426
57821
53067
