#src/zombie.py
# GMT Mon Oct  1 04:27:35 2018
# 
37468 37271
50620 6939
2857 6939
37640 6939
22548 4809
14840 4809
57821 6939
62567 6939
286 6939
198249 6939
28917 6939
22652 16735
8359 16735 41617
198290 2914
2914 1299
15435 6939
1299 3257 1280 680 16735 8283 1273
12859 6939
1280
513 21320
37497 6939
20080 16735
41722 6939
12637 6939
50300 6939
8218 6939
16735 6762 13030 9304 19151 25152 4809 6939 2497
12779 6939
9189 6695
37271 6939
4844 37989 6939
8763 6939
34288 6939
49463 6939
12654 52863 28329
29140 6939
3257
47872 6939
202032 6939
6881 6939
8596 6939
48526 6939
41497 6939
2497
34019 6939
15605 6939
37989
50304 6939
58299 6939
29680 6939
1103 6939
50763 6939
23106 4809
34781 6939
28329 1916
20612 6939
28571 4809
9002 6939
7575 6939
64396 6939
1836 6939
49605 6939
13030 35369
8758 6939
16347 6939
8283
14061 6939
3333 6762
8928 6939
20932 6939
41617
59689 6939
29608 6939
29686 6939
9304
51405 6939
29075 6939
1916
6939 553 2613 59891 8455 8426 202194 37239 198385 25220 21320 5396 31424 25091 20764 196621 24482 30844 6667 6695 57381 4589 1853 15547
25220
52863 4809
21320
5396
6762 6453
31424
25091
59891
2613
198385
553
25152
19151
20764
8455
196621
6720 1853
30844
202194
6667
24482
8426
680
6453
35369
6695
1273
4809
57381
4589
1853
37239
15547
