#src/zombie.py
# GMT Mon Oct  1 06:02:18 2018
# 
52873 52720 12956
1916 27750
22548 16735
14061 2914
7018 286
34781 12859
8447 12859 6720
12654 6939 6730 3333 12859 8455 5413 1103 12779 12956
53070 10429
2603 50304 25160 16735 31122 8455 20080 2497 3491 19151 1103 553 14361 13030
27750 20965
47872 12956
29075 58308 1103
30844 5413
5396 6762
34288 12859
8468 5413
56730 1103
20932 12859
2613 6893
25933 3549
28220 12956
16735 262757 28138
59891 51395
8455 13030 1299 3303 15547 48526
57821 12586
34177 12859
1836 20612 3333
6893 6730
51185 12859
35054 3303
680 20965
24490 7575 20965
3252 12859
174 50620 64396 3257 45896 2914
8607 5413
8758 15576
2895 29076
29691 57118 6730
20965 1853 1103 11537
3356 286 29608 1299 3549
51405 24611
1853
58299 13030
7660 22388 2500
4777 2500
1221 4637 4608
16397 263075 26615
5413 12637 31424 42708 9002 8426 49605 4637 49463 4589 50300 9304 41095 6661 29686 13237 29140 16347
49463
39821 9002
25160
286 6453 29222 1103
45896
6453 36937 2914 5392
25220 12859
37239 36937
9189 6695
12956 7738 10429
52720
12637
13030 198249
41497 3257
25152 3257
12859 198385 31025 3333 8222 2914 3216 43531 29076 28917 6695 15605 34019
35699 2914
24482 1103
12586 31025
64396
37497 1103
9304
36937
49605
29076
48526
41095
50300
15435 1103
37271 327995 1103
8222
4608
6695
50304
24611 6661
262757
52863 6762
3549
43531 8596
8426
19151
3491
13237
34019
31424
29140
59689 8218
12350 1103
51395 6939
8596
15547
2497
53067 10429
28329 6762
29680 3257
7738 263321
3333 6667 6762 20562 8283 1103
6720
26615 6762
20080
22652 3257
5392
57381 42708
263075
6939 202194
6730
29686
263321 263584
1103 513 25091 3257 8218
198290 2914
28138
20562
15605
20764 3216
8218
7575
202194
327995
42708
2500 2500
513
3216
57118
4637
4589
3257
12779
6667
11537 22388
6762
10429
196621 15576
2914
553
20612
1299 1280 62567
16347
198249
58308
263584
31122
50620
22388
31025
198385
9002
8283
25091
29222
6661
29608
15576 3303
3303
1280
14361
28917
62567
