#src/zombie.py
# GMT Mon Oct  1 04:51:54 2018
# 
29691 15576
49605 50304
59689 8218
6720 29208
37497 50304
41095 42708
12637 50304
15605 42708
395152 63297
29075 50304 58308
3333 50304
52888 1251
52720 37468
12956 28220 10429 5511
29208 3257 680 47147 6881 37271
16347 50304
25227 9002
8426 29608
20612 31424
12654 15562 6881 50304 29608
3491 2914
22652 1299
34019 29608
20764 8732 41722
3356 3549 51185 35054 5511 2914 1299
29608 5511 12350 13030
680
20080 2914 1251
3549 25933 5392
9002 39821 42708
50877 6762
2914 2497 19151 64050 42708 35699 1916 8607 6762 7575 15562 198290 6453
50304 136620 9304 56730 15576 31424 20562 25220 24482 23106 37239 8455 3267 25091 8283 8218 37468 15547 20932 6939 42708 1299 50300 8732 50763 30132 47692 8758 8896 12859 37100 15435 29140 49463 12779 34288 1103 30844 25160 39122 38001 8220 57111 48526 34177 58299 13237 6661
42708 198385 31025 8222 29686 52873 28917 3252 553 1836 6667
4637 1221 5511
6939 63297 202194
58308
28634 10429
202194
31025 12586
37468
63297
8455
47692
25220
8896
25152 3257
2895 3267
37100 327782
29222 3303
15435
51405 24611
6762 5511 5396
35699
15562
1103
5511 1280 3303
6881
198249 13030
8732
38001
31424
198290
24611 6661
29680 8220
8220
59891 136620
513 6830
19151
52873
8607
327782 327960
4608 1221
47147
5396
39821
48526
34177
20932
13237
28917
136620
12779
5392
196621 8758
8222
9304
1916
37271
6830 6830 1299
51185
15576 21232
1221
50763
20562
43578 1299
59414 13030 12307
3303
6667
23106
28220 28220
37239
24482
30132
327960
25091 6893
8283
6893 2613
8218
12307
3257 41497
262757 16735
15547
3252
553
2613
35054
7018 1299
6453
1299 31742 16735 14061 174 286
64463 174
50300
198385
41497
13030
64050
12586 57821
29686
12859
2497 4777
53070 10429
21232
49463
7575
34288
30844
1251
174
286
39122
25933
16735
3267 3267
41722
57821
31742
4777
1280
29140
57111
14061
8758
56730
1836
10429
58299
6661
25160
12350
