#src/zombie.py
# GMT Mon Oct  1 05:09:38 2018
# 
37468 3333
29691 6730
25933 8167
8447 6720 5413
35054 3303
3252 12859
3491 2603
57821 12586
62567 5413
24611 6661 51405
174 64396 51395 3257 47176 45896 2914
286 19151 1103 29222
198249 13030
28917 8455
22652 3257
25091 1103
45896
49605 5413
34177 12859
2914 35699 12859 198290 6453 14061
2500 2500 7660 4777
15435 1103
1299 3356 8455 47872 1280
12859 34288 1836 34019 24482 51185 29076 23106 198385 15605 1103 6695 31025 34781 25220 12654 30844 8222
1280
513 1103
37497 1103
202194 6939
37239 1103
16347 5413
29680 3257
15547 8455
24490 20965 7575
8167 7738
41497 3257
50300 5413
25227 8455
8218 59689 1103
16735 22548 2603 262757
2497 2603
12779 12654
5413 49463 29686 15623 1103 29140 4637 4589 42708 9002 13237 12654 41095 1764
51395 59891
262757
3356 20764 29608 3549
37271 327995 1103
12350 8455
7738 263321 12956
49463
29140
12586 31025
3257 8455 6453 25152
327995
47872
14361 2603
52863 6762
263584 263321
24482
8596 1764
48526 8455
12637 3333
15576 3303 196621
34019
34288
6661 3333
50304 2603
51185
58299 15623
23106
29076 2895
1221 4637 4608
15623
1103 2603 37100 20965 20932 29075 11537 12654
28220 12956
34781
28329 6762
20612 1836
1251 11537 52888
22548
31424 3333
9002 39821 41722 41617
2895
7575
64396
1836
20965 680
47176 25435
7660 22388
12956 52873 12654 10429
8283 3333
14061
3333 6762 6667 8426 12654
41722
11537 22388 1916
3549
9189 6695
198290
4637
52873 52720
20932
41095
29222
2603 553 13030 20080
37100 327782
59689
263321
327960 327782
4589
29686
9304 8455
51405
22388
29075
1916
6939 12654
25220
29608
41617
52888
5396 6762
8222
6762
6893 6730 2613
35699
59891
2613
198385
553
25152
1764
15605
42708 57381
8455 13030 3303 12654
196621
31025
6720
30844
25435
6667
327782
8426
39821
6730 12654
680
13030
5392 6453
6453
4608
13237
52720
6695
53070 10429
57381
20764
3303
19151
4777
12654
20080
10429
