#src/zombie.py
# GMT Mon Oct  1 03:47:37 2018
# 
1916 14840 22548 263584 262757 25152 24482 20080 13030 25933 6939 174 19151 12654 11537 28138 28220
22548
14061 2914
196621 8758
34781 13030
59891 51395
12654 52720 52863 53070
53070
8943 2914 50763
29075 58308 174
1836 20612 174
5396 6762
34288 13030
8468 3549
6461 6762 8218
7018 6762
3252 174
57381 50304
28220
3320 8222 6762 8422
16735 4809
8455 3257
57821 12586
57866 174 8283
30844 6939
50300 174
6893 2613 174
35054 3356
680 20965 553
16347 174
56730 51945
20932 174
51945 174
8607 2914
8758 174
2895 3267
29691 57118 174
8422 9189
20965 11537 1853 1103
20764 3356
1853 6720
28917 3356
7660 22388 2500
4777 2500
1221 4637 4608
6830 174 15547
29608 6453
49463 174
39821 9002
25160 174
286 8596 174 6762
13101 12586 174
30132 6762
45896 174
6453 36937 6762 29686 6453 8426
25220 1299
37239 36937
9189
28138
52720 28329
12637 174
13030 198249 31424 51395 58299
41497 174
25152
12859 2914
35699 174
8222
6720
36937
6939 202194
202194
41095 3356
50763
15435 1299
37271 327995 174
24482
4608
50304 174
47872 6762
262757
52863 4809 6762
3549 3356
51185 3356
8426
19151
3491 174
11537 11537 22388 513 7575
49605 1299
29140 2914
59689 8218
12350 174
8596
15547
2613
14840
28329
29680 174
3333 6762
12586
20080
22652 174
5392 174
25933
174 198385 4637 3257 6667 29222 2914 12779 1299 50620 64396 3267 15605
29686
58299
1103
2497 3356
13237 3257
15605
8218
7575
31424
51395
2500 2500
513
57118
4637
4589 2914
3257 31122
12779
6667
4809 3356 4809
6762 1299 2914 1280
3356
2914 34177 9002 25091
553
64396
20612
1299
34177
198249
58308
263584
31122
50620
22388
198385
9002
8283
25091
3267
29222
327995
1280
