#src/zombie.py
# GMT Sat Sep 29 14:28:53 2018
# 
12637 8218
41497 3257
3257 1299 5396 13237 25152 6762 6881 4637
64463 47692
29222 8218
34019 8218
41722 9002
29680 8220
20080 2914 1251
35369 12654
31025 12586 47692
16347 13237
8283 6453
1836 47692
262757 16735
30844 47692
12956 28220 3356 10429
29686 13237
25933 3549
49463 13237
20612 47692
39351 13237
35699 8218
39821 9002
3320 1299 8447
38001 13237
7018 1299
2895 29226
15562 2914
34177 13237
12586 57821
202032 47692
9304 13237
198385 47692
28917 47692
327960 327782
52320 23106 52863 47692
12859 13237
2613 13237
50763 13237
395152 63297
553 13237
12307 47692
37497 13237
14061 2914
52863
57821
286 13237
4637 1221
680 13237
50300 13237
58299 47692
40191 395766 1299
35054 1764
263584 263321
1251 52888
13760 6939
1916 2914
20562 13237
25152
6461 8218 22652 24482 19151 37271
3491 6453
56730 13237
28634 10429
52873 52720 47692
4777 2497
63297 6939
25160 8218
19151
61568 263321 6762
29075 47692
25091 47692
8426 13237
29608 13237
20764 3356
4766 64050 13237
6453 2497 47692
202194 47692
29504 47692
15547 13237
8222 13237
263321
1221 4608
57111 13237
9002 25227 13237
1103 13237
3252 47692
513 21320
5396
8220 12654
6939 13237
8455 1764
8218 1764 31742
15605 47692
29226 47692
25227
6881
4608
6720 8447
1764 12350 21232 8387 174
3549 3356
1280 3356
21232
31742
198249 47692
196621 8758
6667 13237
47147 12654 47692 2914 13237 1299
3356 47692 51185 2497
8758 47692
22652
1299 16735 43578
24482
37100 327782 13237
43578
198290 13237
41095 13237
53070 10429
8607 2914
47692 37468 30132 13030 12654 34288 15435 48526 31424 49605 59414 29691 59891 20932 12779 25220
50304 13237
30132
13030
52888
39122 13237
12654 21320 13237 8387
64050
8896 13237
37271
15435
48526
31424
29140 13237
13237 51405 2914 59689 49375 3333
10429
59891
12350
6762 2914 50877
50877
59414
29691
2497
23106
51405
2914 7575
16735
49605
59689
174 5392
34288
37468
52720
327782
25220
395766
21320
20932
5392
8447
51185
8387
12779
28220 28220
49375
7575
3333
