#src/zombie.py
# GMT Mon Oct  1 05:26:14 2018
# 
1916 19151
22548 16735
14061 19151
196621 15576
34781 13030
59891 51395
12654 6939 48526 25152
7575 19151
53070 10429
37239 36937
24611 51405 6661
29075 174
1836 174
5396 3257
34288 6939
8468 3549
25220 3257
263075 16397
7018 3356
2613 6893
25933 3549
7738 3257 263321
16735 262757 28138 25152
8455 3257
57821 12586
2603 19151 1103
30844 6939
6893 174
51185 3356
35054 3356
680 553 3356
56730 51945
20932 3356
6730 513 6730 19151
34177 3356
8607 3356
8758 6830
2895 3267
29691 57118 15576
8422 3356 9189
20764 3356
51405
1853 6720 1764
28917 1299
4777 2497
1221 4637 4608
6830 19151
29608 3356
49463 174
39821 9002
25160 174
286 1136 19151
1764 3257
19151 3356 43531 4637 2497 4589 6667 41095 19151 6461 13030 9002 25152 9304 174 1280 14361 62567
9044 20612 3257
6453 3356 36937
6461 8218
28220 6762
9189
12956 3356 10429
52720 3549
12637 174
13030 198249
41497 3257
25152 6939 20080 3257
12859 3257
35699 174
24482 174
64396 174
9304
36937
6939 47872 30132 202194 51395
202194
48526
41095
50300 5580
5580 3257
15435 3257
37271 327995 3257
8222 3356
4608
50304 57381 174
47872
262757
52863 4809
3549 3356 16397
43531 8596
8426 3356
16397
3491 174
12350 174
34019 30781
31424 3257
29140 3257
59689 8218
13237 3257
51395
8596
15547 3356
6661 174
28329 6762
29680 3257
3333 1136
6720
12586 3257
20080
22652 3257
5392 174
57381
58308 3356
51945 174
174 198385 12779 6762 16347 3252 50620 3267 198290 15605
29686 3257
263321 263584
1103
198290
28138
50763 8943
15605
8218
3252
262317 10429
327995
49605 3257
513
57118
4637
4589
3257 31122 15576
12779
1136
6667
4809 1299
29222 3356
10429
3356 1299 3356 2914 30781 8283 25091 6762
2914 8943
553
20612
1299
16347
198249
2497
263584
8943
31122
50620
30781
198385
9002
8283
25091
3267
6762
15576
30132
1280
14361
62567
