#src/zombie.py
# GMT Mon Oct  1 04:13:38 2018
# 
37468 37271
50620 6939
59689 6939
2857 6939
37640 6939
22548 6939
264911 6939
57821 6939
62567 6939
29208 35369 15685
43100 29608
286 42708
198249 6939
28917 6939
22652 6939
198290 6661
56730 50304
2914 42708
15435 6939
8455 42708
12859 6939
1280 1299
37497 6939
20080 6939
41722 6939
41497 6939
50300 50304
15685 6881
8218 6939
16735 6939
12779 50304
8607 6939
262757 6939
3356 3549 6939
37271 6939
4844 37989 6939
8763 6939
49463 6939
29140 42708
42708 6667 50304 8928 29686 3333 50763 9189 25220 31122
3257 1299
47872 50304
6881 12654
52863 6939
262317 6939
8596 6939
48526 50304
12637 6939
2497 6939
34019 29608
34288 50304
37989
50304 25091 1299 24482 12654 57381 1103 4589 29075 6939 9002 30844
58299 6939
29680 6939
1103
50763
23106 6939
34781 6939
28329 3549
20612 6939
28571 1916
202032 6939
9002 41617
7575 6939
64396 6939
1836 6939
49605 6939
13030 29608
1853 6720 6939
8758 6939
16347 29608
8283 1299
14061 6939
3333
8928
3549
263075 6939
41617
263651 6939
52720 6939
202194 6939
25160 6939
29686
9304 6939
51405 6939
29636 6939
29075
1916 6939
6939 31424 198385 53067 5396 6762 2613 263152 25152 15605 196621 8426 59891 1273 53070 553 20764 19151 37239 15547
25220
29608 6661 12654
6661
5396
6762
31424
25091
59891
2613
263152
198385
57381
25152
15605
20764
1299 7018 680 6453
196621
53067
6720
30844
9189
7018
6667
24482
8426
680
6453
31122
35369
1273
53070
553
4589
19151
12654
37239
15547
