#src/zombie.py
# GMT Fri Sep 28 17:28:31 2018
# 
1273 6939
16735 6939
6453 6939
513 13030
50300 13030
28571 6939
1280 6939
15435 13030
31122 13030
30844 13030
202032 6939
1103 13030
263075 6939
12859 6939
8928 6939
31424 6939
29680 6939
8455 6939
29140 13030
7575 6939
9304 13030
53067 6939
19151 13030
1764 3320 1853
62567 6939
8607 13030
7018 6939
28329 6939
8763 6939
59891 6939
57118 6939
14061 6939
20932 13030
2613 6939
56730 6939
5396 6939
50763 13030
20764 6939
8283 13030
13030 2914 12654 42708 15547 8758 2497 24482 48166 9189 1853 25220 48526 29636 25091 1299 16347
8758 196621
2497
48166
25152 6939
35369 174
6762 6939
25091
8426 6939
50304 57381 6939
37497 6939
262317 6939
174 1299
263651 6939
59689 6939
263674 6939
49605 6939
20612 6939
553 680
29075 6939
50620 6939
680 6939
28917 6939
12654 6939
58299 6939
6720 1853
29691 6939
15547
198290 2914
6881 6939
9002 6939
196621
1853
52720 6939
64396 6939
37239 6939
9189
3257 1299
20080 6939
34781 6939
48526
6939 29686 34288 47872 57821 1836 22652 49463 29608 51405 2857 34019 8218 53070 198249 198385 1916 4844 37640 264911 15605 41497 202194 12779 262757 263152 3320 25160 8596 286 4589 3333 37271 6667 52863
47872
57821
37640
57381
1836
22652
202194
8596
49463
198385
29686
29608
51405
2857
34019
16347
42708
8218
53070
37271
198249
1916
4844 37989
34288
264911
1299
24482
15605
2914
41497
25220
12779
263152
3320
37989
25160
29636
286
4589
3333
6667
262757
52863
