#src/zombie.py
# GMT Mon Oct  1 05:33:28 2018
# 
29691 6939
49605 9002
59689 20764
6720 6939
37497 6939
12637 9002
262317 6939
56730 20764
39351 20764
15605 9002
395152 14007
29075 20764
3333 20764
52888 1916
52720 6939
12956 28220 10429 9002
25220 20764
16347 20764
25227 20764
45896 6939
8426 6939
20612 1836
3491 9002
202194 6939
34019 6939
20764 37468 29686 34288 22356 12859 51405 50763 1103 30844 12654 6939 39122 2895 29140 41722 25091 8283 8222 15547 3356 29608 47147 39821 2613 34177 198290 13760 28917 20932
3356 3549 9002 7018 1280 35054 41095
29608
680 9002
20080 6939
3549 25933
9002 553 196621 9304 37271 51185 20562 6667 23106 3257 19151 13030 8218 2914 6453 4230 50300 31424 41497 30132 47692 8758 15435 21232 1836 12350 35699 12654 286 2497 29680 12779 21320 59414 8607 14061 8455 5396 52320 48526 13237 852
50877 6939
2914 64050 15562
6939 4608 264911 263075 43578 24482 263152 327960 22652 202032 28929 3252 50304 64463 37640 198385 53067 8896 37239 49463 29222 57821 57381 29504 6762 7575 25160 38001 59891 16735 31742 5392 1916 57111 263508 14840 35369 58299
4230 262757
286
20932
28634 22356
37468
264911
53067
47692
8758
8896
25152 3257
25933
49463
29222
57821
51405
29504
6762
35699
15562
1103
12654
6881 3257
198249 13030
38001
31424
50304
29680
14840
59891
5392
21320 513
19151
8607
47147
37640
5396
39821
48526
34177
4777 2497
28917
852 14007
12779
513
196621
8222
9304
1916
37271
263075
41095
51185
35369
4608
20562
43578
59414
6667
263152
23106
28220 28220
37239
24482
30132
327960
25091
8283
8218
202032
3257
3252
15547
22356
553
2613
35054
198290
6453
64463
8455
50300
198385
41497
13030
64050
29686
50763
12859
28929
2497
53070 10429
21232
57381
12350
7575
34288
30844
14007
262757
25160
39122
52863 52320
2895
16735
41722
15435
31742
13237
1280
29140
57111
22652
14061
7018
263508
52320
1836
10429
58299
13760
