#src/zombie.py
# GMT Mon Oct  1 04:16:26 2018
# 
52873 52720 12956
1916 19151
22548 16735
14061 19151
34177 3356
34781 13030
59891 51395
12654 12654 6939 15547 19151 9002
25160 9002
37239 36937
24611 51405 6661
29075 58308 9002
1836 20612 9002
5396 9002
34288 6939
8468 9002
56730 51945
7018 2914
3252 9002
21320 513 9002
7738 19151 263321
16735 262757 28138 19151
8455 9002
57821 12586
57866 8283 9002
30844 9002
6893 2613 25091
35054 3356
3356 20764 29222 29608 9002 25220 3549 8222 22652
20932 9002
51945 9002
16347 8218
8758 9002
2895 3267
48526 9002
8422 9189 9002
20764
51405
1853 9002
263321 263584
4777 2497
1221 4637 4608
29608
49463 8218
39821 9002
53070 10429
286 9002
30132 9002
19151 7575 2497 4637 20080 13030 9304 41095 174 1280
8943 2914 50763
6453 36937 9002
25220
28220 12956
9189
12956 10429 9002
41497 9002
12637 9002
13030 198249 58299
20562 9002
52720
25152 3257
12859 9002
35699 9002
8222
64396 174
9304
36937
49605 9002
202194 6939
29691 57118 6730
41095
50300 9002
15435 9002
37271 327995 9002
24482 9002
4608
58308
50304 42708
47872 9002
262757
52863 6762
50763
3549 25933 16397
51185 9002
8426 9002
45896 174
16397 263075
3491 9002
12350 9002
31424 9002
29140 9002
59689 8218
13237 9002
51395 9002
8596 9002
15547
6661 9002
28329 6762
29680 9002
9002 9002 15605 4589 5392 680 29686 1103 6730 8218 42708 2497 3257 12779 1136 6667 196621 2914 8607 31122 6720 25091 12586 62567
6730
12586
20080
22652
5392
57381 42708
263075
6939
174 198385 3267 50620 198290
29686
58299
1103
198290
28138
25933
15605
8218
7575
327995
42708
513
57118
4637
4589
3257 28917
12779
1136 3333
6667
29222
10429
196621
2914 6762
553 680
20612
8607
198249
2497
263584
2613
31122
50620
680
198385
3333
8283
25091
3267
6762
6720
1280
28917
62567
