#src/zombie.py
# GMT Mon Oct  1 04:00:46 2018
# 
263584 263321
263321 61568
49605 9002
59689 20764
37497 6939
34288 20764
262317 6939
395152 63297
264911 6939
202032 6939
3333 20764
263075 6939
52720 6939
12956 28220 10429 9002
25220 20764
16347 20764
25227 20764
45896 6939
29691 6939
8426 6939
3549 3356
20612 1836
3491 9002
22652 6939
20764 13030 56730 15547 22356 29686 51405 553 29075 49375 30844 12654 6939 39122 2895 39351 41722 25091 8283 8222 29140 3356 29608 47147 39821 2613 34177 198290 13760 28917 20932
3356 9002 6762 7018 1280 35054 41095
29608
680 9002
20080 6939
3252 6939
9002 37468 196621 9304 31424 47692 8758 21232 12350 35699 13030 12654 6667 37271 23106 2497 19151 29680 12779 21320 8218 59414 3257 8607 40191 48526 52320 1836 2914 286 4230 50300
56730
2914 64050 15562 6762
50304 6939
4230 262757
6939 51185 4608 12307 43578 24482 263152 34019 327960 37640 202194 64463 263508 198385 63297 53067 8896 59891 49463 29222 57821 29504 7575 25160 38001 25933 16735 31742 1916 52873 57111 14061 263651 14840 58299
20932
28634 22356
202194
37468
63297
53067
47692
8758
8896
25152 3257
25933
49463
29222
57821
51405
29504
7018
35699
15562
52888 1916
12654
6881 3257
198249 13030
38001
31424
39351
29680
14840
59891
513 21320
21320
52873
8607
47147
37640
6762 61568
39821
48526
34177
4777 2497
28917
12779
196621
8222
9304
1916
37271
41095
51185
4608
61568
43578
59414
6667
263152
23106
28220 28220
29075
34019
19151
327960
25091
8283
8218
12307
49375
3257
262757
15547
395766 40191
22356
553
35054
198290
64463
50300
198385
40191
13030
64050
29686
24482
2497
53070 10429
21232
12350
7575
30844
286
39122
52863 52320
2895
16735
41722
263651
31742
1280
29140
57111
14061
2613
263508
52320
1836
10429
58299
13760
25160
