#src/zombie.py
# GMT Mon Oct  1 08:12:51 2018
# 
1273 6939
286 9002
1103 20764
29686 20764
12859 20764
49463 20764
28329 3549
8758 6939
20932 20764
29680 6939
37271 6939
16347 20764
198290 20764
50763 20764
56730 9002
9002 2914 31122 680 8928 198385 6720 41497 6695 3333 8596 15605 8607 35369 41722
15605
8359 6939 41617
4589 20764
20612 6939
24482 20764
8607
202032 6939
12654 25091 20764 41722
31122
553 6939
57381 6939
6720
29075 20764
29608 20764
58299 6939
15435 6939
198385
51405 20764
41617
1280 3356
25160 6939
12389 6762 41722 13030 6453
34288 20764
43100 20764
6881 6939
8426 6939
1836 20764
29140 20764
513 21320
12637 20764
15547 6939
1251 28571 6939
2613 20764
28571
6453
59891 6939
25152 6939
6667 20764
34781 6939
28917 20764
3257 174
196621 6939
8596
25091
35369
198249 6939
50620 6939
6762
12779 20764
20764 49605 48526 3356 174 6939 8455 30844 59689 25220 50300 34019 8218
47872 41722
680
25220
21320 6939
8218
31424 6939
3333
50304 6939
64396 6939
41722
29636 6939
8763 6939
57821 6939
48526
202194 6939
49605
3356 3549
174
6939 5396 2857
8455
9189 6695
3549
8928
30844
2914 7575
7575
6695
59689
41497
50300
5396
2857
34019
13030
