#src/zombie.py
# GMT Mon Oct  1 04:03:56 2018
# 
1916 11537
22548 3549
14061 2914
34781 25220
39326 5413 51945
8447 6720 12654
1251 52888 20080
25160 25220
3491 2914
29075 25220 58308
30844 5413
5396 6762
6777 8426 25220
8468 5413
56730 51945
3252 25220
7738 6762 263321
16735 28138 6762
59891 51395
8455 20562
174 680 64396 50620
29680 3257
34177 25220
1836 25220 20612
6893 2613 25091
35054 3356
680 20965 680 12874 12654 49605 9002 8596 48526 8218
6730 5413 29691
16347 25220
8758 6830 196621
2895 29076
29691 57118
20965 11537 1853 1103 513 24490
3356 20764 25220 19151
51405 24611
52888
1853
263321 263584
6830 12654
5413 13030 41095 9002 12654 8607
49463 25220
13030 198249 25220 58299 2914
53070 10429
286 2914
30132 25220
19151
6453 2914 6762 5392
25220 31424 20932 198385 51185 12350 3257 28917 12637 34019 12654 13237 15547 6661 31122 12859 24482 20080 25091 9304 29076 50763 15435 20562 35699
28220 6762
12956 6762 10429
34019
12637
39821 9002
41497 3257
25152 3257
12859
35699
24482
6720
9304
6939 51395 202194 12654
29076
48526
41095
50763
15435
52720 3549
263584
202194
24611 6661
20932
3549 6762
51185
8426
12874 15605
13237
49605
59689 8218
12350
24490 7575
15547
2914 12654 8283 6762 3303 198290 62567 2497
6661
28329 6762
8596
9002
20080
5392
25933 6762
58308
51945
58299
1103
198290
28138
20562
15605
20764
8218
7575
262317 10429
31424
51395
513
57118
3257 14361
12779 12654
11537
6762 6762 12654 1280
10429
196621
12654
64396
20612
8607
198249
2497
2613
31122
50620
198385
8283
25091
29222 3303
3303
1280
14361
28917
62567
