#src/zombie.py
# GMT Mon Oct  1 05:16:14 2018
# 
1916 2914
22548 16735
14061 2914
196621 15576
34781 13030
59891 51395
2914 12637 2497 12859 50300 51945 8943 6762 174 2914 198290 16347 35699 1299 62567 8607
25160 3356
49605 3356
2603 2497 1103
24611 51405 6661
29075 6453
8943 50763
5396 3257
8220 2497 8758 15547
8426 3356
701 2497 701 12956 702
8468 3549
25220 3356
7018 2497
7575 2497
57381 50304
30781 2497 59689
3320 513 2497 3320 8222
16735 2497 262757 28138
8455 3257
702 3252
34177 3356
30844 6939
50300
6893 2613 6730
35054 3356
680 553 3356
56730 51945
37239 36937
6730 2497 29691
16347
8758
2895 3267
29691 57118
8422 3356 9189
20764 3356
51405
57821 12586
1853 3356 6720
263321 263584 7738
4777 2516
1221 4637 4608
1103
49463 8218
39821 9002
53070 10429
286 2497 8596
30132 6939
19151 2497
3252
6453 36937 2497 24482 57866 5392
6461 2497 8218
28220 3549
9189
12956 10429
52720 3549
12637
13030 198249 2497 31424 51395 58299 1836
41497 3257
25152 1273
12859
35699
8222
6720
9304 2497
36937
6939 202194 2497
202194
57866 8283
41095 2497
50763
15435 3257
37271 3356 327995
24482
4608
58308 3356
50304 1299
47872 3356
262757
52863 6762
3549 25933 3356 45896 16397
51185 3356
64396 174
16397 263075
3491 2497
1273 2497 3333
15547
12350 174
327995
29140 3257
20932 3356
59689
13237 3257
51395
8596
34288 3257
6661 2497
28329 6762
48526 2497
2613
7738 2497
3333
31424
12586 3257
20080 6762
22652 3257
5392
25933
263075
51945
174 50620 15605 12779
29686 3257
58299
29608 3356
198290
28138
15605
2516 2497
8218
198385 41562
1836 20612
45896
513
57118
4637 2497
4589 2497
3257 2497 29680 31122
41562 15576
6667 2497
29222 3303
10429
3356 3356 3267 2497 25091 15576
12654 2497
553
20612
1299 28917
12779
8607
198249
2497 9002 3303 1280 14361
263584
29680
31122
50620
9002
8283
25091
3267
6762
15576 3303
3303
1280
14361
28917
62567
