#src/zombie.py
# GMT Mon Oct  1 05:18:44 2018
# 
263321 263584 61568
6762 61568 174 5396
6720 1853
15605 12874
14907 2914
29075 35054
202032 35054
3333 1103
1103 513
20612 35054
29226 2895 9002
6894 2603
3491 174
22652 174
3356 3549 174
680 20965
49605 35054
3549 52720 25933
198290 174
31424 35054
47692 35054
8758 35054 196621
8896 174
11537 1251 11537 293
28634 10429
14007 395152 6939
51405 24611
35699 174
12654 15547 35054 513 3303
38001 174
39351 174
29680 8220
8220 35054
2603 205206 37271 21320 29686 37100 6667 8426 8607 29140 3252 34177 28917 12779 48526 25220 50304 13101 8283 286 25160
559 553 513
513 513 293 13030 174 20965 6830 25091 21320
12874 3303
52873 12956
8607
327782 37100 327960
39821 9002
34177
28917
5392 174
196621
9304 174
4637 1221 174
6830 39122 2497 59689 41095 12859 20764 3257 15435 47147 3320 2914 15935
1221 4608
4608
61568
43578 174
6667
23106 52320
25091
6893 2613 6730
3257 174 41497 12586
3252
35054 29691 198385 34288 202194 21232 12350 24482 198249 6939 59891 8218 59414 9002 12307 1836 58299 13237 64463 6730
15935 29504
13101 34549
1299 8943 174 49375
198385
40191 174 395766
1916 27750
20965 27750 1853 21320 24490
29686
12859
53070 10429
21232
51945 56730 174
2895
1251 52888
174 12956 37497 12637 51185 37468 7018 16735 19151 31742 50877 52320 2914 6453 50300
6939 25152 13760 1280
8943 50763
25933
16735 262757 266534
31742
4777 2497
8222 3320
59414
14061 6453
3320
12779
35369 8218
58299
13760
25160
12350
263584
553
59689
37497
12637
266534
395152
52720
25220
16347 8218
25227 9002
29691
20764
24490 7575
8426
20080 2914
9002 41722
50877
2914 15562 64050
50304
56730
286
50763
30132 21320
202194
25152
59891
49463 8218
57821 12586
6730
7018
15562
52888
6881 21320
198249
24611 6661
21320 8455 30844 6661
47147
27750
5396
48526
13237
12956 28220 10429
293
34549
37271
41095
51185
37468
24482
3303
49375
28220 28220
19151
8455
327960
8283
8218
12307
262757
15547
395766
6453
205206
64463
50300
41497
13030
1853
64050
12586
37100
7575
34288
30844
39122
52863 52320
2497
41722
15435
1280
29140
2613
52320
1836
10429
6661
29504
