#src/zombie.py
# GMT Mon Oct  1 05:53:26 2018
# 
263584 263321
263321 28329
49605 50304
4608 1221
59689 8218
6720 29208
37497 50304
41095 29208
12637 50304
266534 16735
15605 29208
14907 50304
29075 50304
3333 50304
52888 1251
52720 37468
12956 28220 10429 5511
29208 198385 31025 8222 37271 52873 3257 3252 47147 9002 680 29686 1836 6881 24482 35369 29226 553
16347 50304
25227 9002
29226 2895
6894 50304
8426 29608
31025 12586
3491 2914
22652 1299
20764 8732 41722
3356 3549 35054 2914 5511 1299 51185
29608 34019 5511 12350 13030 12654
680
20080 2914 1251
3549 25933 5392
9002
50877 6762
6881 12654
50304 136620 9304 56730 15576 37468 20562 50763 6667 23106 25220 8455 25091 8283 8218 49375 15547 20932 6939 8758 50300 8732 31424 30132 47692 205206 8896 12859 37100 15435 29140 49463 12779 34288 1103 30844 12654 6661 25160 39122 38001 8220 57111 1299 52320 48526 34177 58299 13237 28917
56730
6939 202194 13760 14007
20932
28634 10429
202194
12654 15562
50763
205206
13760
30132
47692
8758 196621
8896
25152 3257
25933
37100 327782
29222 3303
57821 12586
51405 24611
6730 2914 6893
7018 1299
35699 2914
15562 2914
1103
5511 6762 4637 1280
2914 28329 2497 19151 64050 6453 1916 8607 14061 6762 7575 198290 3303
198249 13030
8732
38001
31424 20612
24611 6661
29680 8220
8220
59891 136620
513 6830
19151
52873
8607
327782 327960
395152 14007
6762 5396
1251
5396
39821 28917
48526
34177
13237
28917
136620
12779
5392
196621
9304
8222
37271
6830 6830 1299
51185
15576 29691 21232
1221 4637
37468
20562
49375
43578 1299
59414 13030 12307
3303
20612
23106
28220 28220
34019
6893 2613
25220
8455
327960
25091
8283
8218
12307
6667
3257 41497
262757 16735
15547
395766 40191
4637
553
47147
35054
198290
6453
1299 31742 16735 40191 174 286
64463 174
50300
28329
198385
40191
41497
1916
13030
64050
12586
29686
24482
12859
2497 4777
53070 10429
21232
49463
7575
34288
30844
14007
174
35369
286
39122
52863 52320
2895
16735
41722
15435
31742
4777
29691
1280
29140
57111
14061
2613
52320
1836
10429
58299
3252
6661
25160
12350
