#src/zombie.py
# GMT Mon Oct  1 04:52:10 2018
# 
29691 6939
328206 6939
49605 553 28917 3333 41722 25091 56730 8896 3356 8283 15576 21232 202032 9002 20495 12654 8758 6939
59689 6939
6720 1853
34288 6939
262317 6939
39351 6939
29636 6939
15605 12654
553
29075 6939
202032
3333
52888 1916
52720 6939
25220 12779
16347 57111
680 6939
20612 6939
3491 6939
22652 6939
34019 6939
20764 6939
3356 3549
29608 6939
8426 6939
20080 6939
3549 263702
9002
20495
4844 37989 6939
2914 15562 12779
6939 9304 1916 37271 7575 263075 31424 64463 49375 24482 6667 263152 23106 37239 1251 1853 8218 12307 28634 202194 6881 6453 50620 263508 58299 37468 41497 13030 53067 47692 29686 1273 12859 264911 22548 53070 19151 29504 7018 48526 262757 30844 12654 198249 25160 31122 38001 2497 16735 29680 15435 31742 59891 513 1280 59414 8607 14061 6762 37640 5396 52320 1836 35369 2857 57821
56730
20932 12779
58299
202194
37468
8455 12779
53067
47692
8758
50877 57111
25152 3257
59891
49463 57111
15435
51405 57111
1836
29504
7018
15562
1103 57111
12654 12779 57111
43100 57111
6881
198249
1273
31122
38001
50304 57381 57111
29680
513
19151
8607
47147 12779
37640
5396
48526
50300 57111
4777 2497
28917
263702
196621 15576
9304
1916
37271
263075
15576
31424
264911
59414
6667
263152
23106
37239
24482
25091
8283
50620
8218
12307
49375
3257 12779
262757
15547 57111
198290 57111
6453
64463
6762
198385 57111
8896
41497
13030
1853
29686
28571 1251
50763 57111
12859
22548
53070
21232
57381
28634
7575
30844
1251
286 12779
39122 57111
52863 52320
2497
16735
37989
41722
57821
31742
1280
29140 12779
57111 2613
14061
2613
263508
52320
12779
35369
2857
25160
