#src/zombie.py
# GMT Mon Oct  1 06:02:21 2018
# 
52873 52720 12956
1916 174
22548 16735
14061 3356
7018 3356
34781 20764
59891 51395
12654 3252 20764 41095 12654 9002 25091
25160 9002
34177 20764
553 680
47872 20764
29075 58308 41095 9002
1836 20612 9002
5396 9002
8426 41095
34288 20764
8468 20764
56730 20764
20932 20764
2613 6893
21320 513 9002
7738 41095 263321
16735 41095 262757 28138
8455 9002
57821 12586
57866 8283 9002
30844 20764
6893 25091
35054 3356
680 9002
16347 20764
3252 174
37239 36937
6730 29691 9002
8607 9002
8758 9002
2895 20764
29691 57118
20764 198385 50304 42708 49463 28917 6667 34019 49605 29140 37497 6661 12637 6695 50300 25220 15547 3216 1103 15605
51405 24611
1853 9002
263321 263584
4777 2497
1221 4637 4608
29608 3356
49463
58308
53070 10429
286 9002
30132 9002
45896 41095
6453 3356 24482 36937 9002
25220
28220 12956
9189 6695
12956 10429 9002
34019
12637
13030 198249 41095 58299
41497 9002
25152 3257
12859 9002
35699 9002
8222 3356
6720 9002
37497
9304 9002
36937
49605
202194 6939
48526 9002
50300
15435 9002
52720
37271 327995 9002
24482
4608
6695
50304
24611 6661
262757
52863 6762
50763 9002
3549 25933 3356 6762
51185 9002
64396 174
19151 41095
3491 9002
13237 9002
31424 9002
29140
59689 8218
12350 9002
51395 9002
8596 9002
15547
6661
3216 3216 6762
28329 6762
29680 9002
3333 41095
12586 9002
20080 9002
22652 41095
5392 9002
25933
6939 9002
174 198290 50620
29686 9002
58299
1103
198290
28138
20562 9002
15605
8218 9002
198385
57381 42708
42708
513
57118
4637 41095
4589 9002
3257 9002
12779 41095
6667
41095 3356 3303 14361 2497
10429
3356 1280 2914
2914 9002
196621 9002
20612
7575 6762
198249
2497 9002
263584
31122 9002
50620
9002 62567
8283
25091
6762
62567
327995
3303 29222
1280
14361
28917
29222
