#src/zombie.py
# GMT Sat Sep 29 12:49:37 2018
# 
19151 1916 2914 22356 25152 174 9002 6667 14061 22652 6939 45896 7575 52320
41497 3257
3257 31122 12859 34549 25152 1764 49605 8455 29680 39392 48526 31742 29140 15576 50300 29686
34019 3303
41722 9002
12637 2914
20080 1251 25152
1853 1764 6720
16347 8218
8283 1273
1836 174
262757 16735
30844 6939
12956 1273 10429
29686
49463 6939
9304 6939
15435 6939
20932 1299
38001 6939
59414 13030
15562 2914
7018 1299
202032 6939
553 1299
198385 6939
28917 6939
45896
29075 1299
52320 23106
1273 14907 3303 2603 13030 25152 3491 286 3356 2497 37271 1299 6939 8218 6762 6453 3333
12859
2613 6939
15605 3356
263075 6939
12307 6939
14061
264911 6939
52863 6762
57821 6939
286
37640 6939
680 1299
51405 6939
29680
22548 16735
50300
58299 6939
35369 13030
1251 28571
29636 174
37989 4844
1916 52888
50763 8943
4844 2914
25152 16735 12654
3491
56730 3356
198290 2914
52873 3549
263152 6939
34288 1299
25160 174
39392 29504
42525 205206 6939
6720
25091 2914
28634 22356
29608 6453
39122 3356
20764 6939
25220 6939
202194 6939
29504
14907
15547 6939
3303
52720 37468
57111 174
9002
1103 2914
513 21320
6939 29691 64463 8896 39351 59891 20612 6939 198249 47692 6881 262317 59689 50620 37239 8607 53067
8455 20495
8218
50620
6881
31122
1764
3549 263702 3356
8943 2914
1280 2914
21232 15576
31742
198249
196621 15576
6667
47147 1299
3356 8426
22652
1299 50304
205206
24482 174
266534 16735
4777 2497
53070 10429
34549
8607
50304
13030
52888
64463
12654 37468
8426
8896
37271
262317
48526
20612
29140
2603 21320
10429
59891
263702
6762
50877 174
47692
29691
2497
23106
2857 174
28571
2914
16735 263508
49605
59689
174 12779 6894
20495
37468
12779
37239
6453 6453
263508
21320
22356
15576
39351
53067
6894
7575
3333
