#src/zombie.py
# GMT Mon Oct  1 03:45:00 2018
# 
1916 2914
22548 3549
14061 2914
7018 3356
34781 20764
26615 6762 16397
59891 51395
12654 20764 47872 9002 3303 12654 6939
25160 9002
57866 8283 9002
553 680
24611 51405 6661
29075 58308 9002
1836 20612 9002
5396 9002
34288 20764
8468 9002
56730 20764
2613 20764
57381 42708
7738 12956 263321
3320 8222 47872
16735 28138 6762 12956
8455 9002
57821 12586
34177 20764
30844 20764
680 9002
3252 20764
37239 36937
16347 20764
8758 9002
2895 20764
29691 57118 15576
20764 20764 50304 42708 198385 49463 34019 29140 25220 15547 6661 39821 6695 25091 174 28917 50763
51405
1853 9002
263321 263584
4777 2497
1221 4637 4608
29608 3356
49463
39821
53070 10429
286 9002
30132 9002
19151 9002
6453 36937 24482 9002
25220
28220 6762
9189 6695
12956 47872 10429 59689
34019
12637 9002
13030 198249 58299 9002
41497 9002
25152 6939
12859 9002
35699 9002
8222
64396 174
9304 9002
36937
6939 202194
202194
48526 9002
50300 9002
15435 9002
52720 3549
37271 327995 9002
24482
4608
6695
50304
47872 6762 3549 62567
52863 4809
50763
3549 25933 6762
51185 9002
8426 9002
16397 263075
3491 9002
49605 9002
29140
59689
13237 9002
51395 9002
8596 9002
15547
6661
53067 10429
28329 6762
29680 9002
9002 2914 4589 29686 20080 5392 1103 20562 15605 8218 3356 31424 4637 2497 3257 12779 1136 196621 8607 14361 31122 6720 12586
6720
12586
20080
22652 3356
5392
25933
58308
174 50620
29686
58299
1103
198290 2914
28138
20562
15605
8218
7575 6762
262317 10429
31424
42708
263075
57118
4637
4589
3257
12779
1136 3333
4809 1299
41095 3356
10429
3356 1280
2914 1299
196621
20612
1299
8607
198249
2497
263584
31122
50620
198385
3333
8283
25091
6762
15576 3303
327995
3303
1280
14361
28917
62567
