#src/zombie.py
# GMT Mon Oct  1 03:46:36 2018
# 
29691 6939
328206 6939
49605 20764
59689 20764
6720 9002
12637 20764
262317 6939
29636 6939
15605 9002
553 6939
29075 20764
3333 20764
52888 1916
52720 6939
20612 6939
16347 20764
45896 9002
2857 6939
680 9002
3491 6939
22652 9002
34019 20764
20764 198385 37468 8455 29686 12859 49463 15576 51405 50763 1836 34288 1103 30844 12654 174 25220 6939 29608 24482 29140 13030 8283 12779 8218 3356 57111 48526 15547 2613 39351 20495 47147 198290 28917
3356 3549 1280 7018
29608
8426 6939
20080 6939
3549 263702
9002 6667 31122 31424 41497 47692 8758 286 39122 2497 50300 41722 59414 8607 2914 50304 6453 56730 20932
20495
15547
2914 15562
50304
56730
286
20932
202194 6939
37468
8455
53067 6939
47692
25220
50877 6939
25152 6939
59891 6939
49463
15435 6939
51405
29504 6939
7018
15562
1103
12654 41722 25091
6881 6939
198249 6939
1273 6939
31122
38001 6939
39351
29680 6939
513 6939
19151 6939
52873 6939
8607
47147
37640 6939
5396 6939
48526
50300
4777 2497
28917
263702
12779
196621 15576
9304 6939
1280
37271 6939
263075 6939
15576
31424
264911 6939
57111
6667
263152 6939
23106 6939
37239 6939
24482
25091
8283
8218
202032 6939
3257 174
262757 6939
4844 37989 6939
198290
6453
8758
64463 6939
6762 6939
198385
8896 6939
41497
13030 35369
50620 6939
29686
28571 1251
50763
12859
22548 6939
53070 6939
21232 6939
57381 6939
28634 6939
7575 6939
34288
30844
1251 6939
174
6939 25160 2497 16735 31742 1916 14061 263508 52320 58299 57821
39122
52863 52320
2497
16735
37989
41722
57821
31742
1916
29140
59414
14061
2613
263508
52320
1836
35369
58299
25160
