#src/zombie.py
# GMT Sat Sep 29 16:17:08 2018
# 
12637 174
41497 6939
3257 174
6830 1273 513 8365 553 39122 1836 6774 47147 6453 2497
34019 2603
24490 20965 7575
6774 328145
41722 20764
29680 174
20080 6939
1853 20965 6720
49605 6939
1836
262757 16735
30844 6939
12956 6939 10429
29686 6939
49463 6939
20612 6939
39351 6939
38001 6939
6720
59414 13030
15562 2914
7018 174
202032 6939
9304 6939
19151 174
28917 6939
29075 6939 15576
52320 23106 52863 6939
1273
12859 2603
2613 6939
15605 12874
263075 6939
553
12307 6939
20965 21320 680 513
14061 1299
264911 6939
52863
57821 6939
2603 31122 50304 29636 37271 6667 12779 286 25160 21320 29140 8426 24482 8283 8943
37640 6939
680
51405 6939
22548 6939
50300 6939
58299 6939
29636
37989 4844
1916 28571 6939 52888
50763 8943
4844 6939
25152 6939
3491 174
56730 51945
28634 22356
59689 6939
34288 13030
25160
51945 6939
35369 13030
25091 12654 513 6939
8426
29608 6453
20764 6939
25220 6939
202194 6939
37468 52720 6939
15547 12654
328145 328206
198385 6939
57111 174
9002 21320
1103 513 3333
513 21320 6939 513 12654 174 13030
5396 6939
6939 6939 263152 59891 262317 1280 50620 49375 16347 8607 22356 64463 8896 15435 48526 12874 31424 29504 47692 29691 16735 20495 263508 31742 53067
8455 21320
8218 21320
328206
263702 18747
50620
6881 21320
31122
39122
8607
8943
1280
21232 13030
31742
198249 13030
196621 15576
6667
47147
18747 174
16347
22652 174
1299 174
24482
198290 6661
4777 2497
53070 10429
262317
29504
50304
8365 2857
13030
52888
64463
12654
8896
37271 37239
15435
48526
12874
31424
29140
286
10429
59891
8283
6762 174
50877 174
47692
29691
2497
23106
2857
28571
2914 174
16735
6661 21320
174 6453
20495
52720
37239
6453 6453
263508
21320
263152
22356
15576
12779
53067
49375
7575
3333
