#src/zombie.py
# GMT Mon Oct  1 05:44:48 2018
# 
37468 37239 174
29691 13030
25933 52720
8447 6762 6720
35054 3356
3252 174
3491 6762
14840 52720
57821 12586
1836 13030 20612
24611 6661 51405
174 64396 6893 47176 12350 49463 51395 3257 28917 22652 1916 25160 5392 3267 12637 198385 20764 6661 12779 1764 13101
8455 3257
198249 13030
28917
13237 2914
4777 2500
45896 3356
56730 3356
49605 3356
34177 12956
1916 24482 51185 27750 23106 9304 25152 28329 6939 11537 13030 19151 12654 1916
31424 13030
15435 1299
9189 25074
12859 2914
1280 6762
513 20965
202194 6939
20080 6762
16347 2914
3267 2895
13101 12586
15547 1299
1764 8596
41497 6762
50300 2914
25227 1299
8218 6461
16735 4809
12779
8607 2914
3320 6762 8222
51395 59891
262757 52863
3356 6762 8426 14361 14061 15605 25074 3549 47872 25220 29608 9002 41095
37271 6762 327995
12350
22388 11537 7660
49463
2500 2500 7660
3333 6762
12586
3257
327995
47872
52863 6762 12654 4809
263584 52720
50304 1299
8596
48526 1299
12637
2497 2914
34019 12956
34288 13030
6661
12307 59414
51185
8928 6762 29680
58299 13030
28220 52720
1221 4637 4608
1103 11537
27750 20965
23106
47176 25435
28329
20612
680 20965
22548 52720
14061
6830 6762 8758
9002 39821 2914 41617
2895
7575 11537
64396
62567 6453
20965 11537
13030 59414
7660
8758 196621
12956 25091 59689 10429
8283 6762
41617
35699 2914
41722 20764
286 6762
4637 6762
3549
198290 2914
11537 11537
8426
20932 1299
41095
59414
37100 6762 327782
59689
25160
327960 327782
4589 2914
29686 6453
9304
51405
24482
25074
29075 6762 58308
2914 6762 29140
6939 30844
25220
29608
29222 3303
5396 6762
8222
6762 7018 1299 30132 6453 6461 3303 1273
6893 2613
25091
59891
2613
198385
553 1299
22652
25152
29680
15605
42708 1299 57381
1299 8943
58308
196621
50763 8943
29140
6720
30844
25435
7018
6667 1273
327782
30132
39821
14361
1273
5392
6453
4608
52720 4809 12654
8943
6461
53070 12654
57381
20764
3303
19151
4809 10429
12654
37239
10429
