#src/zombie.py
# GMT Mon Oct  1 04:42:33 2018
# 
1916 6939 28571
14061 2914
7018 2497
34781 13030
59891 6939
30844 6939
25160 174
57866 6453 8283
553 680
37989 4844
20485 13002 2497
34288 6939
6461 2497 8218
263075 6939
20932 6939
2613 6893
30781 2497 34019
3320 513 2497 3320
16735 2497 262757
53067 6939
8455 2914
57821 6939
263152 6939
8763 2914
6893 25091
680 3356
8426 3356
174 2857 64396 12779 2914
13002 25091
16347 2914
48526 2497
29636 2914
20764 6939
51405 6939
1853 3356 6720
28917 6939
8943 2914 50763
29608 6453
49463 6939
53070 12989
286 2497 8596
6881 6939
202032 6939
19151 2497
6453 6453 2497 24482
25220 6939
37239 6939
4844 2914
52720 3549
13030 2497 35369 1836
41497 6939
25152 6939
12859 6939
50300 6939
24482
6720
48166 3356
9304 6939
9189 6939
6939 50304 198385 20080 29075 59689 15547 264911 28329 51945 29686 58299 29691 12989 57118 37640 20612 8607 198249 2497 31122 50620 202194 262317 15435
202194
12989
50763
29075
8218
50304 57381
47872 3356
262757
52863 4809
3549 3356 4809
64396
198385
12874 3303 15605
34019
49605 3356
29140 2914
59689
8596
15547
2914 7575 2497 8928 1103 6762 2914 3257 198290 1299 62567
264911
28329 263674
29680 8928
3333 1257
29691
20080
22652 3356
56730 51945
57381
15435
51945
35369
29686
58299
1103
198290
15605
1257 2497
7575
262317
1836
42708 1299
1273 2497
513
57118
4589 2497
3257
12779
6667 2497
4809
37640
3356 2497 15576 37271
12654 2497
196621 15576
20612
1299
8607
198249
2497 9002 3303 1280
37271
31122
50620
8928
9002
8283
263674
25091
6762
28571
15576
3303
1280
2857
62567
