#src/zombie.py
# GMT Mon Oct  1 05:09:22 2018
# 
52873 52720 12956
1916 19151
22548 16735
14061 19151
7018 3356
34781 13030
59891 51395
2914 6762 8943 9002
25160 9002
8943 50763
553 680
24611 51405 6661
29075 58308 9002
1836 20612 9002
5396 9002
34288 9002
8468 9002
56730 51945
263075 16397
20932 9002
3252 9002
21320 513 9002
28220 12956
16735 262757 28138 19151
8455 9002
57821 12586
57866 8283 9002
30844 9002
50300 9002
35054 3356
680 9002
16347 8218
174 198385 3267 19151 50620 198290 64396
8607 9002
8758 9002
2895 3267
29691 57118 6730
8422 9189 9002
20764 3356
51405
6939 202194 12654
1853 9002
263321 263584 7738
4777 2497
1221 4637 4608
29608 3356
49463 8218
39821 9002
53070 10429
286 9002
30132 9002
19151 7575 13030 4637 20080 2497 9304 41095 12654 1280 7738
6453 36937 9002
25220 3356
37239 36937
9189
12956 10429 9002
34019 30781
12637 9002
13030 198249 58299
20562 9002
41497 9002
25152 3257
12859 9002
35699 9002
24482 9002
64396
9304
36937
49605 9002
202194
48526 9002
41095
50763
15435 9002
52720
37271 327995 9002
8222 3356
4608
50304 42708
47872 9002
262757
52863 6762
3549 25933 3356 16397
51185 9002
8426 9002
16397
3491 9002
12350 9002
31424 9002
29140 9002
59689 8218
13237 9002
51395 9002
8596 9002
15547 12654
6661 9002
53067 10429
28329 6762
29680 9002
7738
9002 12654 29686 3333 4589 5392 6730 1103 51945 15605 8218 3356 42708 2497 3257 12779 6667 30781 196621 31122 6720 25091 12586 62567
6720
12586
20080
22652 3356
5392
57381 42708
58308
51945
6730
29686
58299
1103
198290
28138
25933
15605
8218
7575
327995
42708
513
57118
4637
4589
3257 28917
12779
6667
29222 3356
10429
3356 34177
12654 12654
196621
20612
34177
198249
2497
263584
2613 25091
31122
50620
30781
198385
3333
8283
25091
3267
6762
1280
28917
62567
