#src/zombie.py
# GMT Mon Oct  1 06:18:00 2018
# 
37468 25220 37239
198385 25220
29691 6730
25933 6762
8447 12654 6720
35054 3356
3252 25220
3491 6762
57821 12586
62567 5413
24611 6661 51405
174 6762 64396 51395 47176
286 2914
198249 13030
29551 31025 25220
28917 25220
22652 3356
25091 25220 6893
13030 25220 2914
56730 3356
49605 680
34177 25220
2914 7018 6762 35699 8455 37271 14061 20080 6453 19151 3257 198290 4589 3303 12654 2497
2500 2500 7660 4777
15435 25220
8455
12859 25220
30132 25220
37497 25220
202194 6939
20080 6762 1251
16347 25220
3267 25220 2895
15547 25220
24490 20965 7575
1764 25220 8596
41497 6762
50300 5413
25227 25220
8218 680 59689
16735 22548 6762 262757
12779 12654
5413 6667 24482 6730 49463 3333 50763 9002 12654 41095 8607
8607
6830 12654 8758 59414
51395 59891
262757
3356 25220 3549 20764 29608 45896
37271 327995
12350 25220
7738 6762 263321
49463
9044 680 20612
3257 14361 29680 25220 29686 25152
327995
47872 6939
52863 6762
263584 263321
24482
8596
48526 680
12637 25220
2497
34288 25220
15605 25220
6661 25220
50304 42708
51185 25220
58299 15623
28220 12956
52888 1251
6730
1221 4637 4608
15623 25220
1103 20965
50763
23106 25220
34781 25220
28329 6762
20612
1251
42708 12654 57381
31424 25220
9002 39821 41722 680
2895
7575
64396
1836 25220
20965 11537 680
47176 25435
7660 22388
8758 196621
12956 6762 10429
8283 25220
14061
3333
11537 22388 1916
41722
8359 12654 41617
3549 52720
198290
4637 6762
45896
8426 680
20932 25220
41095
59414
37100 25220 327782
59689
25160 25220
263321
327960 327782
4589
29686
9304 25220
51405
22388
29075 25220
12586 31025
1916
6939 12654
25220 20562 13237 34019 30844 12654
29608
29222 3303
41617
5396 6762
6762 6762 1280 6453 12654
6893 2613
35699
59891
2613
20562
25152
29680
19151
22548
34019
196621
31025
6720
30844
25435
7018
6667
327782
1280
39821
14361
680 12654
5392 6453
6453
4608
13237
52720
53070 10429
57381
20764
3303
4777
12654
37239
10429
