#src/zombie.py
# GMT Mon Oct  1 08:28:27 2018
# 
3257 1299
553 680
198249 6939
57118 6939
6881 6939
25091 13030
9002 6939
31424 6939
12654 6939 13030
6762 6939
29680 6939
50300 13030
14061 6939
15605 6939
1103 13030
8426 6939
47872 6939
198290 2914
8758 196621 13030
57821 6939
8763 13030
9304 13030
57381 42708
50304 6939
198385 6939
59891 6939
2914 13030
202194 6939
286 6939
53067 6939
37271 6939
8455 6939
6939 64396 29686 263152 16735 1916 19151 34288 1280 28571 8928 49605 1836 51405 6667 24482 31122 37239 7575 12779 28917 264911 52863 262757 4844 7018 49463 263651 53070 1273 3333 41497 62567 20612 680 29075 8596 56730 29608 2613 202032 263075 5396 20080 12859 25152 34019 37497 28329 22652 59689 6453 58299 37640 25160 42708 20764 52720 8218 262317 29691 50620 34781
29608
50763 13030
13030 30844 1299 8607 2497 15435 9189 513 8283 16347 15547 42708 1853 4589 25220 20932 29140 2857 48526 29636
263075
5396
20080
202032
34019
28329
22652
1280
7018
51405
8596
19151
49463
29686
263152
16735
1299
1916
37989 4844
34288
6453
28571
28917
8928
1273
49605
513
1836
8283
16347
6667
31122
37239
15547
7575
52720
1853
4589
25220
52863
29636
20932
262757
62567
4844
2857
58299
64396
263651
53070
30844
196621
3333
41497
8607
20612
12779
680
29075
56730
2497
24482
2613
264911
12859
29140
25152
37497
42708
59689
15435
9189
37640
25160
50620
20764
8218
262317
29691
48526
34781
