#src/zombie.py
# GMT Mon Oct  1 04:35:44 2018
# 
29608 6453
50620 6939
2857 8365
12989 53070 6939
37640 6939
22548 16735
264911 6939
57821 6939
12874 15605 6939
174 6762 7018 3356 3257 22652 29680 64396 513 6453 19151 12637
43100 25091
286 2603
198249 13030
28917 6939
22652
198290 6661
49605 6939
2914 6830
34019 2603
8365 6830
513 34288 25091 21320 13030 513 20965 6939 12654 1103 6830
37497 6939
37239 6939
16347 6939
15547 12654
24490 20965 7575
41497 6939
559 21320 12654
8218 21320
16735 262757 6939
2497 6830
12779 2603
5539 8763 6830
6830 1836 1280
262757
3356 3549
37271 2603
4844 37989 6939
8763
49463 6939
50300 6939
29140 2603
3257
37989
47872 6939
6881 21320
202032 6939
262317 6939
8596 1764
10429 23106 12956
48526 6939
12637
15576 6939 196621
34288
15605
21320 2603 6661 9002
50304 2603
58299 6939
23106
1103 3333
34781 25091
28329 3549
20612 6939
1251 28571 6939
680 20965
28571
31424 6939
9002 41617
7575
64396
1836
20965 1853
13030 35369
8758 6939
12956 6939
14061 6939
3333
3549 52720
263075 6939
41617
2603 6667 24482 8426 553 4589 31122
202194 6939
4589
29686 6939
51405 6939
29075 6939
1916 6939
6939 198385 59689 263651 9189 20080 30844 25220 5396 25091 59891 2613 263152 25152 53067 57381 20764 1764
25220
52863 6762
6661
31122
5396
6762
263651
25091 12654
59891
2613
263152
198385
553
25152
29680
19151
53067
9189
196621
6720 1853
30844
59689
7018
6667
24482
1280
12654
8426
6453 6453
52720
35369
53070
57381
20764
1853
20080
1764
