#src/zombie.py
# GMT Fri Sep 28 20:22:39 2018
# 
52888 1251
29686 6453
35054 3356
7713 37100 6762 24482 20940 20562
196621 15576
37239 37468
28220 52720
2613 6893
37468 174
30844 6939
3320 8222 6762
12350 174
8426 3356
25933 52720
1251 20080
13237 1299
1221 4608 4637
4777 2500
6667 1273
8607 2914
6453 62567 6762
56730 3356
202194 6939
9189 25074
6830 6762 8758
12637 174
25220 3356
20612 1836
19151 1916
680 20965
22388 7660 11537
15547 3356
31424 13030
2500 7660 2500
12307 59414
12654 53070 52863 1916 52720
50763 8943
25074 3356
3303 6762 29222
59689 12956
8943 1299
8455 3257
29691 13030
23106 1916
1103 11537
16347 2914
41722 20764
45896 3356
51185 1916
11537 7575 20965 11537 513 1916
28917 174
1836 13030
22548 52720
57381 50304
15435 1299
50304 1299
6461 8218 6762
15576 3356
8447 6762 6720
15605 3356
29680 8928
3491 6762
10429 12956 4809
64396 174
2895 3267
8928 6762
1764 8596 174
7660
263584 1916
20965
59414 13030
30132 6762
1916 174 25152 9304 1916 2914 6939 262757 13030 52720
47176 25435 174
198385 174
59891 51395
20932 1299
20080 6762 2914
12859 2914
553 1299
8222
513
4589 2914
24611 51405 6661
6893 174
1299 48526 6762 25227
25091 12956
6720
14061 3356
327782 37100 327960
286 6762
12586 13101 57821
29140 2914
20940 37497
39821 9002
2497 2914
4637 6762
5392 174
37100
327960
34288 13030
37271 6762 327995
49463 174
5396 6762
50300 2914
1273 6762
25227
51405
29075 58308 6762
13030 198249 58299
4809 16735 52863
37497
25152
62567
41617 9002
47872 6939
3333 6762
52863 6762
22652 174
48526
14361 3356
3257 174
25435
7018 6762
24482
3252 174
28329 52720
7575
174 51395 12779 20764 25160 13101 6762 3267 6661
34019 12956
9002 2914 3356
51395
198249
12956 34177
58299
8283 6762
29222
198290 2914
20562
20764
8218
35699 2914
3356 29608 6762 3549 41095 49605
12779
262757
14840 52720
52720
29608
6939
41497 6762
327995
57821
8596
58308
6762 1280 2914
8758
53070
13101
34177
1280
9304
25160
3549
2914
3267
49605
6661
16735
41095
4608
