#src/zombie.py
# GMT Mon Oct  1 05:59:14 2018
# 
37468 6453
50620 6939
2857 174
12989 53070 6939
37640 6939
264911 6939
57821 6939
174 64396 29636 25160 2914
58299 6939
198249 13030
28917 6939
22652 3356
8359 2497 41617
198290 2914
56730 3356
41722 9002
2914 6762 29140 4844 8763 14061 1103 8943 3257 2914 2497 12637 7575
20485 13002 2497
15435 6939
34019 30781
12859 6939
1280 2497
513 21320
37497 6939
37239 6939
16347 6939
1257 3333 2497
41497 6939
50300 6939
8218 6461
16735 22548 262757 2497
15576 3356 196621
12779 3257
8607 6939
13002 25091
3356 49605 37271 8426 680 553 15605 3549 47872 1853 2497
37271
4844 37989
8763
49463 6939
29140
3257
47872
6881 6939
52863 6762
262317 6939
8596 286
48526 2497
12637
2497 7018 13030 6667 19151 286 8928 2603 12654 6453 6939 4589 1273 9002 30781 6461
4589
34288 13030
15605
37989
50304 6939
286
23106 52320
680
1103
50763 8943
34781 13030
28329 3549
20612 6939
52320 6939
53067 6939
28571 1916
9002
30781
7575
64396
62567 6939
49605
13030 35369
8928 29680
8283 57866
14061
3333
3549 52720
263075 6939
20932 6939
57866 6453
41617
2603 21320
52720
59689 6939
25160
29608 6453
29686 6939
9304 6939
51405 6939
29636
29075 6939
1916 6939
6939 263651 9189 20080 25220 59891 2613 263152 25152 20764 202032 198385 30844 202194 31122 57381 15547
25220
202032
21320
6762
263651
25091
59891
2613
263152
198385
553
25152
29680
19151
22548
9189
196621
6720 1853
30844
202194
7018
6667
24482 6453
8426
1273
1853
6453 6453
262757
31122
35369
8943
6461
53070
57381
20764
12654
20080
15547
