#src/zombie.py
# GMT Mon Oct  1 05:30:51 2018
# 
37468 13237
29691 1764
25933 3549
35054 1764
3252 13237
3491 2914
57821 12586
174 9304 1764
58299 1764
198249 13030
28917 13237
22652 3257
25091 13237
45896 3356
56730 13237
49605 13237
34177 13237
2914 6762 62567 1916 13237 20080 2497 14061 8607 7575
15435 13237
8455 1764
12859 13237
1280 1299
513 6730
37497 13237
202194 1764
20080 1251
16347 13237
8387 13030 12654 1764
15547 13237
1764 64396 31424 3356 12307 25435 8758 198385 12350 59891 196621 8218 59414 202032 8222
41497 3257
50300 13237
25227 13237
8218 35699 6461 25160 8426 12637 29222
16735 22548 262757 52320
12779 13237
8607
262757
3356 20764 3549 29608
37271 327995 6461
12350
7738 286 263321
49463 13237
29140 13237
9044 13237 20612
3257 6762 47872 12956 4637 13237 6453 25152 5396 2497
327995
47872
14361 6461
202032
263584 263321
13237 4589 29226 3333 553 286 9002 198290 20932 37100 1299 30132 37239 29686 51405 41095 29075 3320 20562 25220 8928 6667 15605 34019 31025 24482 8596 48526 30844 34288 50304 51185 680 1103 50763 6695 52320 42708 12654
8596
48526
12637
2497 4777
34019
34288
1916
12307
51185
286
23106 10429
52888 1251
1221 4637 4608
1103
50763
28220 12956
28329 6762
20612
1251
52320
22548
31424
9002 41617 41722 39821
2895 29226
4777
64396
62567
680
13030
29226
8758
12956 52873 10429
8283 1299
14061
3333
41722
8928 29680
3549
198290
4637
8426
20932
41095
29222
9189 6695
37100 327782
59689 3320
25160
263321
327960 327782
4589
29686
9304
51405
12586 31025
24482
29075 58308
3320
198385
25220
29608
59414
41617
5396
8222
6762 52863
6893 6730 2613
35699
59891
2613
20562
553
25152
29680
15605
42708 57381
50304
1299 7018
58308
196621
31025
52873 52720
30844
25435
7018
6667
327782
30132
39821
6730 6730 12654
52863
5392 6453
6453
4608
52720
6695
6461 19151
53070 10429
57381
20764
19151
7575
12654
37239
10429
