#src/zombie.py
# GMT Mon Oct  1 04:12:39 2018
# 
14061 3356
7018 3356
34781 20764
59891 51395
12654 20764 47872 12654 3303 9002 6939
25160 9002
3491 9002
1836 20612 9002
5396 9002
34288 20764
8468 20764
56730 20764
3252 20764
21320 513 9002
8455 9002
57821 12586
57866 8283 9002
30844 20764
50300 9002
35054 3356
680 553 9002
8758 9002
2895 20764
29691 57118 15576
20764 20764 50304 42708 20932 198385 29140 25220 37497 15547 39821 25091 174 28917 50763 6695
1853 9002
28917
4777 2497
1221 4637 4608
29608 3356
13030 198249 58299 9002
9189 6695
286 9002
30132 9002
45896 3549
6453 9002
25220
12956 47872
39821
41497 9002
25152 3257
12859 9002
35699 9002
24482 47872
6720 9002
37497
9304 9002
6939 202194
202194
50763
15435 9002
37271 327995 9002
8222 3356
4608
50304
47872 6762 3257 3549 49605 62567
20932
3549
51185 9002
64396 174
19151 9002
13237 9002
49605
29140
12350 9002
51395 9002
8596 9002
15547
29680 9002
9002 4589 20080 5392 29686 1103 20562 8218 3356 31424 4637 2497 3257 1136 196621 2914 8607 14361 12586
12586
20080
22652 3356
5392
57381 42708
174
29686
58299
1103
20562
8218
7575 6762
31424
42708
513
57118
4637
3356 41095 1280
4589
3257 6667
1136 3333
6667
41095
196621
2914
553
20612
6762
8607
198249
2497
6695
198385
3333
8283
25091
29222 3303
15576 3303
327995
3303
1280
14361
62567
