#src/zombie.py
# GMT Mon Oct  1 03:54:14 2018
# 
1916 2914
22548 3549
14061 3356
7018 3356
34781 20764
59891 51395
12654 20764 47872 3303 6939 9002
25160 9002
34177 20764
24611 51405 3549
29075 58308 9002
1836 20612 9002
5396 9002
8426 9002
4230 262757 9002
34288 20764
8468 20764
6461 7575 9002
20932 20764
3252 20764
21320 513 9002
28220 3549
3320 8222 47872 59689
16735 28138 12956 2914
8455 20764
57821 12586
57866 8283 9002
30844 20764
35054 3356
680 553 9002
16347 20764
56730 20764
8607 9002
8758 9002
2895 20764
29691 57118 15576
3356 20764 3549 9002 22652 4809 6762 41095 29608 1280
51405
1853 9002
263321 263584 7738
4777 2497
1221 4637 4608
29608
49463 20764
13030 198249 20764 58299 9002
53070 10429
286 9002
30132 20764
19151 9002
6453 36937 9002
25220 20764
37239 36937
9189 6695
12956 7738 10429 9002
34019 20764
12637 9002
39821 20764
20562 20764
41497 9002
25152 3257
12859 20764
35699 20764
8222
6720 9002
9304 9002
36937
49605 9002
202194 6939
48526 9002
41095
50300 20764
15435 9002
52720 3549
37271 327995 9002
4608
58308
6695 20764
50304 57381 20764
47872 3549 20764 9002
262757
52863 4809
50763 20764
3549 25933 16397
51185 9002
64396 174
16397 263075
3491 2914
12350 9002
31424 9002
29140 20764
59689
13237 20764
8596 9002
15547 20764
6661 198290 20764
28329 6762
29680 9002
7738
9002 51395 12586 5392 8218 4637 3257 12779 196621 2914 2497 31122 14361 62567
12586
20080 20764
22652
5392
57381
263075
6939
174 20764 50620
29686 20764
58299
1103 20764 3333
198290
28138
25933
15605 20764
20764 20764 4589 6667 198385 2613 25091 28917
8218
2613
262317 10429
327995
51395
513
57118
4637
4589
3257
12779
6667
4809
29222 3303
10429
196621
2914
553
20612
7575
198249
2497
263584
31122
50620
198385
3333
8283
25091
6762
15576 3303
3303
1280
14361
28917
62567
