#src/zombie.py
# GMT Fri Sep 28 19:55:07 2018
# 
59891 49605
28138 16735
16735 2914
3549 52720 16397 3356 22548 25933
6453 36937 9002
513 6730
50300 49605
56730 49605
1280 3356
15435 49605
31122 49605
3491 28513 174
58299 49605
6730 12779 6730
34288 49605
12859 49605
31424 49605
202194 49605
29222 49605
1221 4608 4637
8455 20562
15605 12874
29140 12779
7575 2914
12956 3356 10429
9304 12779
13030 49605
9002 49605
51185 3356
14361 3257
19151 174
1764 1853 12779
31025 12586 12779
62567 2914
8607 49605
7018 1299
58308 49605
50620 49605
2914 12637 6762 35699 14061
12637 5396 174 3257 12654 5392
57118 49605
12779 29686 680 12779 3252 41095 3333 25220 37271 30844 12350 13237 3257 48526 8426 174 43531 6667 49605 12654
20932 49605
2613 49605
5392
41497 49605
4608
50763 49605
20764 3356
8283 49605
202032 49605
12874 3303
13237
8758 49605
22652 3356
8447 49605 6720
4777 2497
29680 3257
6762 28220 3257 28329 52863
35699
25091 49605
8426
50304 49605
34177 49605
174 1916 3356 24482
28329
59689 49605
43531 8596
49605 28917 29608 35054 3356 198290 20562 1103 64396 196621 8468 47872 1836 12654 49463 4637 51405 34019 16347 2895 42708 8218 198249 29691 9189 20080 39821 34781 25160 15547 43100 1299 198385 20612 30132 29075
25152 3257
30132
30844
28220
680 553
28917
41095
4637
28513 4230
16397 263075
12654
3356 286 2497
6720
29691
263584 263321
8222 1299
15547
553
198290
1103
20562
12350
196621
1853
263075
64396
37239 36937
9189
3257 7738 2497 4589
29075
20080
7738 263321
48526
12586 57821
52720
47872
57821
22548
57381 42708
1836
3303 3320
2497
4230 262757
8596
49463
198385
29686
14061
3252
34019
29608
3333
2895
3320 1299
42708
8218
53070 10429
37271 327995
198249
1916
10429 262317
6667
24482
8468
327995
5396
25220
36937
263321
39821
262317
20612
34781
51405
25160
35054
16347
286
4589
25933
43100
1299
262757
52863
