#src/zombie.py
# GMT Mon Oct  1 03:42:24 2018
# 
52873 52720 12956
1916 11537
22548 16735
14061 2914
7018 286
34781 12859
8447 5413 6720
12654 6939 6730 1103 12859 3333 8455 5413 6830 12779 12956
25160 2603
2603 13030 16735 31122 20080 50304 19151 1103 553 2497 14361 62567
48526 8455
29075 8455 58308
30844 5413
5396 6762
34288 12859
8468 5413
56730 1103
20932 12859
3252 12859
57381 42708
7738 12956 263321
24611 51405 6661
16735 262757 28138
59891 51395
8455 13030 9002 1103 3257 15547 9304 1836 28917 12350 3303 1299
3549 3356
3303 35054
34177 12859
1836 20612
28138
51185 12859
35054
680 20965
24490 7575 20965
8426 5413
37239 36937
6730 29691
8607 5413
8758 6830 196621
2895 29076
8359 20764 5413
20965 11537 1853 1103
3356 286 1299 29608
51405
57821 12586
1853
263321 263584
7660 22388 2500
4777 2500
1221 4637 4608
6830
5413 31424 42708 4637 49463 41095 29140 13237 6661 12637 9002 50300 8928 4589 49605 29686 16347 35699
49463
39821 9002
53070 12989
286 29222 1103
19151
29691 57118
6453 36937 2914 3257 5392
25220 12859
28220 12956
9189 6695
12956 10429 12989
34019 12859
12637
13030 198249 58299
41497 3257
25152 3257
12859 2613 198385 43531 31025 8222 1103 15605 6667 29076 2914 6695
35699
8222
12586 31025
6720
198385
9304
36937
6939 51395 47872 202194
29076
12989
41095
50300
15435 1103
52720
37271 327995 1103
24482 1103
4608
58308
6695
50304
47872
262757
52863 4809
20764
43531 8596
64396 174
16397 263075 26615
3491 3257
202194
11537 22388
31424
29140
59689 8218
12350
51395
8596
15547
6661
28329 6762
29680 8928
9002
26615 6762
20080
22652 3257
5392
25933 6762
263075
174 2914 3257 50620
29686
58299
1103 3333 513 8283 3257 25091 8218
198290 2914
13237
15605
8218
7575
262317 10429
327995
42708
2500 2500
513
57118
4637
4589
3257
12779
6667
4809 1299
6762 6762 3333
10429
196621
2914
553
20612
1299 1280
16347
198249
2497
263584
2613
31122
50620
22388
31025
8928
3333
8283
25091
29222
29608
49605
1280
14361
28917
62567
