#src/zombie.py
# GMT Mon Oct  1 05:48:01 2018
# 
1916 6939
14061 6939
7018 6939
34781 6939
59891 6939
12654 6939 25152
7575 6939
25160 6939
37239 6939
37989 4844
1836 6939
5396 6939
34288 6939
56730 6939
263674 6939
20932 6939
2613 6939
21320 513 6939
16735 6939
8455 6939
57821 6939
263152 6939
8763 6939
680 553 6939
8426 6939
16347 6939
8758 6939
48526 6939
29636 6939
20764 6939
263651 6939
1853 6939 6720
28917 6939
29608 6939
49463 6939
53070 6939
286 6939
6881 6939
202032 6939
19151 25152 2914
6453 6939
25220 6939
4844 6939
34019 6939
13030 1273
41497 6939
25152 1273 6939 3257
12859 6939
50300 6939
24482 6939
6720
48166 6939
9304 6939
6939 30844 29075 64396 202194 29691 50763 15435 52720 8218 6695 50304 47872 262757 52863 51405 49605 29140 59689 8596 15547 6661 264911 28329 29680 3333 20080 22652 29686 58299 1103 15605 28571 198385 262317 31424 42708 263075 57118 4589 12779 6667 37640 196621 20612 8607 198249 2497 37271 31122 50620 8928 9002 8283 25091 6762 1280 2857 62567
202194
29691
50763
29075
52720
8218 35369
6695 9189
50304 57381
47872
262757
52863
64396
51405
1273
49605
29140
59689
8596
15547
6661 198290
264911
28329
29680
3333
20080
22652
57381
513
9189
35369
30844
58299
1103
198290
15605
28571
198385
262317
31424
42708
263075
57118
4589
3257
12779
6667
37640
196621
2914
553
15435
20612
8607
198249
2497
37271
31122
50620
29686
8928
9002
8283
25091
6762
1280
2857
62567
