#src/zombie.py
# GMT Mon Oct  1 05:37:54 2018
# 
29691 9002
328206 6939
49605 9002
59689 20764
6720 9002
60501 9002
34288 9002
262317 6939
266534 6939
39351 20764
29636 9002
15605 9002
14907 20764
29075 9002
12307 9002
3333 20764
52888 1916
6894 6939
20612 9002
16347 20764
45896 9002
2857 9002
8426 6939
31133 20764
3491 6939
22652 9002
34019 20764
20764 198385 50763 8455 29686 15547 12859 49463 51405 1103 30844 57111 6939 12654 41722 25091 8283 8218 29608 2613 9002 20495 47147 198290 28917
3356 3549 1280 9002
29608
680 9002
20080 6939
3549 263702
9002 9304 56730 37468 24482 6667 19151 25220 12637 3257 202194 2914 50304 6453 37271 64463 20932 39122 31424 41497 13030 47692 8758 59891 29140 286 1836 12654 198249 25160 31122 2497 16735 29680 1273 31742 12779 59414 8607 14061 50300 58299 52320 48526
20495
15547
2914 15562
286
56730
6939 263075 8896 53067 34549 205206 5396 28634 15435 53070 21232 264911 29504 57821 7575 52720 1251 35266 263152 23106 38001 37239 22548 513 1916 202032 262757 4844 263508 50877 553 35369 52873 50620 37640
20932
202194
12637
8455
53067
47692
205206
50877
25152 3257
59891
49463
34549
15435
51405
29504
7018 6453
15562
1103
12654
6881 3257
198249
1273
31122
38001
31424
50304 57381
29680
513
19151
52873
8607
6762 6453
37640
5396
48526
4777 2497
28917
263702
12779
196621 8758
9304
1916
37271
263075
52720
37468
264911
59414
35266
25220
263152
23106
37239
24482
25091
8283
8218
202032
6667
3257
262757
4844 37989
553
47147
198290
6453
8758
64463
50300
198385
8896
41497
13030
50620
29686
28571 1251
50763
12859
22548
53070
21232
57381
28634
7575
30844
1251
25160
39122
52863 52320
2497
16735
37989
41722
57821
31742
1280
29140
57111
14061
2613
263508
52320
1836
35369
58299
