#src/zombie.py
# GMT Mon Oct  1 05:21:21 2018
# 
29691 6939
328206 328145
49605 6939
59689 6939
6720 1853
60501 3257
12637 174
262317 6939
266534 16735
29636 2603
15605 12874
18747 174 263702
14907 6939
29075 15576 6939
202032 6939
3333 1103
52888 1916
52720 37468
12956 10429 6939
25220 6939
16347 6939
2857 8365
6894 2603
680 20965
20612 6939
328145 6774
3491 174
8365 6830
22652 174
34019 2603
20764 41722 6939
3356 3549 174
29608 6453
8426 21320
6774 6830
20080 6939
3549 52873
9002 21320
20495 6939
15547 12654
2914 2603 15562 35266 174
50304 2603
56730 51945
6939 42525 9304 1280 12307 263075 22356 263152 37239 25091 202194 50620 4844 8607 6881 39351 64463 37640 198385 37468 41497 264911 53067 47692 29686 8896 25152 59891 49463 34549 15435 51405 57381 51945 30844 1251 6939 38001 31424 16735 50300 57821 31742 513 1916 12874 2613 263508 5396 52320 48526 58299 28917 29504
28634 22356
202194
37468
8455 21320
53067
47692
205206 42525
50877 174
25152
59891
49463
34549
15435
51405
29504
7018 174
15562
1103 513
12654 513 25091
6881
198249 13030
1273 6830
31122 2603
38001
39351
29680 174
2603 8943 25160 24482 8283 21320 12859 29140 12779 6667 37271 286
513 6830 174 13030 25091 513 21320 20965
21320 6661 8218
19151 174
52873
8607
6762 174
37640
1251 28571
5396
22356
48526
4777 2497
28917
263702
42525
12779
196621 15576
9304
1280
37271
263075
6830 39122 2497 553 47147 1836 6453
15576
31424
264911
57111 174
35266
6667
263152
23106 52320
37239
24482
50620
25091
8283
1853 20965
8218
12307
3257 174
262757 16735
4844 37989
553
47147
198290 6661
6453 6453 174
1299 14061 174
64463
50300
198385
8896
41497
13030 21232 35369 34288 59414
20965 24490
8943 50763
29686
28571
50763
12859
22548 16735
53070 10429
21232
57381
51945
7575 24490
34288
30844
24490
174
35369
286
39122
52863 52320
2497
16735
37989
41722
57821
31742
1916
29140
59414
12874
14061
2613
263508
52320
1836
10429
58299
6661
25160
