#src/zombie.py
# GMT Mon Oct  1 04:59:50 2018
# 
37468 37271
2857 13030
37640 6939
264911 6939
57821 6939
286 6939
22652 6939
52863 6939
56730 6939
2914 198290 13030
15435 13030
8455 6939
12859 6939
1280 6939
37497 6939
20080 6939
41497 6939
50300 13030
8218 6939
16735 6939
12779 6939
8607 13030
262757 6939
52720 6939
37271 6939
4844 37989 6939
8763 13030
49463 6939
29140 13030
3257 1299
6881 6939
29608 6939
50304 6939
8596 6939
48526 13030
12637 6939
2497 6939
34019 6939
34288 6939
15605 6939
37989
262317 6939
23106 6939
1103 13030
50763 6939
22548 6939
202032 6939
9002 41617 6939
7575 6939
1836 6939
49605 6939
13030 1299 8758 16347 12654 4589 9189 25220 15547 29636 31122
8758
16347
8283 6939
14061 6939
3333 6939
263075 6939
198290
41617
263651 6939
59689 6939
25160 6939
29686 6939
51405 6939
29636
29075 6939
1916 28571 6939
6939 50620 680 5396 6762 8928 29680 2613 6667 263152 553 25152 19151 53067 24482 30844 7018 8426 6453 1273 53070 57381 12654 37239
25220
50620
5396
6762
8928
29680
2613
263152
553
25152
19151
53067
1299
28571
30844
9189
7018
6667
24482
8426
680
6453
31122
1273
53070
57381
4589
12654
37239
15547
