#src/zombie.py
# GMT Mon Oct  1 05:06:11 2018
# 
29691 6939
328206 6939
49605 20764
59689 20764
6720 9002
60501 20764
12637 20764
262317 6939
266534 6939
29636 6939
15605 9002
14907 20764
29075 20764
202032 6939
3333 20764
52888 1916
6894 6939
25220 20764
16347 20764
2857 6939
8426 6939
20612 6939
3491 6939
202194 6939
34019 20764
20764 15576 37468 24482 48526 13030 8283 8218 3356 29608 15547 20495 47147 39351 50300 198385 50763 8455 29686 12859 49463 51405 12779 34288 1103 30844 12654 174 6939 198290 29140 57111 2613 1836 28917
3356 3549 1280 7018
29608
680 9002
20080 6939
3549 263702
9002 31122 31424 41497 47692 8758 6667 286 39122 2497 41722 22652 31742 59414 8607 206356 2914 50304 56730 20932
20495
15547
2914 15562
50304
56730
6939 553 9304 34549 37271 264911 263075 52720 35266 263152 23106 37239 19151 50620 12307 262757 4844 50877 6881 64463 37640 53067 205206 8896 25152 59891 28634 15435 21232 57381 29504 6762 7575 1251 198249 25160 38001 2497 16735 29680 1273 22548 513 1916 52873 14061 263508 5396 52320 35369 58299 57821
20932
37468
8455
53067
47692
8758
8896
25152
59891
49463
34549
15435
51405
29504
7018
20485 6453 41722
15562
1103
12654 41722 25091
6881
198249
1273
31122
38001
39351
29680
513
19151
52873
8607
47147
37640
5396
206356
48526
50300
4777 2497
28917
263702
12779
196621 15576
9304
1916
37271
263075
15576
52720
31424
264911
57111
35266
6667
263152
23106
50877
37239
24482
25091
8283
8218
12307
3257 174
262757
4844 37989
553
198290
6453
205206
64463
6762
198385
41497
13030
50620
29686
28571 1251
50763
12859
22548
21232
57381
28634
7575
34288
30844
1251
174
286
39122
52863 52320
2497
16735
37989
41722
57821
31742
1280
29140
59414
22652
14061
2613
263508
52320
1836
35369
58299
25160
