#src/zombie.py
# GMT Mon Oct  1 05:47:34 2018
# 
37468 37239 174
29691 13030
25933 1916
8447 6762 6720
35054 3303
3252 174
14840 52720
202194 6939
62567 2914
24611 6661 51405
174 6762 6893 3356 47176 12350 49463 22652 3257 51945 28917 45896 198290 64396 12637 41497 25160 37497 5392 3267 1916 198385 20764 6661 12779 1764 13101
35699 2914
58299 13030
12874 6762 15605
198249 13030
28917
13237 2914
4777 2500
47176 25435
56730 51945
49605 1299
34177 2914
1916 263584 262757 13030 51185 27750 23106 52720 9304 25152 11537 6939 22548 19151 12654 24482 1916
2500 2500 7660
15435 1299
8455 3257
12859 2914
1280 6762
513 20965
37497
31133 6762 25227
20080 6762
41722 20764
3267 2895
13101 12586
15547 6830
57821 12586
41497
50300 2914
25227
8218 6461
16735 4809
2497 2914
12779
8607 2914
3320 6762 8222
51395 59891 6939
262757
3356 29608 3549 41095
37271 6762 327995
12350
22388 11537 7660
49463
51945
3333 6762
37239
3257
327995
47872 1299
52863 6762 12654 4809
263584
24482
8596 1764
48526 1299
12637
15576 3303 8758 196621
34288 13030
15605
6661
50304 1299 57381
51185
3491 6762
28220 52720
5511 6762 30781
1103 11537
27750 20965
23106
34781 13030
28329 6762 12654
20612 1836
680 20965
22548
6830 6762
1273 6762 6667 8468
30781 59689
2895
7575 11537
64396
1836 13030
20965 11537
13030 31424
7660
8758
16347 2914
1221 4637 4608
22652
14061 1299
25091 2914
286 6762
4637 6762
3549
198290
11537 11537
45896
8426 6453
20932 1299
41095
29222 3303
9189 25074
37100 6762 327782
59689
25160
327960 327782
61157 25074 1299
4589 2914
29686 6453
9304
51405
12586
25074
29075 6762 58308
2914 6762 14361 29140 9002
6939 30844
25220 1299
29608
41617 9002
5396 6762
8222
6762 8928 3303 7018 1299 30132 6453 6461
8928 29680
29680
59891
2613 6893
198385
553 1299
25152
19151
39821 9002
1299 8943
58308
196621
50763 8943
29140
6720
30844
25435
7018
6667
327782
30132
31424
8468
14361
9002
5392
6453
4608
8943
6461
53070 12654
57381
20764
3303
6893
4809
12654 52720
52720
1764
