#src/zombie.py
# GMT Mon Oct  1 04:33:31 2018
# 
57821 12586
1916 9304 13030 52888 25152 14840 24482 20080 263152 28329 25933 6939 174 19151 12654 11537 28138 28220 263584 22548
22548
14061 1299
196621 8758
34781 13030
59891 51395
12654 52863 53070
25160 174
8943 2914 50763
24611 51405 6661
29075 58308 174
1836 20612 174
5396 6762
34288 13030
8468 3549
6461 6762 8218
34177 6453
2613 6893
57381 50304
28220
3320 8222 6762 8422
37179 3257 327984
8447 6762 6720
8455 3257
3303 6762 34019
57866 174 8283
30844 6939
50300 174
6893 174
35054 3356
680 20965 553
16347 174
56730 51945
20932 174
51945 174
13002 174 25091
8607 2914
8758 174
2895 3267
29691 57118 174
8422 9189
20965 11537 1853 1103
20764 3356
51405
52888
1853
28917 3356
7660 22388 2500
327984
1221 4637 4608
6830 174 15547
29608 6453
49463 174
13030 198249 31424 51395 58299
53070
286 174 6762 8596
13101 12586 174
30132 6762
19151
3252 174
6453 36937 6762 29686 8426 6453 62567
25220 1299
37239 36937
9189
28138
34019
12637 174
39821 9002
41497 174
25152
12859 2914
35699 174
24482
64396 174
9304
36937
6939 202194
202194
48526 174
41095 3356
50763
15435 1299
37271 327995 174
7018 174
8222
4608
50304 174
47872 2914
52863 4809 6762
3549 3356
51185 3356
8426
3491 174
11537 11537 22388 513 7575
31424
29140 2914
59689 8218
12350 174
8596
15547
2497 3356
14840
28329
29680 174
9002 2914
6720
12586
4777 2500
20080
22652 174
5392 174
25933
174 198290 6661 15605 198385 4637 3257 12779 6667 29222 2914 1299 50620 3267
29686
58299
1103
198290
13237 3257
6661
15605
8218
7575
327995
51395
2500 2500
513
57118
4637
4589 2914
3257 49605 31122
263152
6667
4809 3356 4809 16735
6762 3333 2914 1280
3356 14361
2914
553
20612
1299
12779
16735
198249
58308
263584
31122
50620
22388
198385
3333
8283
25091
3267
29222
49605
1280
14361
62567
