#src/zombie.py
# GMT Mon Oct  1 03:42:56 2018
# 
1916 6939
14061 6939
7018 6939
34781 6939
59891 6939
12654 20764 6939 9002
25160 6939
37239 6939
37989 4844
8763 6939
5396 6939
34288 6939
56730 6939
20932 9002
7575 6939
21320 513 9002
16735 6939
8455 20764
57821 6939
263152 6939
30844 6939
680 553 6939
8426 6939
174 20764 3257
16347 20764
8758 6939 196621
48526 9002
29636 6939
20764 8732 47872 29686 1103 4589 25091
51405 6939
52888 6939
1853 9002
28917 8732
1103
49463 9002
53070 6939
286 6939
6881 6939
202032 6939
19151 6939
6453 9002
25220 6939
4844 6939
41497 6939
13030 6939
52720 6939
25152 6939
12859 9002
50300 9002
24482 6939
6720 9002
48166 6939
9304 6939
6939 50304 8283 31424 1836 59689 8596 34019 52863 264911 28329 29680 9002 20080 22652 15547 58299 29608 6695 8607 15605 29691 8218 198385 262317 42708 263075 57118 6667 37640 20612 12779 198249 2497 50620 64396 2857 6762 202194 28571 15435 1280 37271 8928 62567
202194
29691
50763 9002
29075 9002
28571
6695 9189
50304 57381
47872
52863
198385
64396
1273 9002
34019
31424
29140 9002
59689
8596
15547
264911
28329
29680
9002 49605 2914 2613 31122 3333 43100 35369 198290
20080
22652
57381
513
9189
35369
29686
58299
29608
198290
15605
8218
2613
262317
1836
42708
263075
57118
4589
3257
12779
8732
6667
37640
196621
2914
553
15435
20612
8607
198249
2497
37271
31122
50620
8928
3333
8283
25091
43100
6762
49605
1280
2857
62567
