#src/zombie.py
# GMT Mon Oct  1 03:54:48 2018
# 
1916 52888 6939 28571
14061 2914
7018 2497
34781 13030
59891 6939
30844 6939
25160 174
263152 6939
37989 4844
20485 13002 2497
34288 6939
6461 2497 8218
263075 6939
20932 6939
7575 2914
30781 2497 34019
3320 513 2497 3320
16735 2497
8455 2914
3549 3356 52720
57821 6939
57866 6453 8283
8763 2914
6893 2613 25091
680 553 3356
8426 3356
174 2857 64396 12779 2914
13002 25091
8607 6939
48526 2497
29636 2914
20764 6939
51405 6939
52888
1853 3356 6720
28917 6939
8943 2914 50763
29608 6453
49463 6939
53070 12989
286 2497 8596
202032 6939
19151 2914
6453 24482 2497 6453
25220 6939
37239 6939
4844 2914
52720
13030 2497 35369 1836
41497 6939
25152 1273
12859 6939 3333
1273 2497
24482
6720
9304 6939
9189 6939
6939 50304 52863 198385 49605 29075 59689 15547 264911 28329 51945 29686 58299 29691 12989 57118 37640 20080 20612 198249 2497 6881 31122 50620 50300 202194 262317 15435
202194
12989
12654 2497
50300
29075
37271 3356
8928 29680 2914
50304 57381
47872 3356
52863
3356 2497 15576 22652
64396
12874 3303 15605
34019
49605
29140 2914
59689
8596
15547
6661 198290 2497
264911
28329
29680
3333
29691
20080
22652
56730 51945
57381
15435
51945
35369
29686
58299
1103 2914
198290
15605
8218
2613
262317
1836
42708 1299
513
57118
50763
4589 2497
3257 2914
12779
6667 2497
37640
196621 15576
2914 2497 6762 2914 1299 62567 16347
553
20612
1299
16347
198249
2497 9002 3303 1280
6881
31122
50620
198385
9002
8283
25091
6762
28571
15576
3303
1280
2857
62567
