#src/zombie.py
# GMT Mon Oct  1 04:20:06 2018
# 
52873 52720 12956
1916 11537
22548 16735
14061 3356
7018 3320
34781 35054
198545 35054 29152
59891 35054
559 553 513
12654 513 3303 35054
7575 24490
25160 2603
37239 36937
24611 51405 6661
29075 6830 16347
1836 35054
5396 6762
34288 35054
8468 2603
56730 51945
34177 2603
2613 25091
21320 3216 30132 513 8455 2603 30844 6661
7738 3320 263321
3320 8222 2497 6762 513 6453 1280 4637 1299
16735 6830 262757 28138
8455
57821 12586
2603 50304 8607 513 8426 12779 6667 13101 29140 25220 34019 3252 31122 8283 51185 3267 29686 28917 37271 48526
30844
13030 513
35054 198385 31424 57118 49605 202032 196621 12350 20612 15547 198249 9002 24482 64396 43100 6939 202194 58299 8758 29691 8218
680 20965
51945 1299
8607
8758
2895 3267
48526
20965 513 11537 24490
3356 50300 6830 29608 3549
51405
263321 263584
7660 22388 2500
4777 2500
1221 4637 4608
6830 286 12859 15435 2914 19151 4589 3257 3491 513 6762 41095 59689 174 14361 9189 12956
29608
49463 8218
58308 29152
53070 10429
286
13101 12586
30132
202032
19151
8943 1299 50763
6453 36937 62567 5392
25220
28220 6762
9189
12956 47872 10429
52720
12637 3257
39821 9002
41497 174
25152 6939
12859
35699 2914
24482
12586
64396
10764 11537 513
9304 174
36937
6939
202194
29691
50300
15435
37271 327995
8222
4608
50304 57381
47872
262757
52863 4809
50763
3549 25933
51185
8426
16397 263075 26615
3491
12874 3303 15605
11537 22388
34019
49605
29140
59689
12350
24490
15547
6661 198290
3216 20764
28329 6762
29680 3257
3333 1103
26615 6762
20080 6762
22652 3257
5392
57381
263075
29152
174 50620
29686
58299
1103 513
198290
28138
25933
15605
20764
8218
3252
262317 10429
31424
2500 2500
513 513 25091
57118
4637
4589
3257
12779
6667
4809 1299
6762
10429
196621
2914
553
20612
1299
16347
198249
3267
2497
263584
31122
50620
22388
198385
9002
8283
25091
43100
41095
327995
3303
1280
14361
28917
62567
