#src/zombie.py
# GMT Mon Oct  1 05:12:51 2018
# 
52873 52720 12956
1916 11537
22548 16735
14061 2914
7018 286
34781 12859
8447 12859 6720
12654 6939 6730 3333 12859 8455 5413 1103 12779 12956
25160 2603
2603 13030 50304 16735 31122 1103 553 2497 14361 20080 3491
51185 12859
47872 12956
29075 8455 58308
1836 20612 3333
5396 6762
8426 5413
34288 12859
8468 5413
56730 1103
263075 16397
20932 12859
2613 6893
57381 42708
28220 12956
16735 262757 28138
59891 51395
53067 10429
8455 3216 9304 48526 28917 3303 1299 3257 15547
29680 3257
34177 12859
30844 5413
6893 6730
43531 12859 8596
35054 3303
680 20965
3252 12859
174 50620 64396 45896 3257 2914
16347 5413
8758 15576
2895 29076
29691 57118 6730
20965 11537 24490 1853 1103
20764 3216
51405 24611
57821 12586
1853
263321 263584 7738
7660 22388 2500
4777 2500
1221 4637 4608
16397 26615
5413 12637 31424 42708 9002 50300 49605 4637 49463 4589 41095 29140 29686 6661 8607
49463
39821 9002
53070 10429
286 3356 29222 19151 1103 6453
45896
6453 36937 2914 5392
25220 12859
37239 36937
9189 6695
12956 7738 10429
52720
12637
13030 198249 12859 58299
41497 3257
25152 3257
12859 198385 31025 3333 8222 2914 15605 29076 13237 6695 34019
35699 2914
8222
12586 31025
6720
37497 1103
9304
36937
49605
29076
48526
41095
50300
15435 1103
37271 327995 1103
24482 1103
4608
6695
50304
24611 6661
262757
52863 6762
3549 25933 3356
3356 29608 1299
64396
19151
3491
13237
34019
31424
29140
59689 8218
12350 1103
51395 6939
8596
15547
6661
3216
28329 6762
24490 7575
7738
3333 6667 6762 20562 3257 1103 8283
26615 6762
20080
22652 3257
5392
25933
58308
6939 202194
6730
29686
58299
1103 513 3257 25091 8218
198290 2914
28138
20562
15605
8218
7575
202194
327995
42708
2500 2500
513
57118
4637
4589
3257
12779
6667
11537 22388
6762
10429
196621 15576
2914 62567
553
20612
1299 1280
8607
198249
2497
263584
31122
50620
22388
31025
198385
9002
8283
25091
29222
29608
15576 3303
3303
1280
14361
28917
62567
