#src/zombie.py
# GMT Mon Oct  1 05:40:10 2018
# 
263584 263321
263321 61568
49605 57111
59689 57111
6720 47692
37497 57111
267286 14840 4809
12637 57111
15605 25220
13030 47692
395152 14007
29075 47692
12307 47692
3333 5413
52888 1251
52720 37468
12956 28220 10429 4809 6762
25220 37468 16347 8283 23106 12859 52873 3257 57821 3252 20562 52320 30844 12654 28917 29226 12350
16347
25227 9002
29226 2895
8426 12779
20612 47692
1251 20080
3491 6762
202194 47692
20764 3356
3356 51185 3549 22652 47692 14007
29608 57111
680 12654 8218 9002 20965
20080 2914 6762
3549
4809
9002 12779 41722 39821
50877 12779
2914 15562 6762 7018 35699 64050 8220 12654 13760 2497 286
286
4230 262757 6762
20932 47692
28634 10429
31424 47692
13760
30132 47692
47692 29691 198385 8758 34288 29222 15435 12654 35369 198249 59891 25091 6453 59414 47147 48526 35054 58299 13237 64463 29504
8758 196621
8896 174
25152 3257
11537 1916 20965
37100 327782 57111
29222
15435
51405 57111
29504
7018
35699
15562
1103 20965
12654 5413 47147 6762 12779 6830 57111
6881 3257
198249
59891
38001 57111
50304 57111
29680 8220
8220
14840
6830 21232
25933 6762
5392 57111
19151 5413
52873
8607 5413
327782 327960
4608 1221
6762 4637 6762 61568 1280
39351 57111
5396 12779
39821
48526
34177 57111
4777 2497
28917
513 20965
196621
9304 12779
14061 5413
1280
37271 12779
41095 5413
51185
1221 4637
37468
20562
61568
43578 1299
59414
6667 5413
23106
28220 28220
24482 57111
8455 12779
327960
25091
8283
8218
202032 12779
49375 5413
3257 31742
262757
15547 57111
395766 40191
4637
47147 1299 1836
35054
198290 57111
6453
1299
64463
50300 5413
198385
40191 174
41497 12779
7575 24490
20965 24490
64050
29691
50763 57111
12859
28929 12779
2497
53070 10429
21232
49463 57111
1836
34288
30844
14007
174 12779 16735
35369
25160 57111
39122 57111
52863 52320
2895
16735
41722
57821
31742
13237
1916
57111 56730 2613
22652
24490
5413
2613
56730
52320
12779 12779
10429
58299
3252
12350
