#src/zombie.py
# GMT Mon Oct  1 04:16:52 2018
# 
37468 37271
2857 6939
37640 6939
264911 6939
57821 6939
62567 6939
286 42708
28917 6939
22652 6939
9002 50304 41617
2914 42708
15435 6939
1299 7018 3257 50304 1280 680 8283 6453
12859 6939
1280
37497 6939
20080 6939
41722 6939
37239 6939
41497 6939
50300 50304
15685 29208 6881
16735 6939
12779 50304
29208 35369 6720
37271 6939
4844 37989 6939
8763 6939
29140 42708
42708 6667 8455 50304 8928 29686 3333 15605 50763 34781 9189 25220 20932
3257
47872 50304
6881 12654
52863 6939
50304 34288 25091 24482 12654 57381 1103 4589 6939 30844
8596 6939
12637 6939
2497 6939
34288
15605
37989
262317 6939
8455
29680 6939
1103
50763
23106 6939
34781
22548 6939
28571 1916
1273 6939
7575 6939
1836 6939
49605 6939
13030 29608
8758 6939
262757 6939
8283
14061 6939
3333
4589
263075 6939
20932
41617
263651 6939
29608 12654
29686
9304 6939
1916 6939
6939 20764 5396 6762 263152 25152 19151 53067 202032 53070 553 52720 15547
25220
202032
5396
6762
8928
25091
263152
553
25152
19151
53067
9189
6720
30844
7018
6667
24482
680
6453
35369
53070
57381
20764
12654
52720
15547
