#src/zombie.py
# GMT Mon Oct  1 05:09:10 2018
# 
29691 9002
49605 9002
59689 9002
6720 9002
34288 9002
262317 6939
266534 16735
29636 13030
15605 9002
2857 13030
14907 19151
264911 6939
12307 9002
3333 9002
263075 6939
52720 37468
12956 10429 9002
25220 9002
16347 9002
45896 9002
6894 13030
680 9002
20612 9002
3491 13030
22652 19151
34019 13030
20764 9002
3356 3549 1280 9002
29608 9002
8426 13030
20080 19151
3549 52873 263702
9002 553 198385 37271 22356 8218 31424 29075 57111 23106 24482 25091 12637 8283 202032 6667 3257 198290 202194 41722 47147 2914 6939 6453 56730 64463 50300 39122 37468 41497 8455 47692 50763 12859 49463 51405 48526 1103 30844 12654 286 31122 38001 2497 50304 29680 57463 59891 12779 29140 59414 8607 2613 39351 52320 1836 58299 28917 25160
20495 13030
41722
15547 12654
2914 15562 22548 19151 4844
50304
56730
6939 37239 19151 13030 53067 8896 57821 37640 6881 263152 29504
20932 13030
202194
12637
205206 16245
8455
53067
47692
8758 196621 13030
8896
25152 3257
59891
49463
34549 1299
15435 13030
51405
29504
7018 1299
15562
1103
12654 19151 13030
6881
198249 13030
1273 13030
31122
38001
31424
39351
29680
513 13030
52873
8607
6762 6453
37640
28571 1916
22356 28634
48526
4777 2497
28917
52888 1916
263702
12779
196621
9304 13030
16245 13030
1916 19151
37271
37468
59414
6667
263152
23106
29075
37239
19151 2497 16735 14061 7575 174
50877 174
25091
8283
8218
202032
3257
262757 16735
4844 37989
553
47147
198290
6453
1299 13030
64463
50300
198385
41497
13030 50620 21232 31742 35369
50620
29686 57463
24482
12859
22548
53070 10429
21232
28634
7575
30844
174
35369
286
39122
52863 52320
2497
16735 263508
37989
57463
57821
31742
1280
29140
57111
14061
2613
263508
50763
52320
1836
10429
58299
25160
