#src/zombie.py
# GMT Fri Sep 28 16:32:24 2018
# 
59891 6939
1273 6939
16735 6939
6453 174
513 21320
50300 50304
28571 6939
1280 6939
15435 50304
31122 29608
30844 50304
58299 6939
1103 50304
34288 29608
12859 50304
8928 42708
31424 6939
21320 6939
8455 50304
29140 50304
7575 6939
9304 6939
13030 29608
9002 50304
19151 6939
62567 50304
8607 6939
7018 174
52720 6939
8763 6939
14061 6939
57118 6939
12779 50304
20932 50304
2613 29608
56730 6939
5396 6939
50763 50304
20764 50304
8283 50304
202032 6939
8758 196621 6939
2497 6939
8447 6720 50304
48166 6939
35369 29208
6762 6939
25091 50304
8426 6939
50304 12654 3333 42708 25220 48526 6939 28917 174 57381 1836 6667 16347
262317 6939
174 3257
28329 6939
59689 29608
49605 29608
20612 6939
553 680
29075 29608
50620 6939
680 6939
28917
15685 6881 29208
12654 29608 6881
6720
29691 6939
15547 6939
198290 29608
196621
1853 6939
263075 6939
64396 6939
37239 6939
9189 42708
3257
20080 6939
34781 6939
48526
29208 2914
6939 29636 25152 47872 57821 22652 8596 51405 2857 53070 37271 198249 1916 4844 37640 264911 29680 15605 41497 202194 263152 25160 263651 4589 52888 52863
47872
57821
37640
263651
57381
1836
22652
202194
8596
49463 29608
198385 42708
29686 42708
29608 24482 34019 43100 8218
51405
2857
34019
16347
42708 286
8218
43100
53070
37271
198249
1916
4844 37989
6881
264911
29680
24482
15605
2914
41497
25220
263152
25152
37989
25160
29636
286
4589
3333
52888
6667
52863
