#src/zombie.py
# GMT Mon Oct  1 08:12:45 2018
# 
52720 37468
8220 29680 50304
10429 53070 12956 28634
29680
266534 16735
6667 50304
5396 6762
1299 3356 174 40191 16735 7018 22652 43578 286 31742 50304
37100 327782 50304
49605 50304
1916 2914
51185 3356
30844 50304
14907 2914
7018
680 29208
327782 327960
50304 8218 57111 15576 58299 28917 205206 15547 6939 6894 56730 13237 29075 1103 52320 20562 8455 8283 25220 38001 15435 50763 30132 37497 9304 12779 25091 50300 34177 12859 8732 8758 49375 25160 31424 49463 23106 12637 3267 3333 12654 20932 37468 48526 47692 34288 6661 8896 136620 29140 39122 16347
1251 20080 52888
63297 6939 395152
8218 59689
4637 1221 5511
6730 2914 6893
28329 263321 2914
263584 263321
13760 6939
3356 2914 35054 5511 3549
205206
52320 52863
20562
16735 262757
57111
6881 29208 12654
25220
51405 24611
21232 15576
29222 3303
3257 25152 41497 34549
2497 2914 4777
513 174
35699 2914
24611 6661
50877 6762
28220 12956 28220
5392 3549
38001
12779
35054
25933 3549
3303 2914
2613 6893
15562 12654 2914
31424 20612
8732 20764
50763
34288
25227 9002
6893
12307 59414
30132
196621 8758
49463
23106
263321
15576 29691
64050 2914
3333
29691
14061 2914
28634
4608 1221
37468
6762 2914 5511
22652
43578
327960
395152
5511 1280 29608 12956
198249 13030
31742
198385 29208
15547
41497
198290 2914
6453 2914
136620 59891
29140
52873 12956
202194 6939
37271 29208
1221
47692
262757
174 64463 174
16347
13030 29608 59414
20932
29608 12654 34019 12350 8426
6894
58299
28917 39821
59891
40191 395766
553 29208
6939 34549
52863
7575 2914
286
20080 2914
25091
13237
3491 2914
29075
1103
15605 29208
34549 12654 29686 34549 57821
20764 41722
8455
8283
3549
29208 3252 8222 24482 35369 41095 9002 6720 1836 47147
15435
37497
47147
64463
1836
12350
9304
59689
50300
49375
12956
8222
25152
34177
12859
52888
3252
8758
25160
41722
6720
2914 19151 8607
56730
12637
3267 3267 2895
2895
12654
39122
4777
35369
53070
48526
24482
8607
19151
1280
6661
34019
8896
20612
39821
395766
9002
29686
59414
8426
57821
41095
