#src/zombie.py
# GMT Mon Oct  1 04:32:56 2018
# 
1916 2914
22548 3549
14061 3356
7018 6762
34781 20764
59891 51395
12654 20764 47872 12654 3303 9002 6939
53070 10429
4589 9002
5396 9002
4230 262757 9002
34288 20764
8468 9002
56730 20764
20932 20764
7575 6762
21320 513 9002
7738 12956 263321
16735 28138 6762 12956
57821 12586
3491 9002
1836 20612 9002
35054 3356
680 553 9002
8758 9002
29691 57118 15576
3356 8222 29608 1280 9002 22652
1853 9002
263321 263584
4777 2497
1221 4637 4608
16397 263075 26615
25160 9002
286 9002
45896 3549
25220 20764
28220 6762
9189 6695
12956 47872 10429
41497 9002
12637 20764
13030 198249 58299 9002
52720 3549
25152 3257
35699 9002
8222
64396 174
6939 202194
202194
50300 9002
263584
4608
50304 20764
47872 49605 6762 3549
262757
52863 6762
3549 25933 6762
51185 9002
6720 9002
19151 9002
12350 9002
49605
29140 20764
13237 9002
51395 9002
8596 9002
15547 20764
28329 6762
29680 9002
9002 31424 196621 4637 3257 1136 12779 2914 8607 12586 20080 5392 29686 2497 8218
26615 6762
20080
22652
5392
57381 42708
263075
174 20764
29686
58299
29608
28138
25933
15605 20764
20764 20764 6695 42708 198385 25091
8218
198385
31424
42708
513
57118
4637
3257
12779
1136 3333
29222 3303
10429
196621
2914
553
20612
8607
198249
2497
6695
3333
25091
6762
15576 3303
3303
1280
12586
