#src/zombie.py
# GMT Mon Oct  1 04:27:35 2018
# 
37468 37271
50620 6939
2857 6939
37640 6939
264911 6939
57821 6939
62567 6939
43100 29608
286 42708
198249 6939
28917 6939
22652 6939
198290 6661
2914 42708
15435 6939
1299 3257 50304 1280 680 8283 6453
12859 6939
1280
513 21320
37497 6939
20080 6939
41722 6939
41497 6939
50300 50304
15685 29208 6881
8218 6939
16735 6939
12779 50304
29208 35369
3356 3549 6939
37271 6939
4844 37989 6939
8763 6939
49463 6939
12654 29608 50304 6881
29140 42708
42708 6667 8455 50304 8928 29686 3333 15605 50763 9189 25220 20932
3257
37989
47872 50304
6881
52863 6939
50304 34288 25091 24482 9002 57381 1103 4589 29075 6939 48526 30844
8596 6939
48526
12637 6939
2497 6939
34019 29608
34288
21320 6939
262317 6939
58299 6939
29680 6939
1103
50763
23106 6939
34781 6939
28329 3549
20612 6939
28571 1916
202032 6939
9002 41617
7575 6939
64396 6939
1836 6939
49605 6939
13030 29608
8758 6939
16347 29608
8283
14061 6939
3333
8928
3549
9189
263075 6939
20932
41617
263651 6939
59689 6939
4589
29686
9304 6939
51405 6939
29075
1916 6939
6939 262757 22548 8426 202194 198385 5396 6762 31424 2613 263152 553 25152 19151 53067 196621 1273 52720 59891 53070 20764 1853 37239 15547
25220
29608 6661
6661
5396
6762
31424
25091
59891
2613
263152
198385
553
25152
15605
22548
8455
196621
53067
6720 1853
30844
202194
6667
24482
8426
680
6453
262757
52720
35369
1273
53070
57381
20764
19151
1853
37239
15547
