#src/zombie.py
# GMT Mon Oct  1 04:45:13 2018
# 
37468 37239 174
8422 9189 3320
25933 8167
8447 3257 6720
35054 3356
3252 9002
52720 52873
57821 12586
62567 19151
24611 6661 51405
174 6762 1836 12956 3491 49463 19151 174 51395 58299 51945 28917 45896 198290 64396 20932 24482 29222 50304 25160 513 37497 680 5392 3267 12779 29075 1257 198385 20764 6893 6661 3356
58299
198249 13030
28917
22652 3257
25091 2914
45896
56730 51945
29140 3257
34177 2914
2914 7018 6762 1299 8607 16347 8283 6453 3356 19151 35699 8943 47872 3320 42708 12637
15435 3257
8455 3257
12859 3257
1280 19151
513
37497
20080 25152 1251
16347
3267 2895
29680 3257
15547 43531
39821 9002
1257 3333
8167 7738
41497 3257
50300 5580
12586 3257
8218 6461 59689
16735 22548 262757 25152
2497 19151 4777
12779
8607
51395 59891
262757
3356 3549 51185 8426 29608 15605
37271 3257 327995
12350 1299
7738 263321 3257
49463
51945
43531 19151
9044 3257 20612
3257 31424 49605 25152 25220 5580 13237 12389 15576 37100 8468 29686 1764 31122 5396
327995
47872
5580
52863 6762
263584 263321
13237
8596 1764
48526 12654
12637
15576 29691 8758 196621
34288 6939
15605
6661
50304
51185
3491
28220 12956
1221 4637 4608
1103 2603
50763 8943
23106 52320
34781 13030
28329 6762
20612
1251 52888
52320 19151
22548
9002 41617 19151
2895
4777
64396
1836
49605
13030 19151
29691
8758
12956 52873 10429
8283
14061 19151
3333
286 19151
3549
9189
198290
4637 19151
52873
8426
20932
41095 19151
29222
2603 19151
37100 327782
59689
25160
263321
327960 327782
4589 19151
29686
9304 19151
51405
24482
29075 58308
3320 8222
6939 202194 30132 12654 25152 30844
25220
29608
41617
52888
5396
8222
6762
31424
35699
59891
25227 12389
198385
553 33891
25152 12654 19151
1764
19151 1916 6667 14361 33891 6461 7575
42708 57381
1299
58308
196621
33891
12389
6720
30844
202194
7018
6667
327782
30132
8468
14361
680
5392
6453
4608
1916
31122
8943
6461
53070 10429
57381
20764
6893 2613
7575
12654
37239
10429
2613
