#src/zombie.py
# GMT Mon Oct  1 06:33:36 2018
# 
64396 6939
29608 6939
1836 6939
49605 6939
2857 13030
8758 13030
16347 13030
57821 6939
3333 6939
41722 6939
286 6939
198249 13030
59891 6939
28917 6939
198290 2914
8359 13030 41617
13030 25091 8763 50300 29140 4589 9189 48526 2914 35369 15435 1299 24482 513 20932 1103 50763 29636 29075 8607 6939 25220 50620 12654 31122 15547
56730 6939
20932
2914
41617
9189
35369
15435
8455 6939
59689 6939
25160 6939
513
202194 6939
29686 6939
51405 6939
29636
29075
41497 6939
6939 8928 12859 34019 12637 198385 202032 12779 5396 6762 31424 29680 37271 2613 6667 49463 57381 15605 25152 680 196621 50304 8596 34288 6881 8218 58299 12654 8426 34781 1273 20612 553 20764 9002
25220
202032
12779
8607
6762
31424
25091
37271
8763
6667
49463
553
15605
25152
680
4589
3257 1299
1299
6881
50300
196621
24482
8596
29140
48526
12637
12859
34019
34288
50304
8218
8928
58299
29680
12654
198385
8426
50620
1103
50763
34781
1273
20612
5396
57381
20764
9002
31122
15547
2613
