#src/zombie.py
# GMT Mon Oct  1 05:12:51 2018
# 
1916 174
22548 3549
14061 2914
7018 3257
34781 49605
8447 49605 6720
12654 12637 49605 5392 12779
53070 10429
37239 36937
29075 49605
1836 49605
5396 12637
34288 15576
8468 49605
56730 49605
7575 2914
57381 50304
7738 3257 263321
3320 3303 1299
16735 28138 262757 2914
59891 49605
8455 3257
57821 12586
34177 49605
30844 12779
1764 1853 12779
35054 3303
16347 49605
8758 49605
2895 49605
48526 12779
20764 3356
51405 49605
1853
263321 263584
4777 2497
1221 4637 4608
16397 263075 3549
29608 49605
49463 49605
58308 49605
25160 49605
286 3356
30132 49605
202032 49605
45896 174
6453 36937 9002
28220 6762
12956 3356 10429
34019 49605
12637 2914 5392
39821 49605
41497 49605
25152 3257
12859 49605
35699 2914
24482 5392
6720
37497 49605
9304 12779
36937
327995 37271
202194 49605
29691 49605
41095 12779
50300 49605
15435 49605
52720 3549
37271 12779
13030 49605
4608
50304 49605
262757
52863 6762
50763 49605
3549 25933 3356
43531 8596 12779
8426 12779
19151 3356
3491 174
12874 3303 15605
49605 198385 59689 15547 2613 9002 20080 58299 198290 20562 8218 3356 31424 28917 57118 4637 1103 196621 20612 1299 8607 198249 31122 50620 64396 8283 25091 43100
59689
13237 12779
8596
15547
2613
28329 6762
29680 3257
3333 12779
12586 31025
20080
22652 3356
5392
25933
174 12779
58299
1103
198290
28138
20562
15605
8218
3252 12779
31424
263075
57118
4637
3257 2497 14361 12779
12779 31025 12779
6762 2914
10429
3356 2497 1280
2914 62567
196621
64396
20612
1299
8607
198249
2497
263584
31122
50620
31025
198385
9002
8283
25091
43100
29222 3303
15576 3303
3303
1280
14361
28917
62567
