#src/zombie.py
# GMT Mon Oct  1 06:30:10 2018
# 
37468 6453
50620 6939
29691 6939
2857 174
264911 6939
57821 6939
62567 6939
174 64396 29636 2914 25160
286 8596 2497
198249 6939
28917 6939
22652 3356
8359 2497 41617
198290 2914
56730 3356
41722 9002
2914 6762 29140 8455 37271 12859 8763 1103 8943 3257 2914 2497 12637 4844
20485 13002 2497
15435 6939
34019 3303
12859
1280 2497
513 21320
37497 6939
20080 6939
16347 6939
15547 6939
1257 3333 2497
41497 6939
50300 6939
8218 6461
16735 22548 262757 4809 2497
15576 3356 196621
12779 3257
8607 6939
13002 25091
3356 49605 8426 680 15605 48166 3549 47872 553 1853 2497
37271
4844 37989
8763
49463 6939
29140
3257
47872
6881 6939
202032 6939
12307 57118
8596
48526 6939
12637
2497 8928 13030 6667 19151 6461 2603 1273 12654 6453 7018 6939 4589 3303 9002 7575
4589
34288 13030
15605
37989
50304 6939
58299 6939
23106 3549
263651 6939
1103
50763 8943
48166
57118 6939
20612 6939
680
22548
9002
7575
64396
1836 13030
49605
13030 35369
12956 10429 6939
8283 57866
14061 6939
3333
3549 52720
9189 6939
263075 6939
20932 6939
57866 6453
37640 6939
2603 21320
52720
59689 6939
25160
262317 6939
29608 6453
29686 6939
9304 6939
51405 6939
29636
29075 6939
1916 28571 6939
6939 202194 37239 25220 59891 2613 263152 25152 53067 198385 30844 57381 20764 31122
25220
52863 4809
21320
41617
53070 10429
6762
8928 29680
25091
59891
2613
263152
198385
57381
25152
29680
19151
28571
8455
196621
53067
6720 1853
30844
202194
7018
6667
24482 6453
8426
1273
12654
6453 6453
262757
31122
35369
8943
6461
4809
553
20764
3303
1853
37239
10429
