#src/zombie.py
# GMT Mon Oct  1 03:44:04 2018
# 
37468 6453
2857 174
37640 6939
57821 6939
62567 6939
174 64396 29636 25160 2914
286 2497
198249 6939
28917 6939
22652 3356
8359 2497 41617
198290 2914
56730 3356
2914 6762 29140 8455 37271 4844 8763 16347 14061 1103 8943 3257 2914 7575 12637 2497
20485 13002 2497
15435 6939
8455
12859 6939
1280 2497
513 21320
37497 6939
20080 6939
41722 9002
1257 3333 2497
41497 6939
50300 6939
8218 6461
15576 3356 196621
12779 3257
8607 6939
13002 25091
3356 49605 8426 680 553 15605 3549 47872 1853 2497
37271
4844 37989
8763
49463 6939
12654 2497
29140
3257
47872
50620 6939
6881 6939
48526 6939
12637
2497 2603 13030 6667 6453 7018 19151 6939 4589 1273 8928 9002 30781 6461
34288 13030
15605
37989
50304 6939
58299 6939
29680 8928
1103
50763 8943
34781 13030
20612 6939
9002
30781 34019
7575
64396
1836 13030
49605
13030 35369
16347
8283 57866
14061
3333
3549 52720
9189 6939
20932 6939
57866 6453
41617
2603 21320
59689 6939
25160
29608 6453
29686 6939
9304 6939
51405 6939
29636
29075 6939
6939 59891 2613 25152 20764 198385 30844 37239 31122 15547 202194 57381 25220 202032
25220
202032
21320
31122
6762
8928
25091
59891
2613
198385
553
25152
19151
20764
34019
196621
6720 1853
30844
202194
7018
6667
24482 6453
8426
1273
680
6453 6453
52720
35369
8943
6461
57381
4589
1853
37239
15547
