#src/zombie.py
# GMT Mon Oct  1 05:09:38 2018
# 
37468 6453
50620 6939
2857 174
12989 53070 6939
37640 6939
264911 6939
57821 6939
62567 6939
174 64396 2914
286 8596 2497
198249 6939
28917 6939
22652 3356
8359 2497 41617
198290 2914
49605 3356
2914 6762 29140 8455 37271 12859 8763 16347 14061 7575 1103 8943 3257 2914 2497 12637 4844
20485 13002 2497
15435 6939
8455
12859
1280 2497
513 21320
37497 6939
20080 6939
16347
1257 3333 2497
41497 6939
50300 6939
8218 6461
16735 22548 262757 2497
15576 3356 196621
12779 3257
262757
3356 3549 47872 8426 553 680 2497 1853 15605
37271
4844 37989
8763
49463 6939
12654 2497
29140
3257
47872
6881 6939
202032 6939
262317 6939
8596
48526 2497
12637
2497 8928 13030 6667 19151 2603 6453 6939 4589 1273 9002 30781 6461
34288 13030
15605
37989
50304 6939
58299 6939
23106 52320
1103
50763 8943
34781 13030
28329 3549
20612 6939
52320 6939
22548
28571 1916
9002 41722
30781 34019
7575
64396
1836 13030
680
13030 35369
8928 29680
8283 57866
14061
3333
41722
3549 52720
9189 6939
263075 6939
20932 6939
57866 6453
41617
263651 6939
202194 6939
29686 6939
9304 6939
51405 6939
29075 6939
1916 6939
6939 59689 198385 25220 59891 2613 263152 25152 53067 30844 57381 20764 37239 15547
25220
29608 6453
21320 2603
6762 52863
2603
25091 13002
59891
2613
263152
198385
553
25152
29680
19151
20764
34019
196621
53067
6720 1853
30844
59689
13002
6667
24482 6453
8426
1273
52863
6453 6453
52720
35369
8943
6461
53070
57381
4589
1853
37239
15547
