#src/zombie.py
# GMT Mon Oct  1 04:05:51 2018
# 
1916 6939 28571
14061 2914
7018 2497
34781 13030
59891 6939
12654 2497
25160 174
57866 6453 8283
37989 4844
20485 13002 2497
34288 6939
56730 51945
20932 6939
2613 6893
30781 2497 34019
3320 513 2497 3320
16735 2497 262757
8455 2914
174 2857 64396 12779 2914
57821 6939
8943 2914 50763
8763 2914
6893 25091
680 553 3356
25220 6939
8426 3356
35369 13030
13002 25091
16347 6939
48526 2497
29636 2914
20764 6939
51405 6939
1853 3356 6720
28917 6939
29608 6453
49463 6939
53070 12989
286 2497 8596
6881 6939
3549 3356 52720
202032 6939
19151 2497
6453 24482 2497 6453
6461 2497 8218
37239 6939
4844 2914
34019
13030 2497 29691 1836
41497 6939
25152 6939
12859 6939
50300 6939
24482
6720
37497 6939
9304 6939
6939 50304 198385 262317 29075 59689 15547 53067 28329 20080 263152 30844 51945 29686 58299 12989 264911 263075 57118 9189 37640 20612 8607 198249 2497 31122 50620 202194 15435
202194
12989
50763
29075
52720
1257 2497 3333
50304 57381
47872 3356
262757
52863 6762
3356 2497 15576 37271 49605 22652
64396
198385
12874 3303 15605
49605
29140 2914
59689
8596
15547
53067
28329
29680 8928
3333
29691
20080
22652
57381
263075
9189
51945
30844
58299
1103 2914
198290 2914
15605
28571
7575 2914
262317
1836
1273 2497
264911
513
57118
4589 2497
3257 2914
263152
6667 2497
37640
196621 15576
2914 2497 8928 6762 2914 62567
553
15435
20612
12779
8607
198249
2497 9002 3303 1280
37271
8218
31122
50620
29686
8928
9002
8283
25091
6762
15576
3303
1280
2857
62567
