#src/zombie.py
# GMT Fri Sep 28 16:06:33 2018
# 
59891 1764
28138 16735
16735 262757 22548 52320
3549 3356
6453 1299 3257 36937 5392
513 6730
50300 13237
56730 13237
1280 1299
8607 2914
15435 13237
31122 8218
30844 13237
52720 52873
202032 1764
58299 1764
6730 12654 6893 6730
34288 13237
12859 13237
6461 14361 19151 8218
52873 12956
31424 13237
29222 8218
12586 31025 57821
8455 1764
15605 13237
29140 13237
7575 2914
12956 1299 10429
9304 13237
12779 13237
9002 13237 39821
51185 1764
14361
19151
1764 2914 57118 8387 35054 3356 174 198385 8218 34781 8222 202194 29691 12350 196621 8758 64396
327995 37271
4777 2497
20612 1836
7018 1299
58308 29075
50620 174
4637 1221 3257
12637 13237
57118
14061 1299
20932 13237
2613 6893
10429 262317 53070
41497 3257
4608 1221
29076 13237 2895
20764 3356
8283 1299
13030 198249 8387
13237 50763 680 28917 41095 12654 15547 20562 1103 51405 3257 8468 6695 48526 20080 1836 49463 29686 3252 34019 16347 3320 42708 198290 6667 24482 25220 35699 25091 31025 8596 34177 286 4589 52320 3333 1299 49605 30132 29075
8758
22652 3257
8447 3320 6720
62567 1299
29680 3257
6762 28220 3257 6762 25933 26615 28329 52863
35699
25091
8426 8218
50304 8218
34177
174 1916 3257 3320
28329
52320
49605
25152 3257
30132
262317
6893
28220
50763
680 553
28917
41095
16397 26615 263075
12654 1853 6939 8387
3356 29608
6720
29691
263584 263321
1251 52888 20080
8222
15547
3491 3257
198290
1103
20562
12350
26615
196621
1853
263075
64396
37239 36937
9189 6695
3257 5396 7738 2497
29075
8468
8387
48526
6939 47872
47872
57821
22548
57381 42708
1836
2497
202194
8596
49463
198385
29686
29608
34781
59689 3320
3252
34019
16347
3333
2895
1221
42708
8218 25160
53070
6695
37271 1299
198249
1916
5392
1299
24482
20080
2914
5396
25220
36937
263321 7738
39821
31025
3320
7738
51405
25160
35054
553
286
4589
25933
52888
6667
262757
52863
