#src/zombie.py
# GMT Fri Sep 28 20:34:17 2018
# 
29686 6453
12874 6762 15605
4777 2500
59891 51395
196621 15576
37239 37468
28220 52863
41095 3356
2613 6893
37468 174
61157 25074 1299
30844 6939
3320 8222 6762
13101 174 12586
8426 6453
25933 52720
1251 52888 20080
327995 37271
1221 4608 4637
5392 174
6667 1273
8607 2914
6453 6762
56730 51945
202194 6939
41722 20764
262757 52863
12637 174
25220 1299
20612 1836
34288 13030
9189 25074
14061 2914
12586 57821
22388 7660 11537
15547 6830
31424 13030
34781 13030
16347 2914
12654 52863 53070 28329 1916 52720
50763 8943
25074
3303 6762 34019 15576
59689 8218
8943 1299
25227 1299
29691 13030
23106 1916
1103 11537
45896 174
51185 1916
11537 7575 20965 11537 1916
28917 174
1836 13030
22548 52720
57381 50304
15435 1299
50304 1299
6461 8218 6762
15576 8758
8447 6762 6720
15605
29680 8928
3491 6762
64396 174
2895 3267
8928 6762
1764 8596 174
7660 2500
263584 1916
20965 680
59414 13030
2497 2914
30132 6762
1916 174 13030 4809 1916 9304 25152 6939 19151 24482
47176 25435 174
28329 6762
20080 6762
12859 2914
8222
52888
4589 2914
24611 51405 6661
6893 174
1299 13237 6762 47872 553 48526 49605
25091 2914
6720
51945 174
327782 37100 327960
286 6762
29140 2914
39821 9002
680
553
4637 6762
198385 174
2500 2500
37100 6762
327960
8455 3257
37271 6762
49463 174
5396 6762
50300 2914
1273 6762
51405
29075 6762
52873 12956 52720
13030 198249 58299
4809 16735 52863
22652 174
25152
62567 2914
41617 9002
47872
3333 6762
52863 6762
48526
14361 2914
3257 174
25435
7018 6762
24482
3252 174
7575
174 12779 20764 3356 25160 3267 6661
34019
9002 2914
51395 6939
198249
12956 6762
8283 6762
58299
198290 2914
6939
20764
8218
35699 2914
3356 3549 29608
12779
6830 6762
14840 52720
52720
29608
41497 6762
19151
57821
8596
6762 2914 1280
8758
53070
34177 2914
1280
9304
25160
3549
2914
3267
49605
6661
16735
13237
4608
