#src/zombie.py
# GMT Mon Oct  1 03:42:24 2018
# 
1916 6939
14061 6939
7018 6939
34781 6939
59891 6939
12654 13030 6939 15547 19151 9002
7575 6939
25160 6939
37239 6939
37989 4844
30844 13030
5396 6939
34288 6939
56730 9002
263674 6939
20932 13030
2613 9002
16735 6939
8455 9002
57821 6939
263152 6939
8763 13030
680 553 9002
8426 6939
35369 9002
16347 9002
8758 13030
48526 9002
29636 13030
20764 9002
263651 6939
1853 9002
28917 9002
29608 9002
49463 9002
53070 6939
286 9002
6881 6939
202032 6939
19151 174
6453 9002
25220 13030
4844 6939
34019 9002
13030 198249 8596 42708 513 50300 24482 8283 4589 9189 9304 15435 48166 2857
41497 9002
25152 6939
12859 6939
50300
24482
6720 9002
48166
9304
6939 47872 262757 20080 52863 264911 28329 29680 22652 1836 29686 58299 29691 28571 31424 263075 57118 37640 196621 20612 52720 2497 51405 8218 50620 64396 6762 202194 262317 1280 37271
202194
29691
50763 9002
29075 9002
52720
28571
50304 9002
47872
262757
52863
64396
51405
1273 9002
31424
29140 9002
59689 9002
8596
15547
264911
28329
29680
9002 6667 42708 198385 12779 49605 2914 8607 31122 3333 15605 25091 43100 1103 198290 8928 62567
20080
22652
57381 42708
513
9189
174 3257
29686
58299
1103
198290
15605
8218
198385
262317
1836
42708
263075
57118
4589
3257
12779
6667
37640
196621
2914
553
15435
20612
8607
198249
2497
37271
31122
50620
8928
3333
8283
25091
43100
6762
49605
1280
2857
62567
