#src/zombie.py
# GMT Mon Oct  1 04:51:52 2018
# 
1916 6939
14061 6939
7018 3356
34781 6939
8447 20764 6720
12654 20764 25091
25160 6939
37239 6939
37989 4844
1836 20764 20612
5396 6939
34288 20764
56730 6939
20932 20764
7575 6939
21320 513 6939
16735 6939
59891 6939
8455 20764
57821 6939
263152 6939
30844 6939
680 553 6939
8426 6939
35369 13030
16347 20764
48526 20764
29636 6939
20764 3356 50304 47872 42708 50763 12779 6667 49605 29075 25220 34019 13030 9002 12859 50300 4589 6939 174 29686 28917 1103 29140 6661 8218
51405 6939
52888 6939
1853 6939
28917
29608 6939
49463 6939
53070 6939
286 6939
6881 6939
202032 6939
19151 6939
6453 3356
25220
4844 6939
34019
13030 198249
41497 174
25152 6939
12859
50300
24482 6939
6720
9304 6939
6939 6695 52863 198385 8283 31424 263651 8763 59689 8596 2613 28329 29680 20080 15547 58299 29691 28571 262317 264911 263075 57118 37640 22652 8607 2497 52720 31122 1273 50620 64396 2857 6762 202194 15435 37271 8928 62567
202194
29691
50763
29075
52720
8218
8928
6695 9189
50304 57381
47872
52863
3356 15576 2914 1280
64396
8763
263651
1273
49605
29140
59689
8596
15547
6661 198290
264911
28329
29680
3333 1103
20080
22652
57381
513
9189
174 3257 15605
29686
58299
1103
198290
15605
28571
2613
262317
31424
42708
263075
57118
4589
3257
12779
6667
37640
196621 15576
2914
553
15435
20612
8607
198249
2497
37271
31122
50620
198385
9002
8283
25091
6762
15576
1280
2857
62567
