#src/zombie.py
# GMT Mon Oct  1 04:59:56 2018
# 
29691 6939
328206 6939
49605 6939
7018 1299
6720 8447
12637 52320
29636 3257
15605 52320
18747 174 263702
553 6939
29075 52320
202032 6939
3333 52320
52720 22548 28571 52720 14840 12654 1916 28634 23106
20612 6939
16347 52320
59689 6939
8426 6939
3491 6939
22652 6939
34019 52320
20764 52320
29608 6939
680 1299
20080 52320
9002 52320
20495 52320
15547 52320
2914 52320 15562 198290 6453 1273
50304 6939
56730 6939
6939 37271 6667 37239 12307 4844 50877 64463 198385 31424 41497 50620 202194 29686 8896 59891 49463 15435 51405 21232 57381 29504 7575 198249 25160 31122 38001 2497 29680 41722 57821 513 1280 52873 59414 8607 2613 37640 5396 52320 35369 58299
20932 52320
202194
37468 52320
8455 52320
47692 52320
25220 52320
50877
25152 3257
59891
49463
15435
51405
29504
6762 3257
15562
1103 52320
12654 52863
6881 3257
198249
1273
31122
38001
39351 52320
29680
14840
513
19151 52320
52873
8607
47147 52320
37640
28571
48526 52320
4777 2497
28917 52320
263702
12779 52320
196621 15576
9304 52320
1916
37271
15576 52320
31424
59414
6667
23106
37239
24482 52320
25091 52320
8283 52320
8218 52320
12307
3257 31742 52320 50300
4844 37989
198290
6453
1299 52320
64463
50300
198385
8896
41497
13030 52320
50620
29686
5396
50763 52320
12859 52320
22548
21232
57381
28634
7575
34288 52320
30844 52320
174 52320
8447 52320
286 52320
39122 52320
52863 52320
2497
2857 52320
37989
41722
57821
31742
1280
29140 52320
57111 52320
14061 52320
2613
52320 1836
1836
35369
58299
25160
