#src/zombie.py
# GMT Mon Oct  1 05:28:02 2018
# 
263584 263321
263321 28329
49605 9002
59689 20764
6720 1853
37497 6939
12637 9002
262317 6939
266534 18881
39351 20764
15605 9002
14907 6939
264911 6939
12307 6939
3333 20764
52888 1916
52720 6939
12956 28220 10429 9002 18881
20612 1836
16347 20764
45896 41095
29691 6939
6894 9002
8426 41095
3491 9002
22652 41095
20764 50763 56730 34288 29140 51405 40191 29075 49375 25220 12654 174 30844 6939 39122 4766 8283 8222 15547 29608 37468 47147 2613 34177 198290 13760 28917 20932
3356 41095 35054 3549 1280 7018
29608
680 9002
20080 6939
3549
9002 553 9304 37271 20562 196621 6667 30132 8218 3257 2914 23106 6453 50300 31424 41497 8455 1853 47692 8758 15435 21232 1836 12350 35699 1103 12654 286 2497 29680 12779 21320 59414 8607 5396 52320 48526 13237
50877 6939
2914 28329 15562
6939 4608 34549 51185 202032 263075 43578 24482 263152 34019 327960 28929 202194 50304 64463 37640 198385 205206 8896 59891 49463 29222 57821 29504 7575 25160 38001 25933 31742 5392 1916 57111 14061 263508 35369 58299
56730
20932
28634 22356
37468
63297 395152 174
8455
47692
8758
8896
25152 3257
2497 41095 4777
49463
29222
34549
15435
51405
29504
7018
35699
15562
1103
12654 3252 41722 25091 41095
6881 3257
198249 13030
38001
31424
50304
29680
59891
5392
21320 513
8607
395152
6762 174
37640
5396
22356 41095
48526
34177
4777
28917
12779
513
196621
8222
9304
1280
37271
263075
41095 16735 13030 19151 12859
51185
35369
4608
20562
43578
59414
6667
263152
23106
28220 28220
29075
34019
19151
4766 64050
30132
327960
25091
8283
8218
202032
49375
3257
3252 29686
15547
395766 40191
553
47147
35054
198290
6453
205206
64463
50300
28329
198385
40191
41497
13030
1853
64050
29686
50763
12859
28929
202194
53070 10429
21232
12350
7575
34288
2895 41722
30844
174
262757 16735
286
39122
52863 52320
25933
16735
41722
57821
31742
13237
25220
1916
29140
57111
24482
14061
2613
263508
52320
1836
10429
58299
13760
25160
18881
