#src/zombie.py
# GMT Mon Oct  1 03:59:30 2018
# 
1916 11537
22548 16735
14061 3356
7018 3320
34781 35054
198545 35054 29152
59891 35054
559 553 513
12654 513 3303 35054 15547
25160 2603
37239 36937
24611 51405 6661
29075 6830 16347
30844 21320
5396 6762
34288 35054
8468 2603
56730 51945
34177 2603
7575 24490
21320 513 30132 2603
7738 3320 263321
3320 6762 513 1280 4637 8222 1299
37179 41095 327984
8455 2603
57821 12586
2603 50304 8607 513 8426 12779 6667 13101 41095 29140 39326 25220 34019 3252 31122 51185 3267 29686 28917 37271 48526
1836 35054
1251 11537 52888
51185
35054 198385 31424 43531 57118 49605 202032 12350 20612 198249 9002 24482 64396 43100 6939 202194 58299 8758 29691 8218
680 20965
24490 20965
16347
3252
51945 39326
8607
8758 196621
2895 3267
48526
6893 2613 25091
20965 513 11537 1853
3356 20764 29608 50300 6830 3549
51405
52888
1853
263321 263584
7660 22388 2500
327984
1221 4637 4608
6830 513 2914 9189 3257 4589 286 6762 19151 59689 13237 6453 1299 2497 16735 12859 8928 6720 3491 12956 174 5580 15435 14361
29608
49463 8218
58308 29152
53070 10429
286
13101 12586
30132
202032
19151
8943 1299 50763
29691
6453 36937 5392
25220
28220 6762
9189
12956 10429
34019
12637 3257
39821 9002
41497 174
25152 6939
12859
35699 2914
24482
64396
10764 11537 513
9304 174
36937
6939
202194
57866 8283 9002
50300
5580 22652
15435
52720 3549
37271 327995
8222
4608
13030 513
50304 57381
47872 2914
52863 6762
50763
3549 25933 28329
43531 8596
8426
3491
12874 3303 15605
12350
31424
29140
59689
13237
8596
15547
6661 174
28329
29680 8928
9002
6720
12586
4777 2500
20080 2914
22652
5392
57381
29152
174 50620 198290
29686
58299
1103 513 3333
198290
28138 16735
25933
15605
20764
8218
198385
262317 10429
327995
49605
2500 2500
513 513 25091
57118
4637
4589
3257
12779
6667
11537 22388
41095
10429
196621
2914
553
39326
20612
1299 62567
16735
198249
3267
2497
263584
2613
31122
50620
22388
8928
3333
8283
25091
43100
6762
3303
1280
14361
28917
62567
