#src/zombie.py
# GMT Mon Oct  1 06:02:21 2018
# 
1916 2914
22548 3549
14061 2914
7018 2914
34781 8468
59891 51395
12654 6939 6730 9002 3303 12654 8468 2914 8607
7575 2914
53070 10429
3491 9002
24611 51405 6661
29075 58308 9002
5396 9002
8426 8468
34288 8468
8468 198385 50304 20932 3549 51185 49463 9189 4589 28917 34019 30132 3252 13237 6453 37497 15547 6661 12637 13030 29140 20080 34177 25091 3267 56730 25220 16347 1103 15435 20562 15605 29686
56730
20932
2613 6893
25933 3549
7738 6453 263321
3320 8222 2914
16735 28138 262757 2914
8455 9002
57821 12586
34177
1836 9002
6893 6730
35054 3356
680 553 9002
3252
37239 36937
174 50620 64396 2914
16347
8758 9002
2895 3267
48526 9002
3356 20764 29608 9002 22652 8607
51405
1853 9002
263321 263584
4777 2497
1221 4637 4608
29608
49463
39821 9002
25160 9002
286 9002
30132
45896 3549
9044 20612 8607
6453 36937 9002
25220
28220 6762
9189
12956 10429 2914
34019
12637
13030 198249 58299
41497 9002
25152 3257
12859 9002
35699 9002
8222
6720 9002
37497
9304 9002
36937
6939 202194
202194
29691 57118 6730
41095 8607
50300 9002
15435
52720 3549
37271 327995 9002
24482 9002
4608
50304 57381 42708
47872 2914
262757
52863 6762
50763 9002
3549
51185
64396
19151 9002
13237
49605 8607
29140
59689 8218
12350 9002
51395 9002
8596 9002
15547
6661
28329 6762
29680 9002
9002 31424 14361 4637 3257 12779 1136 196621 8607 6667 12586 5392 42708 8218
12586
20080
22652
5392
57381
58308
6730 513 6730
29686
58299
1103
198290 2914
28138
20562
15605
20764
8218
198385
31424
42708
513
57118
4637
4589
3257
12779
1136 3333
6667
29222 3303
10429
196621
2914 2497 8283 6762 1280 62567
553
20612
8607 31122
198249
2497
263584
31122
50620
3333
8283
25091
3267
6762
327995
3303
1280
14361
28917
62567
