#src/zombie.py
# GMT Mon Oct  1 05:32:24 2018
# 
52873 52720 12956
1916 11537
22548 16735
14061 2914
7018 286
34781 12859
8447 12859 6720
12654 5413 6730 3333 12859 8455 1103 6939 12956 12779
25160 2603
2603 50304 19151 16735 31122 1103 553 2497 14361 20080 3491
24611 51405 6661
29075 58308 1103
1836 20612 3333
5396 6762
34288 12859
8468 5413
56730 1103
263075 16397
20932 12859
3252 12859
57381 42708
28220 12956
16735 262757 28138
59891 51395
53067 10429
8455 3216 13030 48526 28917 3303 1299 3257 15547
57821 12586
34177 12859
30844 5413
6893 2613 6730
51185 12859
35054 3303
680 20965
24490 7575 20965
174 2914 64396 3257 50620
8607 5413
8758 15576
2895 29076
29691 57118 6730
20965 11537 1853 1103
3356 286 29608 1299 3549
51405
1853
263321 263584 7738
7660 22388 2500
4777 2500
1221 4637 4608
5413 12637 31424 42708 9002 8426 49605 4637 49463 4589 50300 9304 41095 6661 29686 13237 29140 16347
49463
39821 9002
53070 10429
286 6453 29222 1103
19151
6453 36937 2914 5392
25220 12859
37239 36937
9189 6695
12956 47872 10429 7738
34019 12859
12637
13030 198249 58299
41497 3257
28329 6762
25152 3257
12859 198385 31025 3333 43531 8222 2914 15605 29076 6695
35699 2914
24482 1103
6720
37497 1103
9304
36937
49605
29076
48526
41095
50300
15435 1103
52720
37271 327995 1103
8222
4608
6695
50304
47872
262757
52863 6762
3549 25933
43531 8596
8426
16397 26615
3491
12350 1103
31424
29140
59689 8218
13237
51395 6939
8596
15547
6661
3216 20764
28917
29680 3257
7738
3333 6667 9002 6762 20562 1103 8283
26615 6762
20080
22652 3257
5392
25933
58308
6939 202194
6730
29686
58299
1103 513 3257 25091 8218
198290 2914
28138
20562
15605
20764
8218
7575
202194
327995
42708
2500 2500
513
57118
4637
4589
3257
12779
6667
11537 22388
29222
10429
196621 15576
2914
553
64396
20612
1299 1280 62567
16347
198249
2497
263584
2613
31122
50620
22388
31025 12586
198385
9002
8283
25091
6762
29608
15576 3303
3303
1280
14361
12586
62567
