#src/zombie.py
# GMT Mon Oct  1 04:48:13 2018
# 
29691 6939
328206 6939
49605 6939
59689 6939
6720 1853
12637 6939
262317 6939
39351 6939
29636 6939
15605 6939
553 6939
29075 6939
202032 6939
3333 2914
52888 1251
52720 6939
25220 6939
16347 2914
2857 6939
8426 6939
20612 6939
3491 6939
202194 6939
34019 6939
20764 6939
3356 3549 6762
29608 6939
680 6939
20080 6939
3549 263702
9002 6939
20495 6939
15547 6939
2914 12654 1280 3257 29140 6762 7018 15562 1103 35369 198290 1273
286 6939
56730 6939
6939 264911 263075 4844 6881 50304 6939 20932 37468 8455 53067 47692 50877 25152 49463 15435 51405 29504 12654 198249 31122 38001 31424 29680 513 52873 8607 47147 37640 5396 28917 12779 9304 37271 15576 50763 24482 6667 263152 23106 37239 25091 8283 50620 8218 12307 262757 48526 64463 50300 198385 8896 41497 13030 1853 29686 12859 22548 53070 21232 57381 28634 7575 34288 30844 1251 25160 39122 59891 16735 41722 57821 31742 1916 59414 14061 2613 263508 1836 58299
20932
37468
8455
53067
47692
50877
25152
59891
49463
15435
51405
29504
7018
15562
1103
12654 19151 2497 6762
6881
198249
1273
31122
38001
31424
50304
29680
513
19151 22652
52873
8607
47147
37640
28571 1251
48526
50300
4777 2497
28917
263702
12779
196621 15576
9304
1280
37271
263075
15576
50763
264911
59414
6667
263152
23106
37239
24482
25091
8283
50620
8218
12307
3257
262757
4844 37989
198290
6453 6762
64463
6762 57111
198385
8896
41497
13030
1853
29686
5396
12859
22548
53070
21232
57381
28634
7575
34288
30844
1251
25160
39122
2497
16735
37989
41722
57821
31742
1916
29140
57111
22652
14061
2613
263508
1836
35369
58299
