#src/zombie.py
# GMT Fri Sep 28 20:54:32 2018
# 
29608 6453
6881 21320
12874 3303 15605
59891 6939
196621 15576
37239 6939
202032 6939
37989 4844
2613 6939
37468 2603
30844 6939
12989 6939 53070
25152 6939
35369 13030
6667 2603
8607 6939
6453 174 6830 6453
56730 51945
202194 6939
6830 1280 8365 1836 5539 1273 513 2497
12637 174
25220 6939
20612 6939
9189 6939
52863 6762
37640 6939
680 20965
15547 12654
34781 25091
2603 8928 24482 34019 21320 286 29140 8283 12779 8943 31122 50304 553 29636 2914 12859 8426 4589 25160 37271
12654 25091 513 559
50763 8943
3303 513 15576
59689 6939
264911 6939
49605 6939
23106 52320
1103 3333 513
16347 6939
37497 6939
1853 6720 20965
51945 6939
198290 6661
22548 16735
15435 6939
50304
64396 174
15576
15605
29680 174
21320 8218 9002 6661 513 559 8455
53067 6939
1273
8928
1764 6939 8596
8943
20965 24490 513
28917 6939
1916 6939 28571
262317 6939
8763 5539
29636
28329 3549
20080 6939
12859
57821 6939
1836
513 25091 13030 174 6939 34288 513
4589
25091 6939 43100
6720
14061 6939
286
29140
553
34019
31424 6939
198385 6939
8426
34288
37271
49463 6939
5396 6939
50300 6939
7575 24490
51405 6939
29075 6939
13030 198249
22652 174
57381 6939
62567 6939
41617 9002
47872 6939
3333
25160
48526 6939
41722 20764
7018 174
24482
9304 6939
559
174 3257 19151 6762 3356
43100
50620 6939
9002
198249
8283
263152 6939
58299 6939
8596
20764 6939
8218
3356 3549
4844 6939
12779
262757 16735
52720 3549
52320 6939
41497 6939
263651 6939
2857 8365
29686 6939
24490
8365
28571
6762
8758 6939
53070
8455
1280
31122
5539
3257
3549
2914
6939 16735 263075
263075
19151
16735
2497
6661
