#src/zombie.py
# GMT Mon Oct  1 05:37:17 2018
# 
1916 6939
14061 6939
7018 286
34781 6939
59891 6939
12654 286 13030 6939 42708 9002 680 25220 2914 6762 12779
25160 6939
37239 6939
37989 4844
30844 13030
5396 6939
34288 6939
56730 6939
263674 6939
20932 13030
2613 9002
16735 6939
53067 6939
8455 6939
57821 6939
263152 6939
8763 286
680 20965 553
8426 6939
16347 25220
8758 13030 196621
48526 9002
29636 13030
20965 24490 1103
20764 6939
263651 6939
1853 9002
28917 9002
29608 6939
49463 9002
53070 6939
286 2857 4589 8218
6881 6939
202032 6939
19151 13030
6453 9002
25220 198385 2914 15435 15605
4844 6939
34019 6939
13030 198249 2497 513 50300 24482 9304 15547
41497 6939
25152 3257
12859 6939
50300
24482
6720 9002
37497 6939
9304
6939 47872 262757 52863 49605 59689 8596 264911 28329 29680 9002 20080 1836 58299 29691 28571 31424 263075 57118 52720 6667 37640 20612 51405 50620 1273 8928 64396 22652 202194 262317 1280 37271
202194
29691
50763 9002
29075 9002
52720
8218
50304 42708
47872
262757
52863
198385
64396
51405
1273
31424
59689
24490 7575
15547
264911
28329
8596
9002 35369 31122 3333 3257 25091 198290 43100 62567 8607
20080
22652
57381 42708
513
35369
29686 3257
58299
1103
198290
15605
28571
7575
262317
1836
42708
263075
57118
4589
3257 6762
12779
6667
37640
196621
2914 6762 8283
553
15435
20612
8607
198249
2497
37271
31122
50620
8928
3333
8283
25091
43100
6762
29680
49605
1280
2857
62567
