#src/zombie.py
# GMT Mon Oct  1 05:40:16 2018
# 
1916 2914
22548 16735
14061 2914
7018 2497
34781 13030
4637 1221 2497
59891 51395
28220 3549
2914 12637 2497 12859 50300 51945 8943 6762 174 2914 198290 16347 35699 1299 62567 8607
25160 3356
2603 2497 1103
553 680
24611 51405 6661
29075 6453
8943 50763
5396 3257
8220 2497 8758 15547
701 701 2497 6762 12956 702
8468 3549
25220 3356
20932 3356
3252 702
57381 50304
30781 2497 59689
3320 513 2497 3320 8222
16735 2497 262757 28138
8455 3257
29680 3257
34177 3356
30844 6939
50300
6893 2613 6730
35054 3356
680 3356
56730 51945
6730 2497 29691
16347
8758
2895 3267
29691 57118
8422 3356 9189
20764 3356
51405
57821 12586
1853 3356 6720
58299 13030
4777 2516
1221 4608
29608 3356
49463 8218
39821 9002
53070 10429
286 2497 8596
30132 6939
45896 3549
6453 36937 2497 24482 57866 5392
6461 2497 8218
37239 36937
9189
12956 10429
263321 263584 7738
12637
13030 198249 2497 31424 51395 1836
41497 3257
25152 6939
12859
35699
24482
6720
4589 2497
9304 2497
36937
6939 202194 2497
202194
57866 8283
41095 2497
1273 2497 3333
15435 3257
52720 3549
37271 3356 327995
8222
4608
50304 1299
47872 3356
262757
52863 6762
3549 25933 3356
51185 174
8426 3356
19151 2497
3491 2497
15547
12350 174
327995
29140 3257
59689
13237 3257
51395
8596
34288 3257
6661 2497
28329 6762
48526 2497
7738 2497
9002 2497
31424
12586 3257
20080 6762
22652 3257
5392
25933
58308 3356
51945
174 50620 64396 15605 12779
29686 3257
702
1103
198290
28138
15605
2516 2497
8218
7575 2497
1836 20612
49605 3356
513
57118
50763
41562 198385 15576
3257 2497 31122
12779
6667 2497
29222 3303
10429
3356 2497 3356 25091 3267 15576
12654 2497
196621 15576
64396
20612
1299 28917
8607
198249
2497 3303 1280 14361
263584
2613
31122
50620
198385
3333
8283
25091
3267
6762
15576 3303
3303
1280
14361
28917
62567
