#src/zombie.py
# GMT Mon Oct  1 04:38:00 2018
# 
29691 6939
328206 6939
553 6939
59689 6939
60501 6939
12637 6939
262317 6939
266534 6939
59414 6939
15605 6939
14907 6939
29075 6939
202032 6939
263075 6939
52720 6939
25220 13030
16347 13030
2857 13030
8426 6939
20612 6939
3491 6939
20764 6939
680 47147
49605 6939
9002 6939
50877 6939
2914 15562 198290 47147
6939 12779 1916 37271 12307 6667 263152 23106 37239 19151 25091 8283 8218 20080 262757 39351 64463 263508 198385 37468 41497 53067 202194 25152 2497 49463 22548 53070 28634 6762 7575 34288 30844 12654 34019 31424 16735 29680 41722 59891 513 1280 51405 52873 14061 2613 37640 5396 52320 264911 58299 28917
20932 13030
37468
53067
47692 29140 21232 48526 29686 12654 6453
8758 196621 13030
202194
25152
59891
49463
51405
6762
15562
52888 1916
12654 35369 47147 13030
198249 13030
198290
29680
513
52873
47147 286 57111
37640
5396
264911
28917
196621
1280
37271
31424
24482 13030
6667
263152
23106
37239
19151
25091
8283
8218
12307
3257 6453
262757
15547 13030
48526
39351
6453
64463
198385
41497
13030 50620
50620
29686
28571 1916
34019
22548
53070
21232
28634
7575
34288
30844
20080
286
52863 52320
2497
16735
41722
1916
29140
57111
14061
2613
263508
52320
12779
35369
58299
