#src/zombie.py
# GMT Sat Sep 29 12:36:58 2018
# 
12637 12654 41497 5396 5392 174
41497
3257 3320 12779 25152 6762 6453 6881 2497
29222 49605
41722 49605
29680 8220
20080 2914 1251
1853 21320 6720
31025 12586 12779
16347 49605
49605 37468 8607 198385 57111 9002 1836 198249 49463 20612 21232 25227 3356 47692 8758 34177 2895 202032 1299 553 198290 29075 52320 12859 2613 20562 30132 13030 12307 64463 12654 8896 35054 4637 15435 48526 31424 29140 59891 8283 58299 59414 29691 28917 23106 39821 59689 56730 34288 20932 25091 29608 202194 3333
1836
262757 16735
30844 12779
12956 174 28220 10429
29686 12779
25933 3549
15562 2914
49463
9304 12779
39351 57111
35699 2914
39821
3320 3303
38001 57111
6720
47692
20612
34177
7018 1299
327782 37100 327960
202032
553
1221 4637 4608
28917
327960
52320 52863
12859
2613
50763 57111
395152 14007
12307
37497 57111
14061 2914
52863
57821 12586
286 1299
4637
680 12779
50300 57111
58299
35054
1251 52888
13760 6939
1916 174
29075
20562
25152
3491 174
56730
28634 10429
52873 12779 52720
4777 2497
34288
25160 57111
59414
35369 8218
25091
8426 12779
29608
20764 3356
6453
202194
8220 12654
29504 15935
15547 57111
8222 12779
3303 12874
15935 174
57111 39122 50304 12654 1103 24482 28929 51405 37100 8218 37239 50877
9002
1103
37239
198385
513 21320
5396
57381 50304
6939 12654 14007
8455 12779
8218 12779
15605 12874
25227
6881
4608
39122
3549 3356
1280 2914
21232
31742 174
198249
196621 8758
6667 12779
47147 12779
19151 2914
3356 22652 51185 3356
8758
22652
14007
1299 43578 16735
24482
37100
43578
198290
41095 12779
53070 10429
8607
50304
30132
13030
52888
64463
12654 21320 12779 5392
64050 2914
8896
37271 12779
15435
48526
12874
31424
12779 12779 13237 12350 2914 3252 25220
13237
10429
59891
12350
6762
50877
2895
29691
2497 2914
23106
8283
51405
2914 7575
16735 174
59689
174
37468
12586
52720
3252
25220
21320
20932
5392 5392
51185
29140 29140
28220 28220
28929
7575
3333
