#src/zombie.py
# GMT Mon Oct  1 05:43:59 2018
# 
52873 52720 12956
1916 11537
22548 16735
14061 2914
7018 3320
34781 35054
198545 35054 29152
22652 5580
559 553 513
12654 513 3303 35054 15547
25160 2603
2603 50304 42708 51185 8426 12779 6667 13101 41095 29140 39326 25220 8468 34019 8607 3252 21320 31122 8455 34177 513 3267 29686 28917 37271 48526
24611 51405 6661
29075 6830 16347
1836 35054
5396 6762
34288 35054
8468
56730 51945
34177
3252
21320 513 3216 30132 30844
7738 3320 263321
3320 6762 513 1280 4637 8222 1299
37179 41095 327984
59891 35054
8455
57821 12586
8943 1299 50763
30844
50300 3356
1251 11537 52888
51185
35054 198385 31424 43531 57118 49605 202032 12350 20612 198249 9002 24482 64396 43100 6939 202194 58299 8758 29691 8218
680 20965
24490 7575 20965
16347
8426
37239 36937
51945 39326
8607
8758 196621
10764 11537 513
48526
6893 2613 25091
20965 513 11537 1853
3356 6830 29608 3549
51405
52888
1853
263321 263584
7660 22388 2500
4777 2500
1221 4637 4608
6830 513 2914 9189 3257 3491 286 6762 19151 59689 13237 6453 1299 2497 20562 16735 12859 6720 4589 12956 174 5580 15435 14361
29608
49463 8218
58308 29152
53070 10429
286
13101 12586
30132
202032
19151
29691
6453 36937 5392
25220
28220 6762
9189
12956 10429
34019
12637 3257
39821 9002
20562
41497 174
25152 6939
12859
35699 2914
8222
6720
2895 3267
9304 174
36937
6939
202194
57866 8283 9002
50763
5580
15435
52720
37271 327995
24482
4608
13030 513
50304
47872 2914
49605
3549 25933 28329
43531 8596
64396
3491
12874 3303 15605
12350
31424
29140
59689
13237
8596
15547
6661 174
3216 20764
28329
29680 3257
9002
12586
327984
20080 2914
3267
5392
57381 42708
29152
174 50620 198290
29686
58299
1103 513 3333
198290
28138 16735
25933
15605
20764
8218
7575
262317 10429
327995
42708
2500 2500
513 513 25091
57118
4637
4589
3257
12779
6667
11537 22388
6762
10429
196621
2914
553
39326
20612
1299 62567
16735
198249
2497
263584
2613
31122
50620
22388
198385
3333
8283
25091
43100
41095
3303
1280
14361
28917
62567
