#src/zombie.py
# GMT Mon Oct  1 06:08:11 2018
# 
37468 13237
29691 1764
25933 8167
35054 1764
3252 13237
3491 2914
57821 12586
174 9304 1764
286 13237 7738
198249 13030
28917 13237
22652 3257
25091 13237
52863 6762
56730 13237
49605 13237
34177 13237
2914 6762 62567 1916 13237 20080 2497 14061 8607 7575
15435 13237
1299 13237 8283 47872 1280 12956
25435 1764
1280
513 6730
37497 13237
202194 1764
20080 1251
16347 13237
3267 13237 2895
8387 13030 12654 1764
15547 13237
8167 7738
41497 3257
50300 13237
25227 13237
8218 35699 6461 1764 25160 8426 12637 29222
16735 22548 262757 52320
12779 13237
8607
262757
3356 20764 29608 3549 1764 45896
37271 327995 6461
12350 1764
7738 263321
49463 13237
29140 13237
9044 13237 20612
3257 6762 7018 29680 5396 4637 13237 6453 25152 2497
327995
47872
14361 6461
202032 1764
263584 263321
13237 4589 3333 9002 198290 20932 37100 12859 30132 37239 51405 41095 29075 3320 25220 6667 20562 15605 34019 31025 24482 8596 48526 30844 34288 50304 51185 680 1103 50763 6695 553 42708 52320 12654 29686
8596
48526
12637
2497 4777
34019
34288
1916
12307 1764
51185
58299 1764
23106 52320
52888 1251
1221 4637 4608
1103
50763
28220 12956
28329 6762
20612
1251
52320
22548
31424 1764
9002 41617 41722 39821
2895
7575
64396 1764
62567
680
13030
8758 1764
12956 52873 10429
8283
14061
3333
41722
3549
198290
4637
45896
8426
20932
41095
59414 1764
9189 6695
37100 327782
59689 3320
25160
263321
327960 327782
4589
29686
9304
51405
12586 31025
24482
29075 58308
3320
198385 1764
25220
29608
29222
41617
5396
8222 1764
6762
6893 6730 2613
35699
59891 1764
2613
20562
57381 42708
25152
29680
15605
42708
50304
8455 1764
58308
196621 1764
31025
52873 52720
30844
12859
7018
6667
327782
30132
39821
6730 6730 12654
12654
5392 6453
6453
4608
52720
6695
6461 19151
53070 10429
553
20764
19151
4777
1764
37239
10429
