#src/zombie.py
# GMT Mon Oct  1 07:06:03 2018
# 
62567 6939
13030 1273
264911 6939
14061 6939
3356 3549 6939
3549 28329
263075 6939
22652 6939
9002 6939 41617
2914 19151
41617
263651 6939
1280 6939
20080 6939
1916 28571 6939
6939 6762 29680 37271 1853 8763 262757 263152 25152 53067 2857 24482 2497 7018 262317 23106 53070 22548 52863 16735 12654 52720 1764 7575
52863
16735
6762
262757
29680
37271
8763
263152
25152 1273 3257 12654 19151
19151
53067
3257
2857
262317
6720 1853
2497
7018
24482
12654
23106
1273
35369 1764
28329
53070
22548
28571
1853
52720
1764
7575
