#src/zombie.py
# GMT Mon Oct  1 04:32:56 2018
# 
52873 52720 12956
1916 19151
22548 16735
14061 19151
7018 2914
34781 13030
59891 51395
2914 6762 8943 9002
53070 10429
8943 50763
5396 9002
34288 9002
8468 9002
56730 51945
20932 9002
7575 19151
21320 513 9002
7738 19151 263321
16735 262757 28138 19151
57821 12586
3491 9002
1836 20612 9002
35054 3356
680 553 9002
174 198385 64396 19151 45896
8758 9002
29691 57118 6730
8422 9189 9002
3356 29222 29608 3549 25220 9002 8222 22652
1853 9002
263321 263584
4777 2497
1221 4637 4608
25160 9002
286 9002
19151 13030 4637 20080 2497 12654 1280
8220 15547 9002
25220
28220 12956
9189
12956 10429 9002
41497 9002
12637 9002
13030 198249 58299
52720
25152 3257
35699 9002
8222
6720 9002
6939 202194 12654
202194
50300 9002
263584
24482 9002
4608
50304 42708
262757
52863 6762
50763
3549 25933 16397
51185 9002
64396
16397 263075
12350 9002
49605 9002
29140 9002
13237 9002
51395 9002
8596 9002
15547
28329 6762
29680 9002
9002 12586 4589 5392 51945 29686 6730 31424 42708 3257 12779 1136 196621 12654 8607 25091 15605 8218
12586
20080
22652
5392
57381 42708
263075
51945
6730
29686
58299
29608
28138
25933
15605
8218
198385
31424
42708
513
57118
4637
4589
3257
12779
1136 3333
29222
10429
196621
12654 12654
553
20612
8607
198249
2497
3333
45896
25091
6762
1280
