#src/zombie.py
# GMT Mon Oct  1 04:16:26 2018
# 
52873 52720 12956
1916 11537
22548 16735
14061 2914
7018 3320
34781 35054
26615 6762 16397
198545 35054 29152
22652 3257
559 553 513
12654 513 3303 35054
53070 10429
37239 36937
24611 51405 6661
29075 6830 16347
1836 35054
5396 6762
34288 35054
8468 2603
56730 51945
34177 2603
2613 6893
21320 3216 30132 513 8455 2603 30844 6661
7738 3320 263321
3320 6762 3303 513 6453 1280 4637 8222 1299
16735 262757 6830 28138
59891 35054
8455
3303 35054 12874
57821 12586
2603 50304 8607 513 8426 25160 12779 6667 13101 29140 39326 25220 34019 3252 31122 8283 51185 3267 29686 28917 37271 48526
30844
28138
6893 25091
51185
35054 198385 31424 43531 57118 49605 202032 196621 12350 20612 15547 198249 9002 24482 64396 43100 6939 202194 58299 8758 29691 8218
680 20965
3252
51945 39326
8607
8758
2895 3267
48526
20965 513 11537 24490 1853
3356 50300 6830 29608 3549
51405
1853
263321 263584
7660 22388 2500
4777 2500
1221 4637 4608
16397 263075
6830 513 59689 9189 3257 4589 286 6762 19151 2914 13237 6453 12956 2497 12859 6720 3491 41095 174 15435 14361
29608
49463 8218
58308 29152
25160
286
13101 12586
30132
202032
45896 174
8943 1299 50763
6453 36937 62567 5392
25220
28220 6762
9189
12956 47872 10429
34019
12637 3257
39821 9002
41497 174
25152 6939
12859
35699 2914
24482
64396
10764 11537 513
9304 174
36937
6939
202194
29691
41095
50300
15435
52720
37271 327995
8222
4608
13030 513
50304 57381
47872
262757
52863 6762
50763
3549 25933
43531 8596
8426
19151
3491
12874 15605
11537 22388
31424
29140
59689
12350
8596
15547
6661 198290
3216 20764
28329 6762
24490 7575
3333 1103
6720
12586
20080 6762
3267
5392
57381
263075
29152
174 50620
29686
58299
1103 513
198290
13237
25933
15605
20764
8218
7575
327995
2500 2500
513 513 25091 29222
57118
4637
4589
3257 29680
12779
6667
6762
10429
196621
2914
553
39326
20612
1299
16347
198249
2497
263584
31122
50620
22388
198385
9002
8283
25091
43100
29222
29680
49605
1280
14361
28917
62567
