#src/zombie.py
# GMT Mon Oct  1 05:40:16 2018
# 
1916 6939
14061 6939
7018 6939
34781 6939
57821 6939
12654 20764 6939 9002
7575 6939
25160 6939
37239 6939
37989 4844
1836 9002
5396 6939
34288 6939
56730 9002
20932 9002
2613 9002
21320 513 6939
16735 6939
59891 6939
8455 20764
29680 6939
263152 6939
8763 9002
680 553 9002
8426 6939
16347 20764
8758 196621 9002
48526 9002
29636 6939
20764 8732 50304 47872 29686 9002 1103 4589 25091
263651 6939
1853 9002
28917 8732
29608 9002
49463 9002
53070 6939
286 9002
6881 6939
202032 6939
19151 6939
6453 9002
25220 9002
4844 6939
34019 9002
13030 6939
41497 6939
25152 3257
12859 9002
50300 9002
24482 6939
6720 9002
48166 6939
37497 6939
53067 6939
6939 50304 262757 8283 49605 15547 52863 264911 28329 20080 58299 15605 29691 28571 31424 263075 57118 12779 37640 20612 6762 52720 198249 2497 51405 50620 1273 64396 9304 22652 202194 262317 15435 1280 37271 2857 62567
202194
29691
50763 9002
29075 9002
52720
28571
6695 9189 9002
50304 57381
47872
262757
52863
64396
51405
1273
49605
29140 9002
59689 9002
8596 9002
15547
264911
28329
9304
9002 42708 198385 30844 3257 6667 2914 8607 31122 3333 43100 35369 198290 8928 8218
20080
22652
57381
513
9189
35369
30844
58299
1103
198290
15605
8218
198385
262317
31424
42708
263075
57118
4589
3257
12779
8732
6667
37640
196621
2914
553
15435
20612
8607
198249
2497
37271
31122
50620
29686
8928
3333
8283
25091
43100
6762
1280
2857
62567
