#src/zombie.py
# GMT Mon Oct  1 04:07:20 2018
# 
52873 52720 12956
1916 174
22548 16735
14061 1299
7018 1299
34781 42708
8447 50304 6720
12654 50304 29608
25160 42708
37239 36937
1836 50304 20612
6453 36937 174
8468 50304
56730 42708
36937
7575 6461
21320 513 2603
7738 1299 263321
16735 52320 262757 28138
59891 51395
8455 50304
57821 12586
2603 50304
30844 50304
28138
35054 3356
20932 50304
8758 8220 196621
2895 3267
29691 57118 174
3356 14361 174 1299 3549
1853 1764
58299 13030
4777 2497
1221 4637 4608
1103 50304
39821 9002
53070 10429
286 1299
1764 50304
19151 174
8220 50304
6461 1299
28220 6762
12956 174 10429
13030 198249 51395 29608
20562 50304
52720
25152 6939
12859 50304
35699 174
24482 29608
6720
9304 29608
5511 29608
6939 50304 202194
202194
41095 42708
50300 50304
15435 50304
37271 327995 1299
4608
50304 31424 42708 20080 50763 52320 30132 13237 1299 3333 8283 57381 3267 174 62567 8218
262757
52863 4809
50763
3549 25933
64396 174
16397 263075 26615
3491 174
4134 4809 1299
12350 29608
49605 29608
52320
51395
8596 42708
15547 29608
28329 6762
29680 174
3333
26615 6762
20080
22652 174
57381
263075
174 20764 4637 29222 6762 2914
263321 263584
29608
13237
25933
12586 31025
20764
8218
3252 42708
262317 10429
31424
42708 198385 42708 9002 31025 25091 28917
513
57118
4637
3257 1299
4809
29222
10429
196621
2914 2497 1299 8607
20612
1299 1280
8607
198249
2497
263584
31025
198385
9002
8283
25091
3267
6762
327995
30132
1280
14361
28917
62567
