#src/zombie.py
# GMT Mon Oct  1 04:12:39 2018
# 
1916 9304 13030 174 19151 25152 11537 24482 12654 20080
14061 2914
7018 6762
34781 13030
59891 51395
2914 6762 174 8943 9002 12859 29140 4589 8607
25160 174
4589
8943 50763
34288 13030
8468 3549
56730 51945
20932 174
7575 11537
3320 8222 6762 8422
8455 3257
57821 12586
3491 174
1836 20612 174
35054 3356
680 553 20965
51945 174
13002 174 25091
8758 174
2895 3267
29691 57118 174
8422 9189
20965 11537 1853 1103
3356 20764 4809 41095 28917 3549 14361 2497
1853 6720
28917
7660 22388 2500
4777 2500
1221 4637 4608
29608 6453
6461 6762 8218
13030 198249 31424 202194 58299 51395
9189
286 8596 174 6762
13101 12586 174
30132 6762
45896 174
6453 6453 6762 29686 62567
25220 1299
28220 52720
39821 9002
52720 12654
25152
12859
35699 174
8222
6720
9304
327995 37271
202194
57866 174 8283
50300 174
15435 1299
37271 6762
24482
4608
50304 57381 174
47872 6762
52863 4809 6762 12654
3549
64396 174
19151
11537 11537 22388 513
49605 1299
29140
12350 174
8596
15547 1299
29680 174
3333 6762
12586
20080
22652 174
57381
174 198385 4637 3257 29222 1299 3252 6667 3267 15576
29686
58299
1103
13237 1299
50763
20764
8218
3252
31424
51395
2500 2500
513
57118
4637
3257
6667
4809 4809
41095
196621 15576
12654
553
20612
1299 6762
8607
198249
2497
22388
198385
9002
8283
25091
3267
6762 1280
62567
15576
1280
14361
29222
