#src/zombie.py
# GMT Mon Oct  1 04:20:01 2018
# 
263584 263321
263321 61568
49605 9002
59689 20764
6720 6939
37497 6939
12637 9002
262317 6939
266534 18881
39351 20764
15605 9002
14907 6939
264911 6939
202032 6939
3333 20764
52888 1916
52720 6939
12956 28220 10429 9002 18881
20612 1836
16347 20764
45896 41095
29691 6939
8426 41095
3491 9002
22652 41095
20764 50763 56730 34288 29140 51405 37468 29075 49375 25220 12654 30844 6939 39122 198290 4766 8283 8222 15547 29608 47147 2613 34177 13760 20932
3356 3549 6762 7018 1280 35054 41095
29608
680 9002
20080 6939
3549
9002 40191 41497 8455 47692 8758 2497 29680 15435 31424 12350 35699 1103 12654 6667 23106 196621 19151 30132 9304 41722 6453 12779 21320 8218 59414 48526 8607 21232 50300 3257 5396 553 1836 2914 13237 37271 286
50877 6939
2914 15562 6762
6939 51185 263075 43578 24482 263152 34019 327960 12307 14061 202194 50304 64463 263508 198385 53067 205206 8896 25152 59891 49463 29222 57821 28929 7575 198249 25160 38001 25933 31742 5392 1916 52873 57111 4608 37640 14840 35369 58299 29504
56730
286
20932
28634 22356
31424
8455
53067
47692
8758
8896
25152
2497 4777
49463
29222
57821
51405
29504
7018
35699
15562
1103
12654 3252 41722 25091 41095
6881 3257
198249
38001
3252 29686
50304
29680
14840
59891
5392
21320 513
52873
8607
395152 14007
6762 61568
37640
5396
22356 41095
48526
34177
13237
852 41095 14007
12779
513
196621
8222
9304
1916
37271
263075
41095 16735 13030 12859 20562 52320
51185
4608
20562
61568
43578
59414
6667
263152
23106
28220 28220
29075
34019
19151
4766 64050
30132
327960
25091
8283
8218
12307
49375
3257
37468
262757 16735
15547
395766 40191
553
47147
35054
198290
6453
205206
64463
50300
198385
40191
41497
13030
64050
29686
50763
12859
28929
202194
53070 10429
21232
12350
7575
34288
30844
14007
35369
25160
39122
52863 52320
25933
16735
41722
15435
31742
4777
25220
1280
29140
57111
24482
14061
2613
263508
52320
1836
10429
58299
13760
18881
