#src/zombie.py
# GMT Mon Oct  1 03:45:51 2018
# 
29691 6939
328206 6939
49605 9002
59689 6939
6720 47692
12637 57111
262317 6939
29636 13030
15605 6939
264911 6939
202032 6939
3333 25220
52888 1916
52720 6939
25220 15435 12654 57821 8283 16347
16347
45896 9002
2857 286
8426 6939
20612 6939
3491 6939
22652 13030
34019 6939
20764 6939
29608 57111
680 12654 20965
20080 6939
9002 31122 31424 24482 28917 50300 8455 25091 41722 59414 3257 8607 14061 29075 48526 12654 6453 6667 286 6939
20495 13030
15547 13030
2914 15562 12654 1273
50304 57111
56730 57111
286 7018 12654 8218 20932
20932
202194 6939
34288 6939
8455
53067 6939
47692 35369 12654 13030
8758 196621 13030
8896 6939
25152 3257
59891 6939
49463 57111
15435
51405 57111
29504 6939
7018
15562
1103 20965
12654 13030 12779 6939 57111
43100 57111
6881 6939
198249 6939
1273
31122
38001 6939
31424
39351 6939
29680 6939
513 6939
19151 6939
52873 6939
8607
6762 6939
37640 6939
28571 1251
29075
4777 2497
28917
12779
196621
9304 6939
1280 6939
37271 6939
263075 6939
37468 6939
59414
6667
263152 6939
23106 6939
37239 6939
24482
25091
8283
20965
8218
12307 6939
3257
262757 6939
4844 37989 6939
48526
198290 57111
6453
64463 6939
50300
198385 57111
41497 6939
13030 31742 50620
50620
5396 6939
50763 57111
12859 6939
22548 6939
53070 6939
21232 6939
57381 6939
28634 6939
7575 6939
6939 50877 30844 1251 25160 2497 16735 1916 263508 1836 58299
30844
1251
25160
39122 57111
50877
2497
16735
37989
41722
57821
31742
1916
57111 2613
14061
2613
263508
1836
35369
58299
