#src/zombie.py
# GMT Mon Oct  1 04:42:21 2018
# 
50620 6939
2857 174
12989 53070 6939
37640 6939
264911 6939
57821 6939
62567 6939
174 64396 12779 25160 2914
286 8596 2497
198249 6939
28917 6939
22652 3356
8359 2497 41617
52863 6762
56730 3356
2914 6762 8928 29140 8455 37271 12859 8763 29636 16347 14061 7575 1103 8943 3257 2914 198290 2497 12637 4844
20485 13002 2497
15435 6939
8455
12859
1280 2497
513 21320
37497 6939
20080 6939
1257 3333 2497
41497 6939
50300 6939
8218 6461
16735 262757 6939
2497 2603 3356 13030 6667 48526 9002 6453 7018 19151 4589 6939 1273 12654 30781 6461
12779
8607 6939
262757
3356 49605 8426 680 15605 3549 47872 553 15576 1853
37271
4844 37989
8763
49463 6939
3333
3257
47872
6881 6939
202032 6939
262317 6939
8596
48526
12637
15576 196621
34288 6939
15605
37989
50304 6939
58299 6939
23106 3549
263651 6939
1103
50763 8943
34781 13030
28329 3549
20612 6939
680
22548 3549
28571 1916
9002
30781 34019
13002 25091
64396
1836 13030
49605
13030 35369
16347
8283 57866
14061
25091
3549 52720
9189 6939
263075 6939
198290
20932 6939
57866 6453
41617
2603 21320
52720
202194 6939
25160
4589
29686 6939
9304 6939
51405 6939
29636
29075 6939
1916 6939
6939 59689 37239 25220 59891 2613 263152 25152 53067 198385 30844 31122 57381 20764 15547
25220
29608 6453
21320
6762
8928 29680
29680
59891
2613
263152
198385
553
25152
19151
53067
34019
196621
29140
6720 1853
30844
59689
7018
6667
24482 6453
8426
1273
12654
6453 6453
31122
35369
8943
6461
53070
57381
20764
7575
1853
37239
15547
