#src/zombie.py
# GMT Mon Oct  1 04:54:23 2018
# 
1916 6939
14061 6939
7018 286
34781 6939
59891 6939
2914 286 6762 29140 6939 12654 8283 4589 8763 29686
25160 6939
37239 6939
37989 4844
30844 6939
5396 6939
34288 6939
56730 9002
20932 13030
7575 24490
16735 6939
8455 9002
57821 6939
263152 6939
8763
680 553 20965 12654
8426 6939
16347 25220
8758 13030 196621
48526 9002
29636 13030
20965 24490 1103
20764 9002
51405 6939
52888 6939
1853 9002
28917 9002
29608 9002
49463 9002
53070 6939
286 198385 47872 12654 2857 8218
202032 6939
19151 13030
6453 9002
25220 15435 6939 3257 12654
4844 6939
34019 9002
13030 2497 31122 9002 513 50300 24482 50620 9304 12654 8596 15547
41497 9002
25152 3257
12859 6939
50300
24482
6720 9002
9304
6939 52863 20080 12654 264911 28329 29680 58299 29691 28571 263651 31424 263075 57118 37640 20612 198249 6881 52720 64396 22652 202194 262317 1280 37271 62567
202194
29691
50763 9002
29075 9002
52720
37271
50304 42708
47872
52863
198385
64396
263651
1273 9002
31424
29140
59689 9002
8596
15547
264911
28329
24490
9002 6667 49605 12654 2613 3333 15605 1836 25091 43100 35369 198290 8607 8928
20080
22652
57381 42708
513
35369
29686
58299
1103
198290
15605
8218
2613
262317
1836
42708 12654
263075
57118
4589
3257
12779 12654
6667
37640
196621
12654
553
15435
20612
8607
198249
2497
6881
31122
50620
8928
3333
8283
25091
43100
6762
28571
29680
49605
1280
2857
62567
