#src/zombie.py
# GMT Mon Oct  1 04:32:56 2018
# 
1916 19151
22548 16735
14061 19151
7018 3356
34781 13030
59891 51395
12654 6939 25152
53070 10429
8943 2914 50763
5396 3257
34288 6939
8468 3549
25220 3257
20932 3356
7575 19151
57381 50304
7738 3257 263321
16735 262757 28138 25152
174 12637 198385 50304 25160 19151 64396 3491 1836 5392 6762 51945 45896 2914 12350 12779 35699 15605
57821 12586
3491
1836
51185 3356
35054 3356
680 553 3356
56730 51945
6730 513 6730 19151
8758 6830
29691 57118 15576
8422 3356 9189
3356 3356 3549 8222 2914 25091 15547 6762 19151 29608 12956 29222 8607
1853 6720 1764
263321 263584
4777 2497
1221 4637 4608
16397 263075 3549
6830 19151
25160
286 1136 19151
1764 3257
45896
9044 20612 3257
6461 19151 8218
28220 6762
9189
12956 10429
52720 3549
12637
13030 198249 19151 58299
41497 3257
25152 20080 3257 19151
12859 3257
35699
8222
64396
6939 51395 202194
202194
50300 5580
5580 3257
263584
24482 43531
4608
50304
262757
52863 6762
3549 25933
43531 8596 19151
6720
19151 4637 2497 4589 1280
12350
49605 3257
29140 3257
13237 3257
8596
15547
28329 6762
29680 3257
3333 1136
12586 3257
20080
22652 3257
5392
25933
263075
51945
29686 3257
58299
29608
28138
50763
15605
8218
198385
31424 3257
51395
513
57118
4637
4589
3257 15576
12779
1136
29222
10429
196621 15576
2914
553
20612
8607
198249
2497
25091
6762
15576
1280
