#src/zombie.py
# GMT Mon Oct  1 05:50:23 2018
# 
37468 37271
50620 6939
2857 13030
37640 6939
22548 6939
264911 6939
57821 6939
62567 6939
286 6939
198249 6939
28917 6939
22652 6939
198290 2914
56730 6939
2914 13030
15435 13030
8455 6939
12859 6939
1280 6939
37497 6939
20080 6939
41722 6939
41497 6939
50300 13030
8218 6939
16735 6939
12779 6939
8607 13030
9189 13030
3356 3549 6939
37271 6939
4844 37989 6939
8763 13030
49463 6939
29140 13030
3257 1299
47872 6939
6881 6939
52863 6939
50304 6939
8596 13030
48526 13030
12637 6939
2497 13030
34019 6939
34288 6939
37989
262317 6939
58299 6939
23106 6939
1103 13030
50763 13030
34781 6939
28329 3549
20612 6939
53067 6939
202032 6939
9002 6939 13030 41617
7575 6939
64396 6939
1836 6939
49605 6939
13030 25091 16347 4589 1299 8758 12654 9304 29636 25220 31122 15547
8758
16347
8283 6939
14061 6939
3333 6939
8928 6939
3549
263075 6939
41617
263651 6939
52720 6939
59689 6939
25160 6939
4589
29686 6939
9304
51405 6939
29636
29075 6939
1916 28571 6939
6939 262757 37239 29608 24482 31424 202194 5396 6762 29680 59891 2613 263152 198385 57381 25152 15605 196621 30844 7018 6667 8426 680 6453 1273 53070 553 20764 19151 12654
25220
29608
5396
6762
31424
25091
59891
2613
263152
198385
553
25152
29680
15605
28571
1299
196621
30844
202194
7018
6667
24482
8426
680
6453
262757
31122
1273
53070
57381
20764
19151
12654
37239
15547
