#src/zombie.py
# GMT Mon Oct  1 06:30:19 2018
# 
37468 41095
198385 6939
29691 6939
25933 6939
35054 3356
3252 50763 12654 174
264911 6939
57821 6939
62567 9002
174 64396
43100 20764
58299 6939
198249 13030
28917 20764
22652 41095
25091 12654
45896 41095
56730 20764
262317 6939
34177 20764
2914 7018 9002 4713
15435 9002
8455 9002
12859 41095
1280 3356
513 21320
29608 20764
202194 6939
20080 6939
41722 12654 9002 2895
6695 20764 9189
15547 6939
263321 263584 61568
41497 9002
50300 9002
8218 9002
16735 22548 262757 41095
12779 41095
8607 9002
262757
3356 3549 20764 41095 8222
37271 9002
37640 6939
12350 9002
49463 6939
29140 20764
3257 9002 25152
327995 6939
47872 20764
202032 6939
263584
12307 6939
8596 9002
48526 9002
18881 61568 12956
12637 9002
2497 9002
34288 20764
21320 9002
50304 6939
51185 9002
3491 9002
28220 12956
1221 4637 4608
2516 4713 4777
1103 9002
50763
23106 6939
28329 6939
20612 1836
22548
14061 6939
9002 31424 1836 5392 8758 12956 9304 3333 29680 15605 35699 49605 196621 6720 59414 6667 30132 286 14361 20932 6453 680 12654 5396
2895
7575 6939
64396
1836
49605
12956 10429
8758
16347 20764
3216 6762 3216 20764
8283 20764
41617 12654
3333
286
3549
9189
198290 20764
4637 41095
8426 41095
20932
41095 13030 20562 19151 13237 12654
29222 6939
263651 6939
52720 6939
59689 20764
25160 6939
327960 6939
4589 20764
29686 20764
9304
51405 20764
28929 6939
29075 20764
1916 52888 6939
6939 263152 37497 59891 24482 25435 20764 57381 53067 37239
25220 20764
52863 6762
59414
52888
5396
8222
6762
31424
35699
59891
2613 20764
263152
20562
553 20764
25152
29680
15605
4713
53067
34019 20764
58308 20764
196621
6720
30844 20764
25435
7018
6667
24482
30132
14361
680
13030
5392
6453
4608
13237
61568
37497
53070 10429
57381
20764 20764 12654
19151
4777
12654
37239
10429
