#src/zombie.py
# GMT Fri Sep 28 15:26:39 2018
# 
59891 51395
28138 16735
16735 2603 22548
3549 3356 28329
6453 2914 286 36937 5392
513 1103
50300 5413
6661 24611 5413
56730 1103
1280 1299
24490 7575 20965
24611 51405
15435 1103
31122 2603
30844 5413
52720 52873
58299 13030
2500 2500 7660 4777
1103 3257 8218 25091 12654 20965 8283 286 37271 2603 12859 8455 24482
34288 12859
12859 2914 25220 34781 3252 20932 31025 34019 12654 2613 51185 34177 8222 29076 29075 43531 6667 12874 6695
26615 16397 6762
8928 29680 5413
31424 5413
202194 6939
29222 286
12586 31025 57821
8455 3257 28917 3216 48526 12654 9304 13030 9002 15547 1836 12350 1299 3303
15605 12874
22388 7660 11537
7575
12956 28220 52873 12654 7738 10429
9304
12779 12654
9002 39821 5413
51185
14361 2603
7660
19151 2603
58308 29075
4777
8607 5413
7018 286
11537 1251 1916 20965
50620 174
2914 174 14061 1299 198290
12637 5413
57118 29691
14061
20932
2613
10429 262317 53070
5396 6762
4608 1221
29076 2895
20764 3216
8283
2603 20080 25160 50304 20562 2497 62567 553
13030 198249
5392
13237 5413
8758 196621 6830
22652 3257
8447 6720 5413
51395 6939
62567
29680
6762 3333 6762 25933
35699 5413
25091
8426 5413
50304
34177
174 3257 198385 64396
28329
59689 8218
43531 8596
49605 5413
25152 3257
30132 6939
29075
28220
50763 8943
680 20965
28917
41095 5413
4637 1221 5413
16397 263075
12654 6730 6830 6939 3333 5413
3356 29608 1299 286
6720
29691 6730
25160
1251 52888
8222
15547
3491 3257
198290
6730
20562
12350
196621
1853 20965
263075
64396
37239 36937
9189 6695
3257 41497
20080
7738 263321
48526
6939 1299 47872
47872
52873
57821
22548
57381 42708
1836 20612
3303 35054
2497
6830
8596
49463 5413
198385
29686 5413
29608
34781
262317
3252
34019
16347 5413
3333 5413
2895
1221
42708 5413
8218
53070
6695
37271 327995
198249
1916
5413 8468 29140 4589
6667
24482
8468
327995
41497
25220
263321 263584
36937
39821
3216
31025
20612
20965
51405
263584
35054
553
29140
8943 1299
286
4589
25933
52888
1299
12874
