#src/zombie.py
# GMT Mon Oct  1 03:44:44 2018
# 
50620 6939
2857 6939
22548 6939
264911 6939
57821 6939
62567 9002
43100 9002
286 9002
198249 6939
28917 20764
22652 6939
198290 9002
56730 9002
2914 9002
34019 9002
1280 6939
513 21320
37497 6939
37239 6939
12637 6939
50300 9002
8218 6939
16735 6939
12779 6939
8607 9002
262757 6939
37271 6939
4844 37989 6939
8763 6939
49463 9002
3333 9002
3257 9002 25152
6881 6939
52863 6939
50304 6939
8596 9002
48526 9002
41497 9002
2497 9002
34288 6939
15605 9002
37989
262317 6939
58299 6939
23106 9002
34781 6939
28329 6939
20612 6939
53067 6939
202032 6939
9002 25091 49605 680 2613 16347 29140 198385 6720 41617 6667 25220 59689 20932 51405 35369 6695 29075 4589 29608 12654 31122
7575 6939
64396 6939
1836 6939
49605
13030 6939
8758 6939
16347
14061 6939
25091
263075 6939
20932
41617
263651 6939
59689
25160 6939
29686 6939
9304 6939
51405
29636 6939
29075
1916 6939
6939 59891 202194 20080 21320 5396 6762 31424 29680 263152 553 19151 196621 24482 7018 8426 53070 57381 28571 12654 52720 15547
25220
29608
21320
31122
5396
6762
31424
29680
59891
2613
263152
198385
553
25152
19151
20764 12654
9189 6695
196621
28571
29140
6720
202194
7018
6667
24482
8426
680
52720
35369
6695
53070
57381
4589
12654
20080
15547
