#src/zombie.py
# GMT Mon Oct  1 03:47:07 2018
# 
29691 9002
328206 6939
49605 9002
6762 6939
6720 9002
12637 9002
262317 6939
29636 9002
15605 9002
553 6939
29075 9002
12307 9002
3333 20764
263075 6939
52720 6939
20612 9002
16347 20764
45896 9002
2857 9002
8426 6939
3491 6939
22652 9002
34019 20764
20764 198385 12654 50763 59689 8455 29686 12859 49463 51405 1103 6939 198290 29608 2613 41722 25091 8283 57111 15547 9002 20495 47147 39351 28917
3356 1280 9002
29608
680 9002
20080 6939
9002 9304 56730 8218 31424 24482 6667 19151 25220 3257 2914 50304 6453 37271 64463 20932 39122 37468 41497 13030 47692 8758 202194 59891 29140 286 1836 34288 30844 12654 198249 25160 31122 2497 16735 29680 1273 12779 59414 8607 14061 50300 58299 48526
20495
15547
2914 15562
50304 57381
56730
6939 8896 53067 7575 28634 22548 53070 21232 264911 29504 1251 263152 23106 38001 37239 57821 15435 50877 513 1916 202032 31742 262757 4844 263508 5396 6881 52873 50620 37640
20932
202194
37468
8455
53067
47692
8758 196621
8896
25152 3257
59891
49463
15435
51405
29504
7018 6453
15562
52888 1916
12654
6881
198249
1273
31122
38001
31424
39351
29680
513
59689
52873
8607
47147
37640
5396
48526
4777 2497
28917
12779
196621
9304
1280
37271
1103
50763
264911
59414
25220
263152
23106
37239
19151
25091
8283
8218
202032
6667
3257
262757
4844 37989
198290
6453
64463
50300
198385
41497
13030 35369
50620
29686
28571 1251
24482
12859
22548
53070
21232
57381
28634
7575
34288
30844
1251
286
39122
50877
2497
16735
37989
41722
57821
31742
1916
29140
57111
14061
2613
263508
1836
35369
58299
25160
