#src/zombie.py
# GMT Sat Sep 29 07:55:18 2018
# 
41497 3257
29222 3356
41722 9002
20080 2914
1853 20965 6720
49605 35054
8943 50763 1299
12956 174 28220 52873 10429
29686 2603
49463 8218
22652 174
38001 174
3320 8222 6830
202032 35054
52320 23106 174 52863
263321 263584 61568
395152 14007
12307 35054
39351 174
59689 6830
50300 174
58299 35054
40191 395766 174
1251 11537 52888
28917 2603
20965 11537 513 21320 24490 680
1916 11537
20562 2603
559 513 553
56730 51945
266534 16735
25160 2603
51945 174
61568 6762
6720
29608 25091
20764 6830
6453 174 14061
37468 174
15547 12654
50763
9002 25227 39821 35054 29226
1103 513 3333
198385 35054
3491 174
5396 6762
8455 21320
4608 1221
3549 52720 3356
1280 6939
198249 35054
196621 8758
47147 6830
3356 174 35054
13101 34549 2603
19151 174
1299 174 49375 20932
6730 513 6893 35054 6730
24482 35054
43578 174
35369 8218
11537
47692 35054
50304 2603
30132 21320
64050 2914
7738 174 8167
48526 2603
12874 15605 3303
13237 35054
59891 35054
9304 174
59414 35054
29691 35054
2914 15562 14907 174 6830
20932
52720
327782 37100 327960
25220 2603
21320 513 6881 6661 30844 2603
12779 2603
7575 24490
3333
12637 174
3257 174 12586 6830
10429 28634 53070
29680 8220
57111 25091
34549
1836 35054
262757 16735
30844
205206 2603
25933 8167
20612 35054
35699 174
39821
6830 39122 41095 12859 15935 15435 513 2497
12586 57821
680
15562
34177 2603
7018 174
553
1221 4637
327960
12859
2613 6893
15605
37497 174
52863
57821
286 2603
4637 174
8167
41095
25152 6939
28634
52873
4777 2497
34288 35054
29226 2895
29075 35054
25091 12654 513
8426 2603
202194 35054
29504 15935
14907
6893
8222
3303 12654
15935
50877 174
14061
513 513 12654 13030 174
8220 35054
6939 13760 14007 35054
13760
25227
6881
39122
21232 35054
49375
6667 2603
16347 8218
8758 35054
2895
14007
37100 2603
263584
198290 174
51185 174
53070
8607 2603
13030
52888
64463 35054
12654 35054
8896 174
37271 2603
15435
31424 35054
29140 2603
35054 8218 12350
24611 51405 6661
24490
8283 2603
6762 174
12350
2497
23106
51405
16735 174
6661
174 31742 5392
3252 2603
2603 6894
395766
31742
8218
5392
28220 28220
6894
