#src/zombie.py
# GMT Fri Sep 28 20:26:36 2018
# 
59891 51395
50300 9002
28138 16735
16735 41095 22548
3549 3356 6762 25933
6453 36937 24482 9002
513 21320
327984 37179
56730 20764
1280 3356
6939 202194 9002
6661 20764 24611
15435 9002
31122 9002
30844 20764
58299 13030
262589 174 28329
1103 9002
28329
12859 9002
52873 52720 12956
31424 9002
21320 9002
29222 3303
1221 4608 4637
8455 9002
15605 9002
29140 20764
7575 6762
12956 28220 10429 9002
9304 9002
12779 9002
9002 680 12654 3356 6720 29075 12350 20562 1853 12586 3257 8468 48526 51185 6730 1836 13237 62567 8607 8596 29686 4637 12637 2497 8218 41497 57866 37271 5392 8758 29680 20080 2914 5396 25160 51395 286 4589 6667 49605 30132
51185
14361 41095
19151 41095
3303 41095
9044 41095 20612
4777 2497
8607
12654 20764 3252 25091 41095 12654
58308 29075
50620 174
2914
12637
57118 29691
14061 3356
20932 20764
2613 6893
34288 20764
5396
4608
50763 20764
20764 28917 34019 2895 42708 15547 47872 6695 25220 3216 35699 34781 50304 34177 198385 16347 49463
8283 57866
13030 41095 198249
5392
13237
8758 196621
37179 41095
51395
62567
6762 3216
35699
25091 6893
8426 41095
50304
7018 3356
34177
174 3491 3252 1916 64396 198290
9189 6695
59689 8218
49605
25152 3257
30132
6893
28220
680 553
28917 39821
4637
702 3252 701
41095 2497 7738 3356 8218 3333 22652 29075
3356 29608 8222 701 35054
6720
29691 6730
263584 263321
1251 52888 20080
8222
15547
3491
198290
6730
20562
12350
196621
1853
52720
64396
37239 36937
3257
29075
20080
701
48526
12586 57821
7738 263321
47872
57821
22548
57381 42708
1836
22652
202194
8596
49463
198385
29686
29608
3252
2497
34019
16347
3333
2895
24611 51405
42708
8218
57866
53070 10429
6695
37271 327995
198249
1916
10429 262317
29680
24482
8468
327995
41497
25220
36937
263321
39821
3216 3216
262317
20612
34781
51405
25160
35054
553
286
4589
25933
52888
6667
