#src/zombie.py
# GMT Mon Oct  1 05:28:02 2018
# 
263584 263321
263321 28329
49605 9002
59689 20764
6720 6939
37497 6939
12637 9002
262317 6939
266534 18881
39351 20764
15605 9002
14907 9002
264911 6939
12307 6939
3333 20764
52888 1916
52720 6939
12956 28220 10429 9002 18881
20612 6939
16347 20764
25227 20764
45896 6939
29691 6939
6894 9002
8426 6939
3491 9002
50877 6939
20764 50763 29686 56730 15547 22356 12859 51185 51405 37468 29075 49375 25220 12654 30844 6939 39122 2895 41722 25091 34288 8283 8222 29140 3356 29608 47147 39821 2613 34177 198290 13760 28917 20932
3356 3549 9002 7018 41095 35054 1280
29608
680 9002
20080 6939
3549
9002 553 196621 9304 37271 31424 20562 6667 23106 19151 30132 8218 3257 2914 6453 4230 50300 40191 41497 8455 47692 8758 15435 21232 1836 12350 35699 13030 1103 12654 286 2497 29680 12779 21320 59414 8607 5396 52320 48526 13237
56730
2914 64050 28329 15562
6939 34549 4608 202032 263075 43578 24482 263152 34019 327960 22652 28929 3252 6881 50304 64463 263508 198385 63297 205206 8896 59891 49463 29222 202194 29504 6762 7575 198249 25160 38001 25933 16735 57821 31742 5392 1916 57111 14061 37640 35369 58299
4230 262757
20932
28634 22356
37468
63297 395152
8455
47692
8758
8896
25152 3257
2497 4777
49463
29222
34549
15435
51405
29504
7018
35699
15562
1103
12654
6881
198249
38001
31424
50304
29680
59891
5392
21320 513
8607
395152
6762
37640
5396
39821
48526
34177
4777
28917
12779
513
196621
8222
9304
1280
37271
263075
41095
51185
35369
4608
20562
43578
59414
6667
263152
23106
28220 28220
29075
34019
19151
25220
30132
327960
25091
8283
8218
202032
49375
3257
3252
15547
395766 40191
22356
553
47147
35054
198290
6453
205206
64463
50300
28329
198385
40191
41497
13030
64050
29686
50763
12859
28929
202194
53070 10429
21232
12350
7575
34288
2895
30844
262757
286
39122
52863 52320
25933
16735
41722
57821
31742
13237
1916
29140
57111
22652
24482
14061
2613
263508
52320
1836
10429
58299
13760
25160
18881
