#src/zombie.py
# GMT Mon Oct  1 05:38:16 2018
# 
1916 2914
22548 3549
14061 2914
7018 3356
34781 20764
59891 51395
12654 20764 47872 3303 6939 9002
53070 10429
34177 20764
24611 51405 6661
29075 58308 9002
30844 20764
5396 9002
4230 262757 9002
34288 20764
8468 9002
56730 20764
263075 16397
20932 20764
3252 20764
21320 513 9002
7738 12956 263321
16735 28138 12956 2914
8455 9002
57821 12586
57866 8283 9002
1836 20612 9002
35054 3356
680 553 9002
37239 36937
16347 20764
8758 9002
2895 20764
29691 57118 15576
3356 1280 41095 29608 8222 9002 22652
51405
1853 9002
263321 263584
4777 2497
1221 4637 4608
29608
49463 20764
39821 20764
25160 9002
286 9002
30132 9002
19151 9002
6453 36937 9002
25220 20764
28220 12956
9189 6695
12956 47872 10429 9002
34019 20764
12637 9002
13030 198249 58299 9002
20562 9002
41497 9002
25152 6939
12859 9002
50300 9002
8222
6720 9002
9304 9002
36937
6939 202194
202194
48526 9002
41095
50763 20764
15435 9002
52720 3549
37271 327995 9002
24482 9002
4608
6695 20764
50304 57381 20764
47872 3549 9002
262757
52863 4809
3549 25933 16397
51185 9002
8426 9002
16397
3491 9002
12350 9002
49605 9002
29140 20764
59689 8218
13237 9002
8596 9002
15547 20764
6661 20764
28329 6762
29680 9002
9002 2914 51395 20080 5392 1103 35699 15605 8218 31424 4637 3257 12779 1136 6667 29686 196621 8607 2497 14361 31122 4589 12586 62567
31424
12586
20080
22652
5392
57381
58308
174 20764 64396 50620
29686
58299
1103
198290 2914
28138
25933
15605
20764 20764 198385 28917 2613 25091
8218
7575 2914
262317 10429
327995
51395
513
57118
4637
4589
3257
35699
1136 3333
6667
4809 1299
29222 3303
10429
196621
2914 1299 6762
553
64396
20612
1299
12779
8607
198249
2497
263584
2613
31122
50620
198385
3333
8283
25091
6762
15576 3303
3303
1280
14361
28917
62567
