#src/zombie.py
# GMT Sat Sep 29 04:07:09 2018
# 
12637 9002
41497 9002
3257 9002 6881 25152
29222 6939
286 9002
41722 12654 20764 2895
29680 9002
20080 6939
63297 11404 395152
1853 9002 6720
16347 20764
8283 20764
1836 9002
262757 16735
30844 20764
12956 28220 9002 10429
29686 3252
25933 6939
49463 6939
20612 9044
39351 20764
35699 9002
20932 20764
9044 9002
38001 6939
6720
47692 9002
15562 2914
34177 20764
7018 3356
8426 41095
202032 6939
34019 6939
9304 9002
14840 6939
42708 9002 57381
45896 41095
50763 20764
327960 6939
52320 9002 52863
12859 41095
2613 20764
20562 9002
395152
553 9002
12307 6939
37497 6939
14061 6939
264911 6939
52863
57821 6939
19151 9002
37640 6939
680 9002
12389 25227 1299
39821 28917
4777 2497
50300 9002
58299 6939
35054 3356
263584 263321
28917 174 20764
1916 52888 6939
29075 20764
41095 11404 16735 22356 22652 12654 3356 13030
25152
3491 9002
56730 20764
28634 22356
263152 6939
34288 20764
25160 6939
59414 9002
35369 6939
25091 12654
28929 6939
29608 20764
20764 37468 8222 12654 47147 15547 29140 174 6939 13760 39122 51405 59689 4766 198290 25220 3333
4766 64050
6453 9002
202194 6939
37468
15547
8222
263321 28329
198385 6939
57111 6939
9002 1103 5396 8455 8218 12350 21232 196621 6667 3356 8758 8607 15605 30132 12654 37271 15435 48526 31424 12779 13237 2497 23106 2914 49605 21320
1103
3252 12654
513 21320
5396
57381
6939 29504 8896 50877 4608 262317 64463 24482 43578 51185 50304 263075 59891 29691 52720 37239 263508 31742 5392 53067 7575
8455
13760
11404
15605
25227
6881
4608
262317
39122
3549 3356
1280 3356
21232
31742
198249 13030
196621
6667
47147
3356 6762
8758
22652
1299 2914
24482
43578
198290
51185
53070 10429
8607
29504
50304
30132
13030
52888
64463
12654
28329 2914
64050
8896
37271
15435
48526
31424
29140
13237
263075
10429
59891
12350
6762
50877
2895
29691
2497
23106
51405
2914 174
16735
49605
59689
174
52720
37239
25220
263508
21320
8218
5392
22356
12779
28220 28220
53067
7575
3333
