#src/zombie.py
# GMT Mon Oct  1 04:36:10 2018
# 
1916 19151
22548 16735
14061 19151
7018 3356
34781 13030
59891 51395
12654 6939 25152
25160 174
2603 19151 1103
51185 174
24611 51405 6661
29075 174
1836 174
5396 3257
49605 3257
34288 6939
8468 3549
56730 51945
20932 3356
2613 6893
25933 3549
28220 6762
16735 262757 28138 25152
8455 3257
57821 12586
34177 3356
30844 6939
50300 5580
6893 174
43531 24482 8596 19151
35054 3356
680 553 3356
25220 3257
16347 174
6730 513 6730 19151
8607 3356
8758 6830
2895 3267
48526 19151
8422 3356 9189
20764 3356
51405
1853 6720 1764
263321 263584 7738
4777 2497
1221 4637 4608
6830 19151
29608 3356
49463 174
39821 9002
53070 10429
286 1136 19151
1764 3257
19151 3356 4637 2497 4589 6667 41095 19151 6461 7575 13030 25152 9002 9304 174 62567 1280 14361
9044 20612 3257
6453 3356 36937
6461 8218
37239 36937
9189
12956 3356 10429
52720 3549
12637 174
13030 198249 58299
41497 3257
25152 6939 20080 3257
12859 3257
35699 174
8222 3356
6720
9304
36937
6939 202194 51395 30132
202194
29691 57118 15576
41095
50763 8943
5580 3257
15435 3257
37271 327995 3257
24482
4608
50304 57381 174
8943 2914
262757
52863 6762
3549 3356
3356 47872 8426 1299 29222 3356 2914 15547 58308 8283 25091 6762
8426
3491 174
12350 174
31424 3257
29140 3257
59689 8218
13237 3257
51395
8596
15547
6661 174
28329 6762
29680 3257
7738 3257
9002
12586 3257
20080
22652 3257
5392 174
57381
58308
51945 174
174 198385 12779 6762 45896 2914 3252 50620 64396 3267 198290 15605
29686 3257
58299
1103
198290
28138
15605
8218
3252
327995
45896
513
57118
4637
4589
3257 31122 15576
12779
1136 3333
6667
29222
10429
196621 15576
2914
553
64396
20612
1299 28917
7575
198249
2497
263584
31122
50620
198385
3333
8283
47872
25091
3267
6762
15576
30132
1280
14361
28917
62567
