#src/zombie.py
# GMT Mon Oct  1 06:02:18 2018
# 
1916 9304 13030 262757 25152 24482 20080 25933 6939 174 19151 12654 11537
22548 52720
14061 2914
45896 174
34781 13030
59891 51395
12654 53070 52863 52720
53070
37239 36937
553 680
8943 2914 50763
7018 174
7575 11537
57381 50304
16735 4809
8455 3257
57821 12586
3491 174
1836 20612 174
35054 3356
680 20965
13002 174 25091
8758 174 196621
2895 3267
29691 57118 174
20965 11537 1853 1103
20764 3356
1853 6720
58299 13030
7660 22388 2500
4777 2500
1221 4637 4608
6830 174 15547
1103
39821 9002
13101 12586 174
30132 6762
19151
6453 36937 6762 62567 6453 29608
6461 6762 8218
28220 52720
13030 198249 31424 51395
52720 14840 28138 263584 28329
25152
12859 2914
50300 174
24482
64396 174
9304
36937
6939 202194 30844
202194
57866 174 8283
50763
15435 1299
263584
4608
50304 174
47872 6762
262757
52863 4809 6762
3549 3356
6720
49605 1299
11537 11537 22388 513
15547
14840
28329
3333 6762
12586
20080
22652 174
25933
174 198385 4637 3257 6667 2914 1299 3252 3267 37271
30844
28917 3356
29608
28138
8218
3252
31424
51395
2500 2500
513
57118
4637
3257
6667
4809 3356 4809
6762 2914 1280
3356 41095 14361 2497
2914 9002
196621
20612
1299
198249
2497
37271 327995
22388
198385
9002
8283
25091
3267
41095
327995
1280
14361
62567
