#src/zombie.py
# GMT Mon Oct  1 05:17:51 2018
# 
29691 6939
328206 6939
49605 553 3333 41722 25091 56730 8896 20764 3356 28917 29140 21232 8758 202032 9002 20495 12654 8283 6939 20932
59689 6939
6720 1853
34288 6939
262317 6939
29636 6939
15605 12654
553
29075 6939
202032
3333
1103 57111
52720 6939
20612 6939
16347 57111
2857 6939
8426 6939
3491 6939
202194 6939
34019 6939
20764
3356 3549
29608 6939
680 6939
20080 6939
3549 263702
9002
20495
15547 57111
2914 15562 12779
50304 57111
56730
6939 9304 1916 37271 7575 39351 37468 263075 6667 263152 23106 37239 19151 7018 22652 50620 8218 12307 262757 4844 6881 25160 6453 29686 64463 263508 28634 31424 13030 53067 1853 47692 25220 1273 12859 264911 15435 53070 57381 29504 6762 48526 30844 12654 198249 286 31122 38001 2497 16735 29680 22548 31742 59891 513 1280 59414 8607 14061 47147 37640 5396 52320 1836 35369 58299 57821
20932
37468
8455 12779
53067
47692
8758 196621
50877 57111
25152 3257
59891
49463 57111
15435
51405 57111
1836
29504
7018
15562
52888 1916
12654 12779 57111
43100 57111
6881
198249
1273
31122
38001
39351
29680
513
19151
8607
47147
37640
5396
48526
50300 57111
4777 2497
28917
263702
196621
9304
1916 28571
37271
263075
31424
264911
59414
6667
263152
23106
37239
24482 57111
25220
25091
8283
1853
8218
12307
3257 12779
262757
4844 37989
198290 57111
6453
64463
6762
198385 57111
8896
41497 57111
13030
50620
29686
28571
50763 57111
12859
22548
53070
21232
57381
28634
7575
30844
286
39122 57111
52863 52320
2497
16735
37989
41722
57821
31742
1280
29140
57111 2613
22652
14061
2613
263508
52320
12779
35369
58299
25160
