#src/zombie.py
# GMT Mon Oct  1 03:52:27 2018
# 
1916 6939
14061 6939
7018 286
34781 6939
59891 6939
30844 6939
25160 6939
37239 6939
37989 4844
8763 2914
5396 6939
34288 6939
56730 9002
20932 13030
7575 24490
16735 6939
57821 6939
263152 6939
1836 9002
680 553 20965 9189 12654
8426 6939
16347 25220
8758 13030 196621
48526 9002
29636 13030
20965 24490
20764 9002
51405 6939
52888 6939
1853 9002
28917 9002
49463 9002
53070 6939
286 12654 2914 8218
202032 6939
19151 13030
25220 198385 6939 12654 9002 3257
4844 6939
34019 9002
13030 198249 2497 2857 50620 513 50300 24482 9304 12654 8596 15547
41497 9002
25152 3257
50300
24482
64396 6939
9304
6939 47872 52863 2914 264911 28329 29680 31424 20080 22652 58299 29691 28571 263651 263075 57118 37640 12654 20612 6881 52720 202194 262317 1280 37271 62567
202194
29691
29075 9002
52720
37271
50304 42708
47872
52863
198385
6720 9002
263651
49605 9002
29140 2914
59689 9002
8596
15547
2914 6762 29686 12654 4589
264911
28329
24490
9002 6667 12654 8607 2613 31122 3333 25091 43100 35369 29608 198290 15605
20080
22652
57381 42708
513
9189
35369
29686
58299
29608
198290
15605
8218
2613
262317
31424
42708 12654
263075
57118
4589
3257
12779 12654
6667
37640
196621
12654
553
20612
8607
198249
2497
6881
31122
50620
3333
25091
43100
6762
28571
29680
1280
2857
62567
