#src/zombie.py
# GMT Mon Oct  1 05:14:17 2018
# 
37468 13237
29691 1764
25933 3549
35054 1764
3252 13237
57821 12586
1836 13237 20612
174 9304 1764
58299 1764
198249 13030
28917 13237
22652 3257
25091 13237
45896 3356
56730 13237
41722 9002
34177 13237
2914 6762 3491 62567 8607 13237 20080 2497 14061 1916 7575
15435 13237
1299 47872 1280 12956 13237 7738 8283
12859 13237
1280
513 6730
29608 3356
202194 1764
20080 1251
16347 13237
8387 13030 12654 1764
15547 13237
1764 64396 31424 3356 8455 12307 8758 12350 59891 25435 196621 8218 59414 202032 198385 8222
41497 3257
50300 13237
25227 13237
8218 35699 6461 25160 8426 12637 29222
16735 22548 262757 52320
12779 13237
8607
262757
3356 20764 3549
37271 327995 6461
12350
7738 263321
49463 13237
29140 13237
12586 31025
3257 6762 7018 5396 4637 13237 6453 25152 2497
327995
47872
14361 6461
52863 6762
263584 263321
13237 49605 680 29226 3333 286 198290 20932 37100 30132 37497 37239 51405 41095 29075 3320 25220 8928 6667 20562 553 15605 34019 31025 24482 8596 48526 30844 34288 50304 51185 9002 1103 50763 6695 52320 4589 12654 29686
8596
48526
12637
2497 4777
34019
34288
12307
51185
3491
23106 52320
52888 1251
1221 4637 4608
1103
50763
28220 12956
28329 6762
20612
1251
52320
22548
19151 6461
31424
9002 41617 39821
2895 29226
4777
64396
62567
49605
13030
29226
8758
12956 52873 10429
8283
14061
3333
286
3549
198290
4637
8426
20932
41095
29222
9189 6695
37100 327782
59689 3320
25160
263321
327960 327782
4589
29686
9304
51405
6695
24482
29075 58308
3320
198385
25220
202032
59414
41617
5396
8222
6762
8928 29680
35699
59891
2613 6893
20562
553
25152
29680
15605
680
39821
50304 57381
8455
58308
196621
31025
52873 52720
30844
25435
7018
6667
327782
30132
6730 6730 6893 12654
12654
5392 6453
6453
4608
52720
37497
6461
53070 10429
57381
20764
6893
7575
1916
37239
10429
