#src/zombie.py
# GMT Sat Sep 29 09:20:40 2018
# 
12637 20764
41497 9002
3257 174
34019 20764
41722 12654 20485 9002 8359
29680 6939
20080 6939
3356 7018 1280 8359 174 20764 3549
8283 20764
1836 20764
262757 6939
30844 20764
198249 6939
29686 20764
49463 20764
20612 6939
20932 9002
22652 9002
38001 6939
59414 9002
15562 2914
7018
202032 6939
206356 9002
60501 20764
29636 6939
45896 9002
29075 20764
52320 52863 6939
1273 6939
12859 20764
2613 20764
50763 20764
263075 6939
553 6939
12307 6939
2857 6939
14061 6939
264911 6939
52863
57821 6939
286 9002
37640 6939
680 9002
51405 20764
22548 6939
50300 20764
58299 6939
1251 28571 6939
28917 20764
37989 4844
1916 52888 6939
4844 6939
25152 6939
3491 6939
56730 9002
198290 20764
52873 6939
263152 6939
34288 20764
25160 6939
6720 9002
25091 12654
28634 6939
29608 20764
20764 37468 14907 15547 198385 57111 1103 16347 6939 8455 8218 47147 24482 13030 12654 39351 48526 29140 49605 59689 174 20495 15576 12779 25220 3333
25220
202194 6939
37468
14907
15547
20485 6453
198385
57111
9002 50304 8607 15605 2497 31122 39122 2914 31742 6667 47692 8758 31424
1103
513 6939
5396 6939
57381 6939
6939 29504 6762 50877 328206 50620 6881 262317 35266 21232 6894 29691 9304 205206 266534 64463 8896 19151 15435 59891 34549 37271 2497 23106 16735 52720 37239 263508 8426 53067 7575
8455
8218
328206
15605
50620
6881
31122
39122
3549 263702
1280
35266
21232
205206
196621 15576
6667
47147
16347
8758
19151
24482
8359
266534
4777 2497
35369 13030
34549
8607
29504
50304
13030
52888
64463
12654
8426
8896
37271
262317
48526
31424
29140
39351
59891
263702
6762
50877
47692
29691
2497
23106
15435
28571
2914
16735
49605
59689
174
20495
52720
37239
6453
263508
31742
15576
12779
9304
53067
6894
7575
3333
