#src/zombie.py
# GMT Mon Oct  1 05:21:11 2018
# 
263321 263584 61568
6894 2603
7018 174
6720 1853
15605 12874
18747 174 263702
14907 2914
29075 35054
202032 35054
3333 1103
1103 513
20612 35054
29226 2895 9002
15935 6830 29504
3491 174
22652 174
3356 60501 3549 174
680 20965
37497 174
49605 35054
3549 52720 25933 23106
31424 35054
47692 35054
8758 35054 196621
8896 174
11537 1251 11537 293
28634 10429
34549 13101
51405 24611
35699 174
12654 15547 35054 513 3303
38001 174
199714 206356 13030
198290 174
29680 8220
8220 35054
2603 205206 37468 25220 29686 37271 21320 51185 37100 6667 8607 29140 28917 12779 48526 34177 50304 13101 8283 25160 286
559 553 513
513 13030 293 21320 513 6830 25091 12350 174 20965
12874 3303
52873 12956
8607
327782 37100 327960
39821 9002
34177
28917
263702
5392 174
196621
9304 174
4637 1221 174
6830 39122 2497 59689 41095 20764 12859 3257 15435 47147 3320 2914 6453
1221 4608
4608
47441 31133
61568 6762
43578 174
35266 2914
6667
23106
25091
6893 2613 6730
3257 174 41497 12586
4844 2914 37989
35054 29691 198385 34288 21232 12307 24482 198249 6939 59891 8218 59414 9002 202194 1836 58299 13237 64463 6730
39351 174
13101
1299 8943 14061 174
198385
40191 174 395766
20965 24490 27750 1853
29686
12859
206356
21232
51945 56730 174
1251 52888
174 12956 6762 12637 16735 19151 31742 50877 52320 2914 50300
6939 25152 13760 1280 63297
8943 50763
2895
16735 22548 262757 266534
31742
4777 2497
8222 3320
59414
14061
3320
12779
35369 8218
58299
13760
25160
12350
263584
553
59689
60501
12637
266534
395152 63297
52720
25220
16347 8218
25227 9002
29691
31133 21320
20764
24490 7575
8426 21320
20080 2914
9002 41722
50877
2914 15562
50304 57381
56730
286
50763
63297
8455 21320
202194
25152
25933
49463 8218
15435
29504
6762 5396
15562
52888
6881 21320
198249
24611 6661
59891
21320 30132 30844 6661
47147
27750 1916
5396
48526
13237
12956 28220 10429
293
1916
37271
41095
51185
37468 37239
24482
3303
28220 28220
37239
19151
30132
327960
8283
8218
12307
262757
15547
395766
6453
205206
64463
50300
41497
13030
1853
12586 57821
22548
57381
37100
7575
34288
30844
39122
52863 52320
2497
37989
41722
57821
1280
29140
2613
52320
1836
10429
6661
6730
