#src/zombie.py
# GMT Fri Sep 28 18:55:59 2018
# 
50620 6939
6881 15685 12654
59891 6939
196621 6939
37239 6939
202032 6939
37989 4844
2613 6939
42708 8928 31122 50304 29686 15605 2914 198385 286 28917 9189
30844 50304
57381 50304
6667 50304
8607 6939
6453 1299
202194 6939
262757 6939
29608 43100 13030 3356 12654
25220 50304
20612 1836
34288 50304
9189
37640 6939
15547 6939
34781 6939
35369 29208
12654 50304
50763 50304
64396 6939
59689 6939
264911 6939
49605 6939
15605
23106 50304
1103 50304
16347 50304
37497 6939
28917
198290 6661
22548 6939
15435 50304
50304 1299 25091 48526 8283 6939 20764 8218 29140 12779 8447 34019 56730 50300 1836 12637 29075 8758 20932 8455 62567 47872 3333 9002 12859 24482 4589 6661
29686
29140
680 1299
8447 6720
57821 6939
29680 6939
21320 6939 513
53067 6939
8928
20932
262317 6939
8763 6939
29636 6939
28329 6939
20080 6939
12859
513
4589
1299 1280 24785 3257 3356 7018
25091
6720
14061 6939
286
1273 6939
553 6939
1916 6939
198385
31424 6939
8426 6939
56730
37271 6939
15685 29208
5396 6939
50300
7575 6939
51405 6939
29075
13030
25160 6939
198249 6939
25152 6939
49463 6939
62567
41617 9002
47872
3333
52863 6939
48526
7018
24482
24785 20562
43100
34019
9002
22652 6939
8283
263152 6939
58299 6939
8596 6939
20764
8218
29208 20562
3356
4844 6939
12779
52720 6939
12637
41497 6939
1836
263651 6939
2857 6939
20562
28571 6939
6762 6939
8758
53070 6939
8455
1280
31122
9304 6939
3257
2914
6939 263075 19151 16735 2497
263075
19151
16735
2497
6661
