#src/zombie.py
# GMT Mon Oct  1 06:26:18 2018
# 
37468 1103
29691 6730
25933 8167
8447 6720 5413
35054 3303
3252 12859
3491 2603
57821 12586
62567 5413
24611 6661 51405
174 64396 51395 3257 47176
286 7018 6453 1103 29222
198249 13030
28917 8455
22652 3257
25091 1103
13030 8455
56730 1103
49605 5413
34177 12859
2914 14061 35699 6453 12859 198290
2500 2500 7660 4777
15435 1103
1299 3356 8455 1280
25435 47176
1280
6695 9189 12859
202194 6939
20080 2603
16347 1103
29075 1103
15547 8455
24490 20965 7575
8167 7738
41497 3257
50300 5413
12586 31025
8218 59689 1103
16735 2603 262757 22548
12779 12654
5413 49463 4589 29686 15623 13237 29140 42708 1764 4637 9002 12654 41095 8607
8607
6830 12654 59414
51395 59891
262757
3356 20764 29608 3549 45896
37271 327995 1103
12350 8455
7738 263321 12956
49463
3333 6762 31424 34019 8426 12654 20932 6661 9304 12637
42708 57381
3257 29680 25152 1103
327995
47872 6939
14361 2603
52863 6762
263584 263321
24482 12859
8596 1764
48526 8455
12637
2497 2603
34019
34288 12859
6661
50304 2603
8455 25227 3303 12654
58299 15623
23106 12859
52888 1251
29076 12859 2895
1221 4637 4608
15623
1103 2603 37100 20965 8758 37497 37239 11537 12654
28220 12956
34781 12859
28329 6762
20612 1836
1251 11537
51185 12859
22548
9002 39821 41722 41617
2895
7575
25227
1836 12859
20965 680
47176
7660 22388
8758 196621
12956 52873 12654 10429
1764
14061
35699
41722
11537 22388 1916
3549
198290
4637
45896
20932
41095
29222
2603 25160 19151 553
37100 327782
59689
25160
263321
327960 327782
4589
29686
9304
51405
22388
31424
1916
6939 12654
25220 12859
29608
52873 52720
59414
41617
5396 6762
8222 12859
6762
6893 6730 2613
29680
59891
2613
198385 12859
553
25152
15605 12859
39821
9189
196621
31025 12859
64396
29140
6720
30844 12859
12859 6667 12654
7018
6667
327782
8426
6730 12654
680
5392 6453
6453
4608
13237
52720
37497
53070 10429
57381
20764
3303
19151
4777
12654
37239
10429
