#src/zombie.py
# GMT Mon Oct  1 08:19:12 2018
# 
1273 6830
4844 6939 37989
8365 6830 2857
41617 9002
1103 3333 513
7575 22388
29686 6939
12859 2603
1280 6830
29680 174
559 21320 12654
37271 2603
16347 6939
20080 6939
8943 50763 2603
15576 196621 3303
57118 12307 6939
62567 6939
30844 6939
37239 6939
5539 6830 8763
6661 198290 21320
9002 21320 48166
15605 12874
37640 6939
48166
20612 6939
16735 4809 22548 6939 262757
24482 6939
12307
53067 6939
263651 6939
202032 6939
12654 25091 15547 513
31122 2603
37497 6939
22652 174
553 2603
57381 6939
6720 1853
29075 6939
29608 6453
58299 6939
15435 6939
198385 6939
51405 6939
1916 28571 6939
286 2603
52720 3549
50763
37989
25160 2603
34288 513
6881 21320
8426 2603
1836 6830
29140 2603
513 20965 3303 513 6830 174 21320 6939 293 25091 13030
57821 6939
1853 20965
2603 2914 8283 12779 29636 4589 37468 21320 34019
12637 174
262317 6939
29691 6939
15547
53070 10429
6453 174 6830 6453
20965 680
59891 6939
25152 6939
6667 6830
8758 6939
6830 2497
28917 6939
51945 6939 56730
22388 11537
4589
37468
196621
8596 43531
3257 174
12874 3303
12956 6939 10429
2613 6939
25091 6939
35369 13030
9304 6939
198249 13030
50620 6939
6762 174
263152 6939
20764 6939 41722
47872 6939
3356 3549 174
680
25220 6939
23106 52320
21320 8455 8218
31424 6939
263075 6939
3333
52320 6939
22548
64396 174
8218
2497
29636
202194 6939
8763
49463 6939
43531 6939
49605 6939
52863 4809
8607 6939
48526 6939
198290
11537 293
174 19151 7018
12779
6939 264911 9189 8928 50304 14061 59689 41497 50300 5396
8455
9189
3549
293
8283
8928
34019
56730
2914
50304
264911
28571
4809
3303
262757
14061
19151
59689
41497
50300
5396
41722
2857
7018
10429
13030
