#src/zombie.py
# GMT Fri Sep 28 15:20:58 2018
# 
15435 6830
28138 16735
16735 6830 22548
3549 3356 28329 25933
35054 57118 12654 29691 8218 59891 198249 58299 202032 34288 8758 198545 24482 64396 12350 202194 34781 6939 9002 1836 43531 43100 49605 20612 31424 198385
513 559 3320 12654 20965 13030 513 10764 25091 2603 1103 6830 21320
50300 5580
56730 51945
1280 3320
24490 7575 20965
6661 174 24611
680 20965
31122 2603
30844 21320
5580 22652 6830
58299
2500 2500 7660 4777
1103 3333
263075 16397
12859 6830
26615 16397 6762
12874 15605 3303
31424
21320 8455 3216 2603 30132
202194
1221 4608 4637
8455
13101 2603 12586
15605
52873 52720 12956
7575
12956 6830 10429
9304 174
12779 2603
22388 7660 11537
9002 39821
51185 2603
6453 3320 6830 36937 5392
7660
19151 6830
58308 29152
62567 1299
8607 2603
41095 2603
11537 1251 1916 20965 10764
50620 174
4637 3320
12637 3257
559 553
57118
14061 3356
39326 2603 51945
10429 262317 53070
41497 174
4608
59891
50763 8943
20764 3216
8283 2603
2603 29686 3267 28917 3252 8426 42708 25220 8468 35699 48526 29140 25160 50304 34177 34019 37271 6667
202032
198545 29152
13237 6830
8758 196621
2497 6830
25152 6939
4777
29680 3257
6762 5396 28220 20080 3320 6830
35699
25091 2613
8426
50304
7018 3320
34177
174 6830 198290
9189 6830
28329
59689 6830
43531 8596
49605
20612
30132
29075 16347 6830
28220
3267 2895
34781
28917
16397
12654 15547 3303
3356 29608 6830
6720 6830
29691
263584 263321
1251 52888
8222 3320
15547
3491 6830
198290
12350
196621
1853 20965
64396
37239 36937
327995 37271
3257 6830
8468
14361 6830
7738 3320 263321
8943 1299
12586 57821
13030
6939
47872 2914
57821
22548
57381 42708
1836
3303
22652
6830 2914 286 1299
8596
49463 8218
198385
29686
29608
2613
262317
3252
10764
34019
16347
3333
2895
24611 51405
42708
8218
52888
53070
37271
198249
1916
5392
6667
24482
20080
2914
5396
25220
36937
263321
39821
3216
52720
3320 1299 4589
20965
51405
25160
553
29140
34288
48526
286
4589
25933
43100
1299
51945
29152
