#src/zombie.py
# GMT Mon Oct  1 05:25:50 2018
# 
1916 11537
22548 3549
14061 2914
7018 2914
34781 25220
8447 6720 12654
12654 680 42708 2914 25220 5413 6939 6830 6762 12779
25160 5413
3491 2914
24611 51405 6661
29075 58308 5413
30844 5413
5396 6762
34288 25220
8468 5413
56730 51945
263075 16397
20932 25220
2613 25220
57381 42708
7738 6762 263321
16735 28138 262757 2914
59891 51395
8455 20562
3549 3356 6762 52720
29680 3257
34177 25220
1836 25220
50300 5413
35054 3356
680 20965 9002 8426 49605 553 680 174 13237 9044 25220 8596 48526 8218
3252 25220
37239 36937
6730 5413 29691
16347 5413
8758 6830 196621
2895 3267
29691 57118
20965 11537 1853 1103 513 24490
3356 20764 19151 29608 25220 22652
51405
57821 12586
1853
263321 263584
7660 22388 2500
4777 2500
1221 4637 4608
6830
5413 50304 31424 49463 6667 41095 30132 39326 15547 8607 12637 13030 9002 12859 24482 3333 20080 9304 3267 28917 50763 6661
49463
39821 9002
53070 10429
286 2914
30132
19151
9044 20612
6453 36937 2914 6762 5392
25220 198385 51185 3257 12350 29551 1299 34019 31122 25091 15435 20562 15605
28220 6762
12956 6762 10429
52720
12637
13030 198249 58299 2914
41497 3257
29551 31025
25152 3257
12859
35699 2914
11537 22388
12586 31025
64396 174
9304
36937
6939 51395 47872 202194
202194
48526
41095
50763
15435
37271 327995 2914
24482
4608
50304
47872
262757
52863 4809
20764
51185
8426
16397 26615
12350
34019
49605
59689 8218
13237
51395
8596
15547
6661
28329 6762
24490 7575
3333
6720
26615 6762
20080
22652
5392
25933 6762
58308
51945 39326
174 50620
58299
1103
198290 2914
28138
20562
15605
8218
7575
262317 10429
31424
42708
2500 2500
513
57118
4637 6762
3257 14361
12779
6667
4809 1299
6762 6762 1280 2914
10429
196621
2914 2497 8283 3303 62567
553
39326
20612
1299
8607
198249
2497
263584
31122
50620
22388
31025
198385
9002
8283
25091
3267
29222 3303
29608
327995
3303
1280
14361
28917
62567
