#src/zombie.py
# GMT Mon Oct  1 05:51:36 2018
# 
52873 52720 12956
1916 174
22548 16735
14061 2914
7018 1299
34781 49605
8447 49605 6720
2914 12637 7575 2497 6762 16735 6453 62567
53070 10429
37239 36937
29075 49605
1836 49605
5396 12637
34288 49605
8468 49605
56730 49605
20932 49605
3252 12779
57381 50304
7738 3257 263321
3320 3303 1299
16735 262757 28138
59891 49605
8455 20562
3303 12874
34177 49605
30844 12779
13030 49605
35054 49605
680 553 12779
174 19151 22652 12779 3491 12956
16347 49605
8758 49605
2895 49605
48526 12779
3356 20764 3549 9002
51405 49605
57821 12586
1853 1764
263321 263584
4777 2497
1221 4637 4608
29608 49605
49463 49605
58308 49605
25160 49605
286 1299
1764 12779
202032 49605
19151
6453 36937 24482 9002
25220 12779
28220 6762
9189 49605
12956 10429
34019 49605
12637 5392 4589 12654
39821 49605
41497 49605
25152 3257
12859 49605
35699 49605
8222 1299
12586 31025
64396 49605
9304 12779
36937
202194 49605
29691 49605
50300 49605
15435 49605
52720
37271 327995 12779
24482
4608
50304 49605
47872 49605
262757
52863 6762
50763 49605
3549 25933
43531 8596 12779
8426 12779
16397 263075 26615
3491
12874 15605
12350 12779
49605 8283 59689 2613 9002 20080 15547 58299 1103 198290 8218 198385 31424 28917 57118 4637 29222 30132 196621 12654 20612 1299 8607 198249 31122 50620 25091 43100
29140 12779
59689
13237 12779
8596
15547
2613
28329 6762
29680 3257
3333 12779
6720
26615 6762
20080
22652
5392
25933
263075
6730 513 6730 12779
29686 12779
58299
1103
198290
28138
20562 12779
15605
20764
8218
7575
262317 10429
31424
513
57118
4637
4589
3257 2497 6762 14361 12779
12779 12779 6667 41095 12654 31025
6667
41095
10429
196621
12654
553
20612
1299 1280
6762
8607
198249
2497
263584
31122
50620
31025
198385
9002
8283
25091
43100
29222
327995
30132
1280
14361
28917
62567
