#src/zombie.py
# GMT Mon Oct  1 04:51:54 2018
# 
29691 6939
49605 9002
59689 20764
6720 1853
37497 6939
12637 9002
262317 6939
39351 20764
15605 9002
395152 14007
29075 20764
12307 6939
3333 20764
52888 1916
52720 6939
12956 28220 10429 9002
25220 20764
16347 20764
45896 41095
8426 41095
20612 1836
3491 9002
202194 6939
34019 6939
20764 50763 56730 34288 2613 51405 58308 30844 12654 6939 39122 4766 8283 8222 29140 29608 15547 29686 47147 198290 28917 20932
3356 3549 6762 7018 1280 35054 41095
29608
680 9002
20080 6939
3549 25933
9002 12779 37468 41497 8455 1853 47692 8758 2497 15435 31424 21232 12350 1103 35699 12654 6667 23106 196621 48526 30132 29680 42708 13237 21320 8218 9304 59414 3257 8607 5396 553 1836 2914 286 6453 37271 50300
50877 6939
2914 15562
6939 51185 4608 264911 202032 263075 43578 24482 263152 327960 28929 50304 64463 37640 198385 53067 8896 37239 49463 29222 57821 29504 7575 25160 38001 59891 31742 5392 1916 52873 57111 14061 263508 14840 34177 58299
42708 57381
56730
20932
28634 22356
37468
30132
53067
47692
8758
8896
25152 3257
2895 41722
49463
29222
15435
51405
29504
7018
35699
15562
1103
12654 3252 41722 25091 41095
6881 3257
198249 13030
38001
31424
50304
29680
14840
59891
5392
21320 513
19151 41095
52873
8607
6762
37640
5396
48526
34177
58308
4777 2497
28917
852 41095 14007
12779
513
196621
8222
9304
1280
37271
263075
41095 16735 13030 22652 12859 20562 22356
51185
4608
264911
20562
43578
59414
6667
263152
23106
28220 28220
37239
24482
4766 64050
8455
327960
25091
8283
8218
202032
3257
262757 16735
15547
3252
553
47147
35054
198290
6453
64463
50300
198385
41497
13030
1853
64050
29686
50763
12859
28929
2497
53070 10429
21232
57381
12350
7575
34288
30844
14007
286
39122
25933
16735
41722
57821
31742
13237
1916
29140
57111
22652
14061
2613
263508
22356
1836
10429
58299
25160
