#src/zombie.py
# GMT Mon Oct  1 03:55:16 2018
# 
37468 37271
50620 13030
2857 13030
37640 6939
264911 6939
202032 6939
62567 9002
51405 9002
43100 9002
286 9002
198249 6939
28917 9002
22652 6939
198290 9002
56730 9002
2914 19151
15435 13030
8455 9002
12859 6939
1280 6939
513 13030
37497 6939
20080 6939
41722 9002
57821 6939
41497 9002
50300 9002
8218 6939
16735 6939
12779 9002
8607 9002
9189 13030
3356 3549 9002
37271 6939
4844 37989 6939
8763 13030
49463 9002
29140 9002
3257 9002 25152
6881 6939
52863 6939
262317 6939
8596 9002
48526 9002
12637 9002
2497 9002
34288 6939
15605 9002
37989
50304 6939
58299 6939
29680 6939
1103 9002
50763 9002
23106 6939
34781 6939
28329 3549
20612 6939
22548 6939
28571 1916
9002 49605 16347 30844 8283 3333 198385 41617 59689 29075 25220 29608 8928 25091 2613 12654 34019 6720 1836 6667 24482 680 6453 35369 4589 31122
7575 6939
64396 6939
1836
49605
13030 8758 9304 20932 12654 29636
8758
16347
8283
14061 6939
3333
8928
3549
263075 6939
20932
41617
263651 6939
52720 6939
59689
25160 6939
29686 6939
9304
20764 6939
29636
29075
1916 6939
6939 262757 59891 5396 6762 31424 263152 553 53067 196621 202194 7018 1273 8426 53070 57381 12654 37239
25220
29608
5396
6762
31424
25091
59891
2613
263152
198385
553
19151 12654
25152
53067
34019
196621
6720
30844
202194
7018
6667
24482
8426
680
6453
262757
31122
35369
1273
53070
57381
4589
12654 15547
37239
15547
