#src/zombie.py
# GMT Mon Oct  1 04:29:43 2018
# 
29691 6939
49605 20764
7018 3356
6720 9002
12637 20764
59414 9002
15605 9002
14907 20764
12307 6939
3333 20764
1103 20764
25220 20764
45896 9002
6894 6939
20612 6939
3491 6939
22652 9002
20764 198385 37468 8455 29686 50763 12859 15576 29140 12779 34288 24482 174 49375 6939 29608 12654 13030 8283 8218 3356 57111 30844 15547 47147 20495 1836 39351 28917 50300
3356 3549 1280
29608
680 9002
20080 6939
3549 263702
9002 39122 31122 2497 31424 41722 47692 8758 8607 56730 2914 50304 6667 286
50877 6939
15547
2914 15562
6939 553 9304 34549 37271 37239 19151 29636 202032 4844 202194 6881 64463 41497 205206 8896 25152 59891 15435 21232 29504 6762 7575 1251 198249 25160 38001 2497 58299 1273 57821 31742 14061 37640 5396 35369 2857
56730
50763
8455
47692
205206
20495
25152
59891
15435
29140
29504
6762
20485 6453 41722
15562
52888 1251
12654 41722 25091
6881
198249
31122
38001
31424
50304
1273
12779
8607
47147
37640
5396
4777 2497
28917
263702
196621 15576
9304
198385
34549
37271
15576
37468
24482
6667
37239
19151
25091
8283
8218
202032
49375
3257 174
4844 37989
553
39351
6453
8758
64463
50300
29636
8896
41497
13030
29686
12859
202194
21232
7575
34288
30844
1251
174
286
39122
2497
2857
37989
41722
57821
31742
1280
57111
14061
1836
35369
58299
25160
