#src/zombie.py
# GMT Mon Oct  1 06:04:48 2018
# 
1916 2914
22548 3549
14061 3356
7018 3356
34781 20764
59891 51395
12654 20764 47872 12654 3303 9002 6939
25160 9002
37239 36937
553 680
24611 51405 6661
29075 58308 9002
1836 20612 9002
5396 9002
34288 20764
8468 9002
56730 20764
20932 20764
3252 20764
21320 513 9002
7738 6453 263321
3320 8222 47872
16735 28138 6762 262757 12956
8455 9002
57821 12586
57866 8283 9002
30844 20764
35054 3356
680 9002
16347 20764
8607 9002
8758 9002
2895 20764
29691 57118 15576
3356 41095 29608 1280 9002 22652
51405
1853 9002
263321 263584
4777 2497
1221 4637 4608
29608
49463 20764
39821 20764
53070 10429
286 9002
30132 9002
19151 9002
6453 36937 9002
25220 20764
28220 6762
9189 6695
12956 47872 10429 59689
34019 20764
12637 9002
13030 198249 58299 9002
41497 9002
25152 3257
12859 9002
35699 9002
8222
12586 9002
64396 174
9304 9002
36937
6939 202194
202194
48526 9002
41095
50300 9002
15435 9002
52720 3549
37271 327995 9002
24482 9002
4608
6695 20764
50304 20764
47872 20764 6762 3549 62567
262757
52863 4809
50763 20764
3549 25933 6762
51185 9002
8426 9002
16397 263075 26615
3491 9002
12350 9002
49605 9002
29140 20764
59689
13237 9002
51395 9002
8596 9002
15547 20764
2497 9002
28329 6762
29680 9002
9002 2914 6720 20080 4589 5392 29686 1103 20562 15605 8218 31424 4637 3257 12779 1136 6667 196621 14361 31122
6720
26615 6762
20080
22652
5392
57381 42708
263075
174 20764 50620
29686
58299
1103
198290 2914
28138
20562
15605
20764 20764 42708 198385 6661 2613 34177 25091 28917
8218
7575 6762
262317 10429
31424
42708
513
57118
4637
4589
3257
12779
1136 3333
6667
4809 1299
29222 3303
10429
196621
2914 1299
25933
20612
1299
34177
198249
58308
263584
2613
31122
50620
198385
3333
8283
25091
6762
6661
15576 3303
327995
3303
1280
14361
28917
62567
