#src/zombie.py
# GMT Mon Oct  1 05:36:44 2018
# 
263584 263321
263321 61568
49605 57111
4608 1221
59689 57111
6720 47692
60501 57111
12637 57111
266534 18881
15605 25220
13030 47692
14907 25220
29075 47692
12307 47692
3333 5413
52888 1251
52720 52873
12956 28220 10429 6762 18881
25220 37468 30132 34549 12859 52320 15435 12350 30844 12654 29226 23106 16347 57821 8283 52873 3257 206356 1836 28917 20562
16347
25227 9002
29226 2895
6894 5413
8426 12779
20612 47692
1251 20080
3491 6762
202194 47692
20764 3356
3356 22652 47692 3549 51185
29608 57111
680 48526 12654 8218 9002 20965
37497 57111
20080 2914 6762
3549 263702
9002 39821 5413 41722
50877 12779
15547 57111
2914 22548 4844 6762 7018 35699 15562 12654 8220 2497 286
286
42708 12654 39351 57381
56730 57111
20932 47692
28634 10429
31424 47692
205206 47692
63297 395152 6939
8455 12779
47692 29691 198385 8758 34288 29222 21232 12654 35369 198249 59891 29504 25091 6453 59414 35054 58299 13237 64463
8758 196621
8896 12779
25152 3257
11537 1916 20965
37100 327782 57111
29222
34549
57821
51405 57111
29504
7018
35699
15562
1103 20965
12654 57111 5413 47441 6762 12779 47147 6939
6881 3257
198249
38001 57111
50304 57111
29680 8220
8220
59891
5392 57111
19151 5413
52873
4230 262757 6762
8607 5413
327782 327960
395152
6762 4637 25933 6762 61568 1280
39351
5396 12779
39821
48526
34177 57111
4777 2497
28917
263702
513 20965
196621
9304 12779
14061 5413
1280
37271 12779
41095 5413
51185
1221 4637
37468
47441
20562
61568
43578 1299
59414
35266 5413
6667 57111
23106
28220 28220
37239 57111
24482 57111
30132
327960
25091
18881
8283
8218
202032 12779
3257
262757
4844 37989
395766 40191
4637
47147 1299
35054
198290 57111
6453
1299
64463
50300 5413
2497
198385
40191 174
41497 12779
7575 24490
20965 24490
29691
50763 57111
12859
28929 12779
22548
21232
57381
49463 57111
1836
34288
206356
30844
24490
174 12779 16735
35369
6939 13760
39122 57111
52863 52320
25933
16735
37989
41722
15435
31742 57111
13237
1916
2895
57111 25160 2613
22652
5413
2613
52320
12779 12779
10429
58299
13760
25160
12350
