#src/zombie.py
# GMT Mon Oct  1 05:22:34 2018
# 
263321 263584 61568
7018 174
6720 1853
15605 12874
14907 2914
29075 35054
202032 35054
3333 1103
1103 513
20612 35054
29226 2895 9002
6894 2603
8167 7738 25933
3491 174
22652 174
3356 3549 174
29608 25091
680 20965
49605 35054
3549
198290 174
37468 52720 174
47692 35054
8758 35054 196621
8896 174
11537 1251 1916 20965
28634 10429
34549 13101
51405 24611
35699 174
12654 15547 35054 513 3303 25091
38001 174
39351 174
29680 8220
8220 35054
2603 205206 37271 21320 29686 37100 6667 8426 8607 29140 3252 34177 28917 12779 48526 25220 50304 13101 8283 286 25160
559 553 513
513 513 13030 174 20965 6830 25091 21320
12874 3303
52873 12956
8607
327782 37100 327960
39821 9002
34177
28917
5392 174
196621
9304 174
56730 51945
6830 39122 2497 59689 41095 12859 20764 3257 15435 47147 3320 2914 15935
1221 4637 4608
4608
61568 6762
43578 174
6667
23106 52320
25091 57111
3257 174 41497 12586
3252
35054 29691 198385 31424 202194 21232 12350 34288 24482 198249 6939 59891 8218 59414 9002 12307 1836 58299 13237 64463 6730
15935 29504
13101
1299 8943 174
198385
40191 174 395766
20965 1853 21320 24490
29686
12859
53070 10429
21232
51945 174
1251 52888
174 12956 37497 4637 12637 51185 7738 6762 16735 19151 31742 50877 52320 2914 6453 50300
6939 25152 13760 1280 63297
8943 50763
25933
16735 262757 266534
31742
4777 2497
8222 3320
59414
14061 6453
3320
12779
35369 8218
58299
13760
25160
12350
263584
553
59689
37497
12637
266534
395152 63297
52720
25220
16347 8218
25227 9002
29691
20764
24490 7575
8426
20080 2914
9002 41722
202194
2914 15562 64050 49375
50304
4637
286
50763
63297
8455 21320
50877
25152
2895
49463 8218
15435
29504
6762 5396
15562
52888
6881 21320
198249
24611 6661
59891
21320 30132 30844 6661
47147
5396
48526
13237
12956 28220 10429
1916
37271
41095
51185
7738
31424
6893 2613 6730
3303
49375
28220 28220
19151
30132
327960
8283
8218
12307
262757
15547
395766
6453
205206
64463
50300
41497
13030
1853
64050
12586 57821
24482
37100
7575
34288
30844
39122
52863 52320
2497
41722
57821
1280
29140
57111
2613
52320
1836
10429
6661
6730
