#src/zombie.py
# GMT Mon Oct  1 03:59:15 2018
# 
1916 52888 2914
22548 3549
7018 2914
34781 8468
2914 2497 3320 16735 8283 3491 6762 174 12654 198290 12956 62567
53070 10429
34177 8468
24611 51405 3549
29075 58308 9002
5396 9002
34288 15576
8468 3252 20932 3549 8426 50763 49463 34019 30132 12654 13237 6453 15547 16347 2613 13030 31122 9002 50300 20080 25091 29076 28917 1103 15435 20562 35699 8218
20932
2613
57381 42708
3320 3303
16735 28138
8455 9002
57821 12586
263152 10429
1836 9002
50300
35054 3356
174 50620
16347
8758 9002
2895 29076
48526 9002
3356 20764 29608 9002 22652 8607
51405
52888
1853 9002
28917
4777 2497
1221 4637 4608
29608
49463
2497
30132
19151 9002
6453 7738 9002
28220 6762
12956 10429
34019
12637 9002
39821 9002
41497 9002
25152 3257
12859 9002
35699
24482 9002
6720 9002
9304 9002
6939 47872 12654
29076
41095 8607
50763
15435
52720 3549
263584 263321
13030
4608
50304 42708
47872
52863 6762
3549 25933
51185 9002
8426
3491
13237
49605 9002
59689 8218
12350 9002
8596 9002
15547
28329 6762
29680 9002
9002 42708 4637 3257 12779 6667 12654 12586 5392 15605 14361 25227
12586
20080
22652
5392
25933
6730 513 6730 12654
263321 7738
1103 3333
198290
28138
20562
15605
20764
8218
3252
262317 10429
42708
513
4637
3257
12779
6667
29222 3303
10429
12654 12654 3303 8607
7738
8607
58308
31122
50620
3333
8283
25091
6762
15576 3303
3303
14361
62567
25227
