#src/zombie.py
# GMT Mon Oct  1 04:58:08 2018
# 
1916 52888 2914
22548 3549
14061 2914
7018 2914
34781 8468
59891 51395
2914 7575 2497 3320 16735 8283 3491 6762 174 12654 198290 1280 12956 62567
25160 9002
37239 36937
24611 51405 6661
29075 58308 9002
5396 9002
49605 9002
34288 8468
8468 198385 20932 3549 8426 50763 49463 9189 4589 15547 34019 30132 12654 13237 6453 25220 28917 56730 6661 3252 13030 37179 31122 9002 50300 29140 20080 34177 25091 29076 29686 16347 1103 15435 20562 35699 8218
56730
3252
57381 42708
7738 6453 263321
3320 8222
37179 327984
8455 9002
57821 12586
34177
1836 20612 9002
6893 2613 6730
51185 9002
35054 3356
680 553 9002
16347
8426
174 50620 64396
8607 3356 41095 12654
8758 196621 9002
2895 29076
29691 57118 6730
202194 6939
20764 3356
51405
52888
1853 9002
263321 263584
327984
1221 4637 4608
29608 3356
49463
39821 9002
53070 10429
286 9002
30132
19151 9002
6453 36937 9002
25220
28220 6762
9189
12956 10429
34019
12637 9002
13030 198249 58299
41497 9002
25152 3257
12859 9002
50300
8222
64396
9304 9002
36937
6939 47872 12654
29076
48526 9002
41095
50763
15435
52720 3549
37271 327995 9002
24482 9002
4608
50304 42708
47872
20932
3549 25933
3356 9002 22652
6720 9002
3491
12350 9002
31424 9002
29140
59689 8218
13237
51395 9002
8596 9002
15547
6661
28329 6762
29680 9002
9002 42708 4637 3257 12779 6667 12654 12586 14361 5392 15605
12586
4777 2497
20080
22652
5392
25933
58308
6730 513 6730 12654
29686
58299
1103 3333
198290
28138 16735
20562
15605
8218
7575
262317 10429
327995
42708
513
57118
4637
4589
3257
35699
6667
29222 3303
10429
196621
12654 12654 3303
553
20612
12779
16735
198249
2497
263584
2613
31122
50620
198385
3333
8283
25091
6762
3303
1280
14361
28917
62567
