#src/zombie.py
# GMT Mon Oct  1 08:29:11 2018
# 
3257 25152 6762 7738 12779 29680 14361 2497
198249 49605
3356 1299 3549
3216 20764 12779
57118 49605
25091 12779
29686 12779
9002 49605 6453
28220 6762
263321 7738 263584
28917 49605
12654 12637 49605 12779
6762 2914 52863 28329 26615
513 6730
50763 49605
50300 49605
14061 2914
1103 49605
1764 1853 12779
47872 49605
198290 49605
8758 49605
14361
57821 12586
9304 12779
39821 49605
57381 50304
263075 16397
50304 49605
5392 12637
1916 174
198385 49605
12637 2914 49605 51185 5396
8468 49605
6730 6730 12779
2914 35699 62567 7575 4589 16735
202194 49605
286 1299
52720 52873
59891 49605
8447 49605 6720
37271 327995 12779
8455 20562
36937 6453 37239
16397 26615
29608 49605
25933 3549
4637 49605 1221
29140 12779
13030 49605
3549
5396
20080 49605
202032 49605
41095 12779
50620 49605
34019 49605
1280 1299
28329
327995
2497 4777
7018 1299
12586 31025
10429 12956 53070 262317
553 680
22652 174
8596 43531
680 12779
35054 49605
20562 49605
52873 12956
3491 174
64396 49605
43531 12779
31424 49605
16735 262757 28138 22548
1299 8222 49605
59689 49605
19151 174
34288 49605
6453
174 12956 12779
28138
22548
49605 43100 8283 16347 15547 51405 2895 1836 58299 49463 58308 196621 41497 8607 20612 30132 29075 29222 56730 2613 12859 34177 31122 20932 15435 9189 25160 8218 29691 34781
29680
1836
8283
16347
6667 12779
8222
3252 12779
31122
12779 31025 13237 12350 3333 12779 8426 25220 30844 48526
15547
7575
1853
4589
25220
52863
2895
20932
262757
263584
8607
12350
58299
49463
51405
53070
30844
58308
43100
3333
41497
62567
20612
30132
4608 1221
29075
7738
29222
56730
1221
13237
26615
2613
262317
31025
12859
34177
25152
4777
12956
6720
37239
8426
15435
9189
25160
35699
51185
20764
8218
196621
29691
48526
34781
