#src/zombie.py
# GMT Mon Oct  1 04:16:04 2018
# 
52873 52720 12956
1916 11537
22548 16735
14061 3356
7018 3320
34781 35054
198545 35054 29152
20080 6762
559 553 513
1251 11537 52888
53070 10429
37239 36937
29075 6830 16347
5396 6762
8468 2603
3252 2603
16735 262757 6830 28138
57821 12586
3491 6830
30844 21320
35054 198385 31424 43531 59891 57118 49605 202032 196621 12654 34288 20612 15547 198249 9002 24482 64396 1836 43100 6939 202194 58299 8758 29691 8218
35699 2603
2895 3267
29691
3356 6830 29608 3549
51405 24611
52888
1853 20965
58299
7660 22388 2500
4777 2500
6830 286 513 59689 6720 4589 3257 5580 6762 174 19151 2914 13237 15435 14361 9189 12956
13030 513
9189
30132 21320
202032
19151
6453 36937 3320 62567 5392
12956 10429
52720
12859 2603
3216 20764 21320
6939 25152
50763 8943
5580 50300 22652
15435
37271 327995 2603
24482
24611 6661
262757
52863 6762
198385
43531 8596
8426 2603
12874 3303 15605
327995
59689
12350 513
15547
29680 3257
3333 1103
59891
5392
25933 6762
29152 58308
51945 39326 56730
263321 263584 7738
1103 513
20562 25091
2613 6893
262317 10429
31424
42708 57381 2603
513 20965 21320 3320 513 2603 25091 12654 10764
57118
4637 1221 3320
4589
12779 2603
41095 2603
2914 47872
553
39326 2603
7738 3320
1299 3320 8943
8607 2603
198249
2497 3320
263584
26615 6762 16397
14361
62567
25160 2603
34177 2603
47872
8943
34288
56730
7575 24490
21320 8455 2603
3320 6762 8222 1280
8455
2603 50304 51185 6667 34019 29140 25220 31122 8283 3267 29686 28917 13101 48526
1836
6893 25091
680 20965
8758
10764 11537
48526
20965 11537 24490
20764
1221 4608
49463 8218
28917
286
13101 12586
25220
28220 6762
34019
12637 3257
39821 9002
41497 174
25152
50300
8222
6720
9304 174
36937
202194
4608
50304
3549
51185
43100
16397 263075
13237
49605
29140
11537 22388
24490
6661 174
28329 6762
8596
9002
12586
22652
57381
174 50620 198290
29686
29608
198290
28138
15605
8218
2500 2500
263075
3257
6667
6762 6762
10429
196621
12654 3303 25091
64396
20612
16347
58308
31122
50620
22388
8283
25091
3267
3303
1280
