#src/zombie.py
# GMT Mon Oct  1 05:08:14 2018
# 
29691 49605
328206 6939
49605 37468 13030 202032 47692 8758 20495 12859 15435 29140 21232 29075 3356 3333 48526 34288 20612 12654 34019 198249 6939 31424 41722 25091 202194 59891 8283 12307 59414 20932 8896 56730 9002 5396 553 1836 58299 1299 64463 28917
59689 57111
6720 1853
7575 6939
262317 6939
29636 6939
15605 12654
553
29075
202032
3333
52888 1916
52720 6939
20612
16347 57111
2857 12779
8426 6939
3491 6939
22652 6939
34019
20764 57111
3356 6453 3549 1280
29608 57111
680 12779
20080 6939
3549 263702
9002 12637
20495
15547 57111
2914 15562 12779 1273
50304 57381 57111
56730
6939 53067 263075 2497 28634 22548 53070 19151 264911 29504 262757 1251 6881 263152 23106 31122 38001 37239 16735 29680 57821 513 1916 8607 14061 4844 263508 52320 35369 25160 50620 37640
20932
202194
37468
8455 12779
53067
47692
25220 12779
50877 57111
25152 3257
59891
49463 57111
15435
51405 57111
29504
7018 1299
15562
1103 57111
12654 12779 12637 21320 57111
43100 57111
6881
198249
1273
31122
38001
39351 57111
29680
513
21320 1853
19151
8607
47147 12779
37640
5396
48526
50300 57111
4777 2497
28917
263702
196621 8758
9304 12779
12637 174
1916
37271 12779
263075
31424
264911
59414
6667 12779
263152
23106
37239
24482 57111
25091
8283
50620
8218 57111
12307
3257 12779 6762
262757
4844 37989
2613 57111
198290 57111
6453
1299
64463
6762
198385 57111
8896
41497 57111
13030
1853
29686 12779
28571 1251
50763 57111
12859
22548
53070
21232
57381
28634
1836
34288
30844 12779
1251
174 31742
286 12779
39122 57111
52863 52320
2497
16735
37989
41722
57821
31742
1280
29140 29140
57111
14061
8758
263508
52320
12779
35369
58299
25160
