#src/zombie.py
# GMT Mon Oct  1 05:35:45 2018
# 
29691 47692
49605 9002
59689 57111
6720 47692
12637 57111
262317 6939
266534 6939
29636 13030
15605 47147
2857 286
14907 2914
29075 9002
202032 47692
3333 25220
52888 1916
52720 6939
25220 15435 12654 57821 34549 8283 16347 6939
16347
45896 9002
6894 13030
8426 13030
20612 47692
3491 13030
22652 13030
34019 13030
20764 57111
3356 3549 9002
29608 57111
680 12654 20965
20080 6939
3549 263702
9002 12654 31424 41497 8455 37271 19151 1836 24482 6667 25160 31122 2497 16735 29680 41722 25091 59414 3257 8607 48526 6453 28917 50300
20495 13030
15547 13030
2914 2497 4844 6762 14061 15562 12654
50304 57111
56730 57111
6939 263075 53067 47692 8896 28634 22548 53070 21232 264911 7575 1251 263152 23106 38001 37239 1916 52873 262757 37640 5396 6881 263508
20932 286
202194 47692
34288 47692
8455
53067
47692 59891 12654 29504 205206 12307 64463 58299 6453 198249
205206
8896
25152 3257
59891
49463 57111
34549
15435
51405 57111
29504
7018 286
15562
1103 20965
12654 6762 13030 12779 286 47147 57111
43100 57111
6881
198249
1273 286
31122
38001
31424
39351 57111
29680
513 13030
19151
52873
8607
47147 30844
37640
5396
48526
50300
4777 2497
28917
263702
12779
196621 8758
9304 13030
1916
37271
263075
37468 286
264911
59414
6667
263152
23106
50877 57111
37239
24482
25091
8283
50620 13030
8218 286
12307
3257
262757
4844 37989
198290 57111
6453 6762
8758 13030
64463
6762 1280 52863
198385 57111
41497
13030 12859 31742 35369
20965
28571 1251
50763 57111
12859
22548
53070
21232
28634
7575
30844
1251
286
39122 57111
52863
2497
16735
37989
41722
57821
31742
1280
57111 2613
14061
2613
263508
1836
35369
58299
25160
