#src/zombie.py
# GMT Mon Oct  1 05:05:38 2018
# 
29608 6939
50620 6939
2857 13030
12989 16735 53070
37640 6939
264911 6939
57821 6939
62567 6939
286 6939
198249 6939
28917 6939
22652 6939
198290 2914
56730 6939
2914 13030
15435 13030
8455 6939
12859 6939
1280 6939
513 13030
37497 6939
20080 6939
41497 6939
50300 13030
8218 6939
16735 22548 262757 6939
12779 6939
8607 13030
262757
3356 3549 6939
37271 6939
4844 37989 6939
8763 13030
49463 6939
29140 13030
3257 1299
47872 6939
202032 6939
6881 6939
8596 6939
48526 13030
12637 6939
2497 6939
34019 6939
34288 6939
15605 6939
37989
50304 6939
58299 6939
29680 6939
1103 13030
50763 13030
23106 13030
34781 6939
28329 3549
20612 6939
28571 1916
9002 6939 13030 41617
7575 6939
64396 6939
1836 6939
49605 6939
13030 25091 16347 8283 12654 4589 9189 20932 1299 24482 8758 9304 29636 29075 15547 25220 31122
8758
16347
8283
14061 6939
3333 6939
8928 6939
3549 52720
263075 6939
20932
41617
9189
52720
59689 6939
25160 6939
4589
29686 6939
9304
51405 6939
29636
29075
1916 6939
6939 680 30844 59891 202194 198385 5396 6762 31424 2613 6667 553 25152 53067 196621 7018 12654 8426 6453 1273 57381 20764 19151 37239
25220
52863 6762
5396
6762
31424
25091
59891
2613
198385
553
25152
19151
22548
1299
196621
53067
30844
202194
7018
6667
24482
8426
680
6453
31122
1273
53070
57381
20764
12654
37239
15547
