#src/zombie.py
# GMT Mon Oct  1 06:35:01 2018
# 
37468 37271
50620 6939
2857 6939
37640 6939
264911 6939
57821 6939
62567 6939
43100 9002
286 7018 8218 12654 6939
198249 6939
28917 9002
22652 6939
198290 9002
56730 6939
49605 9002
2914 12654
15435 6939
8455 6939
12859 9002
1280 6939
513 13030
29608 6939
20080 6939
41722 9002
41497 6939
50300 13030
8218
16735 6939
12779 12654
8607 9002
262757 6939
3356 3549 9002
37271 6939
4844 37989 6939
8763 6939
34288 6939
49463 9002
3333 25220
3257 9002 25152
47872 6939
6881 6939
202032 6939
262317 6939
8596 6939
48526 9002
12637 6939
2497 6939
22388 11537 7575
37989
50304 6939
58299 6939
23106 6939
1103 20965
50763 13030
34781 6939
28329 3549
20612 6939
22548 6939
28571 1916
9002 35369 25091 12654 6453 29075 51405 6939 198385 6720 41617
7575
64396 6939
1836 6939
20965 11537 680
13030 29636 24482 8758 20932 12654 31122 15547
8758
16347 25220
8283 25220
14061 6939
25091
8928 6939
3549
263075 6939
11537
20932
41617
263651 6939
59689 6939
25160 6939
4589 6939
29686 6939
9304 6939
51405
29636
29075
1916 6939
6939 2613 59891 37497 202194 20764 25220 52863 5396 6762 31424 29680 263152 15605 19151 53067 196621 29140 30844 34019 6667 8426 52720 1273 53070 57381 12654 37239
25220 12654
52863
31122
5396
6762
31424
29680
59891
2613
263152
198385
25152
15605
53067
34019
196621
29140
6720
30844
202194
7018
6667
24482
8426
680 12654
6453
52720
35369
37497
1273
53070
57381
20764
19151
12654
37239
15547
