#src/zombie.py
# GMT Mon Oct  1 04:45:13 2018
# 
37468 13237 37239
29691 1764
25933 3549
35054 1764
3252 13237
52720 52873
57821 12586
62567 2914
174 9304 1764
58299 1764
198249 13030
28917 13237
22652 3257
25091 13237
10429 53070 12956
56730 13237
49605 13237
34177 13237
2914 6762 3491 1916 14061 13237 20080 6453 8607 7575
15435 13237
8455 1764
12859 13237
1280 1299
513 6730
37497 13237
202194 1764
20080 1251
16347 13237
3267 13237 2895
8387 13030 12654 1764
15547 13237
263321 263584 7738
41497 3257
50300 13237
25227 13237
8218 35699 6461 8426 25160 31122 1764 29222
16735 22548 262757 52320
12779 13237
12586 31025
8607
262757
3356 20764 29608 3549 1764 45896
37271 327995 6461
12350 1764
7738 3320
49463 13237
29140 13237
9044 13237 20612
3257 6762 4637 13237 6453 25152 5396 2497
327995
47872 1299
14361 6461
202032 1764
263584
13237 20562 680 3333 286 198290 20932 41095 37100 1299 30132 51405 57866 29075 30844 25220 3320 8928 6667 52320 15605 34019 31025 24482 48526 12637 1836 34288 50304 51185 8468 23106 9002 1103 50763 6695 553 4589 31424 12654 29686
8596 1764
48526
12637
2497 4777
34019
34288
1916
50304 57381
51185
3491
23106
1221 4637 4608
1103
50763
28220 12956
34781 1764
28329 6762
20612
1251 52888
52320
22548
19151 6461
31424
9002 41617 39821
2895
7575
64396 1764
1836
680
13030
8758 1764
12956 52873 1299
8283 57866
14061
3333
286
3549
198290
4637
45896
8426
20932
57866
29222
9189 6695
37100 327782
59689 3320
25160
327960 327782
4589
29686
9304
51405
41095
24482
29075 58308
3320
198385 1764
25220
29608
41617
52888
5396
8222 1764
6762 52863
8928 29680
35699
59891 1764
2613 6893
20562
553
25152
29680
15605
39821
1299 7018
58308
196621 1764
31025
52873
30844
25435 1764
7018
6667
327782
30132
8468
6730 6730 6893 12654
52863
5392 6453
6453
4608
31122
6695
6461
53070
57381
20764
6893
4777
12654
37239
1764
