#src/zombie.py
# GMT Mon Oct  1 06:06:12 2018
# 
1916 2914
22548 3549
14061 2914
7018 2914
34781 8468
59891 51395
2914 7575 2497 3320 16735 8283 6762 174 12654 198290 1280 12956 62567
25160 9002
37239 36937
24611 51405 6661
29075 58308 9002
5396 9002
49605 8607
34288 8468
8468 12637 198385 20932 3549 51185 8426 50763 49463 9189 4589 34019 30132 12654 13237 6453 25220 28917 15547 6661 3252 13030 2613 29140 20080 34177 25091 3267 56730 29686 16347 1103 15435 20562 15605
56730
20932
3252
57381 42708
7738 6453 263321
3320 8222
16735 28138 262757
8455 9002
174 50620 64396
57821 12586
34177
1836 9002
35054 3356
680 553 9002
9044 20612 9002
16347
8758 9002
2895 3267
29691 57118 6730
3356 20764 29608 9002 22652 8607
51405
1853 9002
263321 263584
4777 2497
1221 4637 4608
29608
49463
39821 9002
53070 10429
286 9002
30132
19151 9002
6453 36937 9002
25220
28220 6762
9189
12956 10429
52720 3549
12637
13030 198249 58299
41497 9002
25152 6939
12859 9002
35699 9002
8222
64396
9304 9002
36937
6939 47872 202194 12654
202194
48526 9002
41095 8607
50300 9002
15435
37271 327995 9002
24482 9002
4608
50304 42708
47872
262757
52863 6762
50763
3549 25933 16397
51185
8426
16397 263075
3491 9002
13237
34019
31424 9002
29140
59689 8218
12350 9002
51395 9002
8596 9002
15547
2497
53067 10429
28329 6762
29680 9002
9002 42708 6720 4637 3257 1136 6667 196621 12654 12779 8607 14361 5392 12586 8218
6720
12586
20080
22652
5392
25933
263075
6730 513 6730 12654
29686
58299
1103
198290
28138
20562
15605
20764
8218
7575
327995
42708
513
57118
4637
4589
3257
12779
1136 3333
6667
29222 3303
10429
196621
12654 12654 3303 8607
553
20612
8607 31122
198249
58308
263584
2613
31122
50620
198385
3333
8283
25091
3267
6762
6661
3303
1280
14361
28917
62567
