#src/zombie.py
# GMT Mon Oct  1 05:42:37 2018
# 
262375 14840 3549
29691 6939
49605 6939
6894 174
6762 52863 41497 3356 57111 8365 14907 3320 50877 2914 12654 6453 1299 6939
6720 1853
34288 1299
262317 6939
266534 16735
29636 174
15605 3356
14907
29075 1299
12307 6939
3333 2914
52888 1916
52720 37468
12956 10429 2914
20612 6939
16347 2914
45896 19151
2857 8365
8426 3356
3491 2914
202194 6939
34019 3303
20764 174
3356 15576 3549 39122 48526 2914 56730
29608 6453
680 1299
8365
20080 19151
3549 52873 263702
9002 19151 41722
20495 8455
15547 6939
2914 1764 13030 8943 37271 12637 12859 22548 29140 7018 12779 15562 1103 12654 3303 6939 50300 1273 6461 8455 25091 8283 1280 3257 4844 198290 29686 47147 286 6453 1299
50304 1299
56730
6939 42525 198385 59689 39351 9304 50620 47692 25220 8896 59891 49463 15435 51405 264911 263075 30844 6881 263152 6939 38001 37239 19151 29504 57821 53067 202032 8607 2613 198249 58299 28917 64463 37640
20932 1299
12637
205206 42525
8455
53067
47692
25220
50877
25152 19151
59891
49463
34549 3320
15435
51405
29504
7018
15562
1103
12654 19151 2497
6881
198249
1273
31122 3257
38001
39351
29680 3257
14840
513 174
59689
52873
8607
47147
37640
28571 1916
22356 19151 28634
48526
4777 2497
28917
57821
263702
42525
12779
196621 15576
9304
1280
37271
263075
15576
37468 19151
264911
6461 8218
3303
6667 19151
263152
23106 52320
37239
19151 13030 14061 22652 1916 16735 7575 52320 174 43531
25091
8283
1853 1764
8218
202032
3257 31742
262757 16735
4844 37989
553 1299
3320
198290
6453 6453
1299
64463
50300
1764
198385
8896
41497
13030 21232 35369 59414
50620
8943 50763
29686
24482 43531
12859
22548
53070 10429
21232
28634
7575
30844
174 1836 174 25160
35369
43531
286
39122
52863
2497
16735 263508
37989
41722
57111
31742
1916
29140
59414
22652
14061
2613
263508
50763
52320
1836
10429
58299
25160
