#src/zombie.py
# GMT Fri Sep 28 16:23:47 2018
# 
59891 51395
28138 16735
16735 41095 262757 22548
3549 3356 6762 25933
6453 3356 36937 24482 9002
513 21320
50300 20764
56730 20764
1280 3356
8607 9002
14061 3356
6661 20764 24611
15435 9002
31122 9002
30844 20764
58299 13030
6730 29691 9002
34288 20764
12859 41095
31424 9002
21320 9002
29222 3303
1221 4608 4637
8455 9002
15605 20764
52873 52720 12956
7575 6762
12956 28220 10429 9002
9304 9002
9002 680 12654 3356 6720 3491 12350 196621 1853 12586 3257 20080 48526 51185 1836 2497 62567 29686 51395 8218 5396 57866 37271 5392 13237 8758 29680 2914 41497 39821 25160 8596 286 4589 6667 30132 29075
51185
14361 41095
19151 41095
3303 41095
62567
28329 6762
12654 20764 3252 25091 12654 41095
58308 29075
50620 174
327995 37271
12637 20764
57118 29691
12779 41095
20932 20764
2613 6893
10429 53070
5396
4608
50763 20764
20764 34781 28917 34019 16347 2895 42708 47872 1103 6695 25220 8468 3216 29140 50304 37497 34177 15547 49605 49463 198385
8283 57866
13030 41095 202194 198249
13237
8758
2497 41095 4777
51395
4777
6762 52863 3216
35699 41095
25091 6893
8426 41095
50304
7018 3356
37497
34177
174 1916 198290 3252 64396
9189 6695
59689 8218
49605
20612 1836
30132
6893
28220
29140
28917
4637 41095
702 3252 701
41095 7738 3356 45896 3333 20562 22652 29075
3356 2914 29608 701 35054 8222
6720
29691
263584 263321
8222
15547
3491
198290
1103
20562
12350
196621
1853
64396
37239 36937
3257 25152
29075
20080
701
48526
12586 57821
680 553
47872
57821
22548
57381 42708
1836
22652
202194
8596
49463
198385
29686
29608
34781
3252
45896
34019
16347
3333
2895
24611 51405
42708
8218
57866
53070
6695
37271
198249
1916
5392
29680
24482
8468
2914
41497
25220
36937
263321 7738
39821
3216 3216
52720
25152
7738
51405
25160
35054
553
286
4589
25933
6667
262757
52863
