#src/zombie.py
# GMT Mon Oct  1 05:58:03 2018
# 
1916 52888 19151
22548 16735
14061 19151
7018 3356
34781 13030
59891 51395
12654 12654 6939 15547 19151 9002
25160 9002
37239 36937
24611 51405 3549
29075 9002
30844 9002
5396 9002
8426 9002
34288 6939
8468 9002
56730 51945
20932 9002
2613 6893
25933 3549
7738 19151 263321
16735 28138 19151
8455 9002
3549 3356 52720
57821 12586
34177 3356
1836 20612 9002
6893 174
35054 3356
680 553 9002
3252 9002
174 198385 6762 19151 198290 64396 50620 49463 3491 16347
8607 9002
8758 196621 9002
2895 29076
8359 29076 19151
8422 9189 9002
202194 6939
3356 20764 58308 8222 8283 22652 29222 19151 29608 25220 12956 6762
51405
52888
1853 9002
263321 263584
327984 37179
1221 4637 4608
48526 9002
29608
49463
39821 9002
53070 10429
286 19151
30132 9002
19151 7575 2497 4637 20080 13030 4589 9304 6667 41095 6730 62567 1280
8943 2914 50763
6453 36937 9002
25220
28220 6762
9189
12956 10429
52720
12637 9002
13030 198249 58299
41497 9002
25152 3257
12859 9002
35699 9002
8222
6720 9002
9304
36937
6939 47872
29076
29691 57118 6730
41095 37179
50300 9002
15435 9002
37271 327995 9002
24482 9002
4608
50304 42708
47872
52863 6762
50763
20764
51185 9002
64396
3491
13237 9002
34019 30781
49605 9002
29140 9002
59689 8218
12350 9002
51395 9002
8596 9002
15547
28329 6762
29680 9002
9002 9002 15605 5392 51945 1103 20562 8218 31424 42708 3257 12779 29686 30781 2914 31122 25091 12586
12586
4777 2497
20080
22652
5392
57381 42708
58308
51945
6730 513 6730
29686
58299
1103 3333
198290
28138
20562
15605
8218
7575
262317 10429
31424
42708
513
57118
4637
4589
3257 28917
12779
6667
29222
10429
196621
2914
553
20612
37179
16347
198249
2497
263584
31122
50620
30781
198385
3333
8283
25091
6762
327995
1280
28917
62567
