#src/zombie.py
# GMT Mon Oct  1 06:48:06 2018
# 
37468 37239 9002
198385 174
29691 6730
25933 3549
35054 3356
3252 9002
57821 12586
62567 9002
24611 6661 51405
174 6762 64396 198290 3267 19151
3491 9002
28917 3257
22652 3356
25091 6893 9002
45896 3356
56730 51945
41722 9002
34177 3356
2914 7018 6762 8943 20080 8283 9002 19151
15435 9002
8455 9002
12859 9002
1280 19151
513 21320
37497 20940
20080
16347 8218
3267 2895
15547 12654
1764 8596 9002
41497 9002
50300 9002
12586 9002
8218 49463 9002 59689
16735 22548 262757 19151
12779 9002
8607 9002
51395 59891 6939
262757
3356 29608 3549 25220 9002 8222
37271 327995 9002
12350 9002
7738 263321 19151
49463
29140 3257
42708 50304 9002 57381
3257 29686 9002 25152
327995
47872 9002
52863 6762
263584 263321
13237 9002
8596
48526 9002
12637 9002
2497 19151 4777
34288 6939
15605 9002
6661 9002
50304
51185 9002
286 9002
28220 12956
52888 1916
1221 4637 4608
1103 9002
50763 8943
23106 9002
28329 6762
20612 1836
22548
31424 9002
9002 20940 49605 8758 12956 3216 1836 3333 35699 8426 20932 41617 37100 25160 4589 25074 29075 21320 5396 25227 20562 6453 29680 39821 51945 196621 6720 30844 6667 24482 30132 8468 680 5392 6730 553 3303 12654
2895
4777
64396
1836
49605
8758
12956 52873 10429
3216 20764
8283
14061 19151
3333
3549
198290
4637 19151
8426
20932
41095 19151
29222 3303
9189 25074
37100 327782
59689
25160
263321
327960 327782
4589
29686
9304 19151
51405
24482
25074
29075 58308
1916 19151
6939 12654 202194
25220
29608
21320
41617
5396
8222
6762
6893 2613
35699
59891
25227
20562
553
19151 12654 7575
29680
25152
39821
51945
58308
196621
6720
30844
202194
7018
6667
20940
327782
30132
8468
6730
680
5392
6453
4608
52720 52873
8943
53070 10429
57381
20764
3303
52873
7575
12654
37239
10429
2613
