#src/zombie.py
# GMT Mon Oct  1 03:57:10 2018
# 
1916 11537
22548 3549
14061 2914
8447 6720 12654
12654 6939 2914 680 25220 5413 6762 12779
53070 10429
37239 36937
24611 51405 6661
29075 58308 5413
25091 25220
24490 7575 20965
7575
16735 28138 6762 262757
8455 20562
34177 25220
30844 5413
680 20965 680 174 9002 8426 8596 48526 8218
35699 2914
2895 3267
48526
20965 11537 1853 1103
3356 20764 25220 6762 19151
51405
1853
28917 5413
5413 12859 20080 24482 50763 49463 9304 6667 3267 41095 30132 13237 6661 15547 16347
49463
39821 9002
30132
19151
6453 36937 6762 2914
25220 3252 20562 31122 3257 15435 34019 1299 2613
28220 6762
12956 6762 10429
34019
13030 2914
52720 3549
25152 3257
12859
24482
6720
9304
36937
6939 47872 202194
202194
50763
15435
37271 327995 2914
47872
262757
52863 4809
3549 25933 6762
8426
16397 263075 26615
3491 2914
11537
59689 8218
13237
8596
15547
6661
28329 6762
29680 3257
9002
20080
25933
58308
174 50620
263321 263584 7738
1103
198290 2914
28138
20562
20764
8218
3252
262317 10429
327995
263075
3257 14361
12779
6667
4809 1299
6762 1280 7738 26615
10429
2914 2497 8283 62567
7738
1299
16347
2497
263584
2613
31122
50620
8283
26615
3267
41095
1280
14361
62567
