#src/zombie.py
# GMT Mon Oct  1 05:24:14 2018
# 
29691 6939
328206 6939
49605 20764
59689 20764
6720 9002
34288 20764
262317 6939
29636 6939
15605 9002
553 9002
29075 20764
12307 6939
3333 20764
1103 20764
52720 6939
20612 6939
16347 20764
45896 9002
2857 6939
8426 6939
31025 12586 20764
3491 6939
22652 9002
34019 20764
20764 22356 15576 50763 25220 24482 48526 8455 12637 8283 8218 3356 29608 15547 20495 47147 39351 50300 198385 37468 13030 29686 12859 49463 51405 1836 30844 12654 174 6939 198290 29140 57111 2613 12779 28917
3356 3549 1280 7018
29608
680 9002
20080 6939
3549 263702
9002 6667 39122 31424 41497 47692 8758 286 31122 2497 16735 41722 59414 8607 2914 50304 6453 56730 20932
20495
15547
2914 15562
50304
56730
6939 9304 37271 264911 263075 263152 23106 37239 19151 202194 50620 202032 4844 50877 6881 1273 64463 37640 58299 53067 8896 25152 59891 15435 53070 21232 57381 29504 6762 7575 1251 198249 25160 38001 2497 16735 29680 22548 31742 513 1916 14061 263508 5396 52320
20932
202194
12637
8455
53067
47692
8758
8896
25152
59891
49463
15435
51405
29504
7018
15562
52888 1916
12654 41722 25091
6881
198249
1273
31122
38001
31424
39351
29680
513
19151
8607
47147
37640
5396
22356 28634
48526
4777 2497
28917
263702
12779
196621 15576
9304
1280
37271
263075
15576
37468
264911
59414
25220
263152
23106
50877
37239
24482
25091
6762
8283
8218
202032
6667
3257 174
262757 16735
4844 37989
198290
6453
64463
50300
198385
41497
13030 35369
50620
12586 57821 12586
29686
28571 1251
50763
12859
22548
53070
21232
57381
28634
7575
30844
1251
174
286
39122
52863 52320
2497
16735
37989
41722
57821
31742
1916
29140
57111
14061
2613
263508
52320
1836
35369
58299
25160
