#src/zombie.py
# GMT Mon Oct  1 08:27:42 2018
# 
4844 6939 37989
680 6939
286 6939
262757 6939
1103 2914
29686 6939
12859 6939
49463 6939
28329 3549
1280 2914
20932 6939
34019 6939
37271 37468 6939
16347 6939
20080 6939
198290 2914
50763 6939
56730 6939
37239 6939
9002 6939 41617
15605 6939
37640 6939
20612 6939
16735 6939
24482 6939
8607 6939
53067 6939
202032 6939
12654 2914 6762 2497 6939 19151
31122 6939
2914 35369 3257 8763 29140 3333 7018
22652 6939
49605 6939
20764 6939
50304 6939
6720 1853
29075 6939
29608 6939
58299 6939
1273 6939
198385 6939
51405 6939
1916 28571 6939
41617
62567 6939
37989
25160 6939
37497 6939
34288 6939
6881 6939
8426 6939
1836 6939
29140
513 21320
1853 6939
12637 6939
15547 6939
2613 6939
28571
6453 6762
59891 6939
25152 6939
6667 6939
34781 6939
8758 6939
28917 6939
4589 6939
37468
196621 6939
3257
8596 6939
25091 6939
35369
9304 6939
198249 6939
50620 6939
6762 6939
263152 6939
15435 6939
47872 6939
57381 6939
25220 6939
23106 6939
21320 6939
31424 6939
263075 6939
3333
19151
22548 6939
553 6939
64396 6939
8218 6939
2497
29636 6939
8763
57821 6939
48526 6939
52863 6939
202194 6939
29680 6939
3356 3549 6939
30844 6939
12779 6939
6939 53070 8455 8283 8928 262317 263651 7575 264911 6695 14061 59689 41497 50300 5396 41722 2857 52720 13030
8455
9189 6695
3549
8283
8928
7018
262317
263651
7575
264911
53070
6695
14061
59689
41497
50300
5396
41722
2857
52720
13030
