#src/zombie.py
# GMT Mon Oct  1 04:05:14 2018
# 
29691 6730 198249
49605 57111
4608 1221
59689 57111
6720 47692
37497 57111
41095 3333
12637 57111
266534 16735
13760 6939
15605 47692
14907 3333
29075 47692
202032 47692
3333 31424 9002 12859 8426 15435 37468 20562 6762 16347 1103 12654 6667
52888 1251
52720 52873
12956 28220 7738 10429 12654
20612 1836
16347
25227 9002
29226 47692 2895
6894 12859
8426
8167 7738 25933
31025 12586 47692
3491 6453
22652 3356
20764 3356
3356 3549 8455 14061 1280 51185
29608 57111
680 20965
20080 2603 1916
3549
9002 5413 41722 39821 47692
50877 57111
2914 64050 15562 12859 35699
286 1103 7018 29222
14061
37271 1103
6939 12654 63297 202194
20932 47692
28634 10429
202194
31424
63297 395152
8455 52320 13030 12654 1299
47692 13101 8758 34288 29140 29504 35369 25220 12654 30844 59891 25091 13237 8222 59414 3252 47147 29686 1836 35054 58299 6453 52873
8758 196621
8896 1103
25152 3257
25933
37100 1103 327782
29222
34549 13101
7738
51405 57111
29504
6762 5396
35699
15562
1103 513 20965 2603 11537 8218 3257 12654
12654 6830 12859 57111 5413 6730 12779
6881 3257
198249
38001 57111
50304 57111
29680 8220
8220 57111
2603 553 16735 25160
59891
5392 57111
19151 5413
52873
8607 5413
327782 327960
395152
47147
39351 57111
5396
39821
48526 12859
34177 57111
13237
28917 12859
57821 12586
12779
513
196621
9304 57111
12350 12859
8222
4637 1221 5413
6830 21232 59414
51185
1221
37468
20562
43578 1299
59414 12307
6667
23106 10429
28220 28220
24482 57111
25220
22388 11537 7575
327960
25091
8218
12307
49375 5413
3257 41497 31742
262757 16735
15547 57111
395766 40191
553
2613 57111
35054
198290 57111
6453 2497 174
1299 40191
64463 174
50300 5413
198385 57111
40191
41497
1916
13030
20965
64050
12586
29686
12859
11537 1251
2497 4777
53070 10429
21232
49463 57111
7575
34288
30844
1251
174
35369
25160
39122 57111
52863 52320
2895
16735
41722
15435
31742
4777
13101
1280
29140
57111 56730
5413
7018
56730
52320
1836
10429
58299
3252
6730
