#src/zombie.py
# GMT Fri Sep 28 17:31:12 2018
# 
59891 51395
50300 50304
28138 16735
16735 22548 52320
8220 8758 50304
6453 174 36937
513 21320
327984 37179
56730 42708
1280 1299
8607 2914
14061 1299
15435 50304
31122 29608
30844 50304
58299 13030
1103 50304
34288 29608
12859 50304
6461 7575 1299
31424 50304
21320 2603
29222 174
1221 4608 4637
8455 50304
3549 3356 25933
15605 174
52873 52720 12956
7575
12956 174 10429
9304 29608
9002 39821 42708
51185 50304
14361 3356
19151 174
1764 1853 50304
4777 2497
20612 1836
41095 42708
58308 29608
50620 29608
2914 1299 2497 174 4589
12637 50304
57118 29691
12779 50304
20932 50304
2613 29608
10429 262317 53070
5396 6762
4608
50763 50304
20764 174
8283 50304
2603 50304
13030 51395 29608 198249
13237 50304
8758 196621
22652 174
8447 6720 50304
51395
62567 50304
6762 28220 174 5511
35699 50304
25091 42708
8426 29608
50304 3267 12654 42708 8218 20562 25220 37179 20080 8468 16347 48526 29140 6939 47872 6667 174 57381 1836 52320 3333 1299 30132
7018 1299
34177 29608
174 4637 680 3356 29691 5392 41497 3257 3491 1916 29680 262589 174 64396
28329 262589
52320
49605 29608
25152 6939
30132
29075 29608
28220
3267 2895
680 553
28917 42708
4637
12654 29608
3356 35054 1299
6720
29691
263584 263321
1251 52888 20080
8222 1299
15547 42708
3491
198290 29608
20562
12350 29608
196621
1853
52720
64396
37239 36937
9189 42708
3257
20080
7738 1299 263321
48526
6939 202194
47872
57821 12586
1299 286 37271
22548
57381
1836
37179
202194
8596 42708
49463 29608
198385 42708
29686 42708
29608 51405 24482 5511 59689 43100 34019
59689
3252 42708
2497
34019
16347
3333
2895
12586 31025
42708 31025 34781 42708 25160
8218
52888
53070
37271 327995
198249
1916
5392
29680
24482
8468
327995
41497
25220
36937
263321
39821
262589
262317
5511
34781
51405
25160
35054
553
29140
286
4589
25933
43100
6667
31025
