#src/zombie.py
# GMT Mon Oct  1 08:13:08 2018
# 
3257 8455 1103 25152
198249 13030
57118 6939
6881 6939
25091 2603
9002 6939
20965 24490 1103 680
12654 8455 6939 1103 3333 12859 12779 13030
6762 6939
513 13030
50300 13030
14061 6939
15605 6939
1103 3333 56730 286 2603 15435
8426 6939
47872 6939
52863 6939
8758 13030
57821 6939
8763 13030
48166 8455
9304 13030
57381 42708
50304 2603
59891 6939
2914 12859 198290
202194 6939
286
52720 6939
24490 7575
37271 6939
8455 8928 48526
6939 64396 29686 263152 16735 1916 34288 1280 31424 28571 29680 49605 1836 51405 6667 24482 37239 25160 262757 4844 7018 49463 53070 1273 196621 41497 62567 20612 12859 29075 29608 2613 264911 263075 5396 20080 202032 198385 34019 28329 22652 59689 6453 58299 37640 553 263674 42708 20764 8218 262317 29691 34781
29608
13030 30844 8607 2497 8596 19151 9189 31122 15547 42708 1853 4589 25220 35369 20932 29140 2857 50620 29636
263075
5396
20080
202032
34019
28329
22652
1280
7018
553
263674
19151
35369
29140
49463
29686
263152
16735
1916
37989 4844
34288
6453
28571
28917 12859
8928
1273
49605
29680
1836
8283 12859
16347 12859
6667
31122
37239
15547
7575
1853 6720
4589
25220
198290
29636
20932
262757
8607
4844
2857
58299
64396
51405
53070
30844
196621
3333 12859
41497
62567
20612
31424
12779
680
29075
56730
2497
24482
2613
264911
12859
198385
25152
8596
2603
262317
42708
59689
15435
9189
37640
25160
50620
20764
8218
6720
29691
48526
34781
