#src/zombie.py
# GMT Mon Oct  1 05:52:45 2018
# 
14061 1299
7018 1299
34781 42708
8447 50304 6720
12654 50304 29608
25160 42708
5396 6762
8220 50304 8758
8468 50304
56730 42708
7575 6461
8455 50304
57821 12586
1836 50304 20612
51185 50304
8758 196621
29691 57118 174
3356 14361 174 1299 3549
1853 1764
4777 2497
1221 4637 4608
1103 50304
286 1299
30132 50304
19151 174
6453 174
6461 1299
12637 50304
13030 198249 51395 29608
41497 174
25152 6939
12859 50304
35699 50304
24482 29608
64396 174
9304 29608
5511 29608
6939 50304 202194
202194
50300 50304
15435 50304
4608
50304 47872 42708 43531 12779 6667 31424 1764 13237 1299 3333 8283 57381 174 50763 20562 62567 8218
47872
50763
3549
43531 8596
6720
49605 29608
13237
42708 15547 198385 42708 9002 31025 25091
8596
15547
29680 174
9002
12586 31025
59891 51395
22652 174
5392 174
57381
174 20764 4637 6762 2914 15605 58299
58299
29608
20562
15605
20764
8218
198385
31424
51395
57118
4637
3257 1299
12779
6667
6762
196621
2914 2497 1299 8607
20612
1299 1280
8607
198249
2497
31025
3333
8283
25091
1764
1280
14361
62567
