#src/zombie.py
# GMT Mon Oct  1 05:46:37 2018
# 
37468 37271
50620 6939
29691 6939
2857 6939
264911 6939
57821 6939
62567 9002
174 20764 3257
58299 6939
198249 6939
28917 20764
22652 6939
198290 20764
56730 9002
2914 9002
15435 6939
8455 20764
12859 20764
1280 3356
513 21320
37497 6939
20080 6939
16347 20764
41497 9002
50300 20764
8218 20764
16735 6939
12779 20764
8607 9002
262757 6939
3356 20764
37271 6939
4844 37989 6939
8763 6939
49463 20764
29140 20764
3257
47872 20764
6881 6939
202032 6939
12307 6939
8596 9002
48526 20764
12637 20764
2497 9002
34019 20764
34288 20764
15605 9002
37989
50304 6939
286 9002
29680 6939
1103 20764
50763 20764
23106 6939
20612 6939
22548 6939
9002 31424 8758 41722 6695 680 6453 19151 6720 35369 8928 31122
7575 6939
64396 6939
1836 20764
49605 20764
13030 20764
8758
41722 12654 48166
8283 20764
14061 6939
3333 20764
8928
263075 6939
20932 20764
37640 6939
263651 6939
52720 6939
59689 20764
25160 6939
48166
262317 6939
51405 20764
29608 20764
29686 20764
9304 6939
20764 2613 25220 198385 6667 24482 29075 30844 6939 4589 12654
29636 6939
29075
1916 28571 6939
6939 52863 202194 21320 53067 5396 6762 263152 553 25152 196621 7018 8426 59891 53070 57381 1273 37239 15547
25220
52863
21320
5396
6762
31424
25091 12654
59891
2613
263152
198385
553
25152
19151
28571
9189 6695
196621
53067
6720
30844
202194
7018
6667
24482
8426
680
6453
31122
35369
6695
1273
53070
57381
4589
12654
37239
15547
