#src/zombie.py
# GMT Mon Oct  1 03:57:10 2018
# 
1916 6939
47872 6939
262757 6939
52863 6939
8283 13030
2914 9002
51405 6939
37239 6939
198290 9002
14061 6939
29075 9002
30844 13030
59689 9002
8426 6939
8596 9002
15547 12654
263674 6939
2613 9002
7575 6939
264911 6939
28329 6939
29680 6939
16735 6939
9002 8928 1853 12654 49463 6667 6453 16347 2497 31122 8455 6720 8763 25091 43100 35369 62567 28917 50763 34019 24482 48526
8455
20080 6939
263152 6939
8763
174 19151 3257
28917
1103 13030
35369
34019
48526
28571 6939
20764 6939
262317 6939
1853
263075 6939
49463
13030 9304 2857 12654 15435 50620
3257
53070 6939
6667
37640 6939
19151 12654
12654 6939
6453
12779 6939
6762 6939
16347
2497
2857
52720 6939
31122
25152 6939
12859 6939
1273 6939
24482
50620
6720
8218 6939
25091
9304
43100
6939 202194 1280 37271
202194
50763
15435
1280
37271
8928
62567
