#src/zombie.py
# GMT Sat Sep 29 13:06:55 2018
# 
12637 6939
41497 6939
3257 9002 25152
34019 6939
41722 20764
29680 6939
20080 6939
16347 20764
8283 20764
1836 6939
262757 6939
30844 20764
198249 6939
29686 6939
49463 20764
20612 6939
20932 9002
38001 6939
6720 9002
59414 9002
15562 2914
7018 6939
202032 6939
9304 6939
19151 6939
60501 6939
29636 6939
29075 9002
52320 52863 6939
1273 6939
12859 6939
2613 20764
15605 6939
263075 6939
553 6939
12307 6939
14061 9002
264911 6939
52863
57821 6939
286 9002
37640 6939
680 9002
51405 20764
22548 6939
50300 9002
58299 6939
28917 20764
37989 4844
1916 28571 52888 6939
50763 6939
4844 6939
25152
513 6939
56730 9002
266534 6939
52873 6939
263152 6939
34288 6939
25160 6939
14840 262375
35369 6939
25091 20764
28634 6939
29608 20764
20764 14907 12654 198385 57111 9002 1103 3356 8455 59689 20495 47147 31133 198290 3333
25220 9002
202194 6939
37468 6939
14907
15547 9002
198385
57111
9002 8607 50304 2497 12654 48526 31424 29140 31122 39122 2914 31742 6667 3356 47692 8758 22652 24482 12779 6453
1103
3491 6939
5396 6939
57381 6939
6939 50620 52720 50877 328206 6881 262317 34549 1280 35266 205206 6894 6762 21232 29504 13030 64463 12654 8896 15435 39351 59891 49605 37271 29691 2497 23106 2857 16735 37239 263508 8218 8426 53070 53067 7575
8455
8218
328206
50620
6881
31122
39122
3549 263702 3356 262375
1280
35266
21232
205206
196621 8758
6667
47147
3356
8758
22652
24482
31133
198290
4777 2497
53070
34549
8607
29504
50304
262317
13030
52888
64463
12654
8426
8896
37271
15435
48526
31424
29140
39351
59891
263702
6762
50877
47692
29691
2497
23106
2857
28571
2914
16735
49605
59689
20495
52720
37239
6453
263508
31742
12779
262375
53067
6894
7575
3333
