#src/zombie.py
# GMT Mon Oct  1 03:47:37 2018
# 
52873 52720 12956
1916 174
22548 16735
14061 1299
34177 29608
34781 42708
8447 50304 6720
2914 2497 174 1299 4589 8607
53070 10429
37239 36937
29075 29608
1836 50304 20612
5396 6762
8220 50304 8758
8426 29608
34288 29608
8468 50304
6461 7575 1299
263075 16397
7018 1299
3252 42708
21320 513 2603
7738 1299 263321
16735 52320 262757 28138
59891 51395
8455 50304
57821 12586
2603 50304
30844 50304
35054 3356
680 553 174
16347 50304
56730 42708
20932 50304
49605 29608
8607
8758 196621
2895 3267
29691 57118 174
3356 1299 3549
1853 1764
263321 263584
4777 2497
1221 4637 4608
16397 26615
1103 50304
49463 29608
39821 9002
25160 42708
286 1299
1764 50304
45896 174
6453 36937 174
25220 50304
28220 6762
9189 42708
12956 174 10429
22652 174
34019 29608
12637 50304
13030 198249 51395 202194 58299 29608
20562 50304
41497 174
25152 6939
12859 50304
35699 174
24482 29608
12586 31025
6720
36937
6939 50304
202194
41095 42708
50300 50304
15435 50304
52720
37271 327995 1299
8222 1299
4608
50304 47872 42708 51185 12779 6667 20080 31424 12654 52320 1299 29140 3333 8283 57381 3267 174 50763 30132 13237 62567 8218
47872
262757
52863 6762
3549 25933
51185
64396 174
19151 174
3491 174
52320
327995
29140
59689 29608
12350 29608
51395
13237
8596 42708
15547 29608
5511 29608
28329 6762
29680 174
3333
31424
26615 6762
20080
43100 29608
5392 174
57381
58308 29608
174 20764 4637 3257 6762 174 29222
29686 42708
58299
29608 2613 31122 50620 12654
28138
25933
15605 42708
20764
8218
2613
4637
42708 198385 42708 9002 31025 25091 28917
513
57118
50763
4589
3257
12779
6667
6762
10429
196621
12654
553
20612
1299 1280
7575
198249
2497
263584
31122
50620
31025
198385
9002
8283
25091
3267
29222
30132
1280
28917
62567
