#src/zombie.py
# GMT Mon Oct  1 05:52:41 2018
# 
29691 6939
328206 6939
49605 6939
6762 6939
60501 6939
12637 6939
262317 6939
266534 6939
29636 13030
15605 6939
14907 6939
29075 6939
202032 6939
3333 6939
52888 1916
6894 13030
20612 6939
16347 13030
2857 13030
8426 6939
3491 6939
22652 13030
34019 6939
20764 6939
3356 47692 3549
29608 6939
680 47147
20080 6939
3549 263702
9002 6939
20495 13030
15547 13030
2914 15562 198290 47147
50304 6939
56730 6939
6939 553 263075 52720 59689 202194 6881 31424 8455 53067 50877 25152 59891 28634 34549 57821 51405 29504 7018 12654 1273 38001 29680 513 52873 37640 5396 264911 28917 1280 37271 37468 24482 35266 6667 263152 23106 37239 25091 8283 8218 12307 1836 262757 4844 39351 64463 198385 8896 41497 12859 22548 57381 49463 7575 34288 30844 25160 2497 16735 41722 1916 59414 2613 263508 52320 12779 58299
20932 13030
202194
37468
205206 47692
59689
8455
53067
47692 29140 21232 13030 12654 6453 29686
8758 196621 13030
50877
25152
59891
49463
34549
15435 13030
51405
29504
7018
15562
1103 13030
12654 35369 47147 13030
6881
198249 13030
1273
31122 13030
38001
31424
39351
29680
513
19151 13030
52873
8607 13030
47147 39122 57111 206356 1299 286
37640
5396
206356
48526 13030
4777 2497
28917
263702
12779
196621
9304 13030
1916 28571
37271
263075
52720
50763 13030
264911
59414
35266
6667
263152
23106
37239
24482
25220 13030
25091
8283
8218
12307
3257 6453
262757
4844 37989
553
198290
6453
1299 13030
64463
50300 13030
198385
8896
41497
13030 31742 50620 2497 14061
50620
29686
28571
12859
22548
21232
57381
28634
7575
34288
30844
286
39122
52863 52320
2497
16735
37989
41722
57821
31742
1280
29140
57111
14061
2613
263508
52320
1836
35369
58299
25160
