#src/zombie.py
# GMT Mon Oct  1 04:59:43 2018
# 
263584 263321
263321 28329
49605 9002
59689 20764
6720 6939
37497 6939
12637 9002
262317 6939
39351 20764
15605 9002
395152 63297
264911 6939
12307 6939
3333 20764
52888 1916
52720 6939
12956 28220 10429 9002
20612 9044
16347 20764
45896 41095
29691 6939
8426 41095
3491 9002
202194 6939
34019 6939
20764 37468 56730 34288 2613 51185 51405 50763 29075 25220 12654 30844 6939 39122 198290 4766 8283 8222 29140 29608 15547 29686 47147 34177 13760 28917 20932
3356 41095 35054 3549 1280 7018
29608
680 9002
20080 6939
3549
9002 31424 41497 8455 9044 8758 2497 15435 21232 12350 1103 35699 12654 6667 553 23106 196621 48526 30132 29680 47692 6453 12779 21320 8218 9304 59414 3257 8607 50300 5396 52320 1836 2914 286 13237 37271 20562
50877 6939
2914 28329 15562
6939 4608 202032 263075 43578 24482 263152 37239 327960 28929 50304 64463 263508 198385 63297 53067 8896 49463 29222 57821 57381 29504 6762 7575 198249 25160 38001 25933 31742 59891 5392 1916 57111 14061 37640 14840 35369 58299
56730
20932
28634 22356
37468
63297
30132
53067
47692
8758
8896
25152 3257
2895 41722
49463
29222
15435
51405
29504
7018
35699
15562
1103
12654 3252 41722 25091 41095
6881 3257
198249
38001
31424
50304
29680
14840
59891
5392
21320 513
8607
6762
37640
5396
22356 41095
48526
34177
13237
28917
12779
513
196621
8222
9304
1280
37271
263075
41095 16735 13030 22652 19151 12859
51185
4608
20562
43578
59414
6667
263152
23106
28220 28220
29075
37239
19151
4766 64050
8455
327960
25091
8283
8218
202032
3257
262757 16735
15547
3252
9044
553
47147
35054
198290
6453
64463
50300
28329
198385
41497
13030
64050
29686
24482
12859
28929
2497 4777
53070 10429
21232
57381
12350
7575
34288
30844
35369
286
39122
52863 52320
25933
16735
41722
57821
31742
4777
25220
1916
29140
57111
22652
14061
2613
263508
50763
52320
1836
10429
58299
13760
25160
