#src/zombie.py
# GMT Mon Oct  1 05:06:12 2018
# 
37468 13237
29691 1764
25933 8167
35054 1764
3252 13237
57821 12586
62567 2914
174 45896 9304 1764
58299 1764
198249 13030
28917 13237
22652 3257
25091 13237
45896
56730 13237
41722 9002
34177 13237
2914 6762 3491 1916 14061 13237 20080 2497 6453 8607 7575
15435 13237
8455 1764
12859 13237
1280 1299
513 6730
29608 3356
202194 1764
20080 1251
16347 13237
3267 13237 2895
8387 13030 12654 1764
15547 13237
8167 7738
41497 3257
50300 13237
12586 31025
8218 35699 6461 1764 8426 12637 29222
16735 22548 262757 52320
12779 13237
8607
262757
3356 20764 3549 1764
37271 327995 6461
12350 1764
7738 263321 3257
49463 13237
3333 13237
3257 5396 4637 13237 6453 25152 2497
327995
47872 13237
14361 6461
52863 6762
263584 263321
13237 1836 49605 680 553 286 198290 20932 37100 1299 30132 37497 37239 51405 41095 29075 3320 20562 25220 8928 25227 34288 15605 25160 34019 31025 24482 8596 29140 48526 30844 6667 50304 51185 8468 9002 1103 50763 6695 52320 4589 12654 29686
8596
48526
12637
2497 4777
34019
34288
1916
50304 57381
51185
3491
23106 52320
1221 4637 4608
1103
50763
28220 12956
34781 1764
28329 6762
20612 1836
15605
1251 52888
52320
22548
31424 1764
9002 41617 39821
2895
4777
25227
1836
49605
13030
8758 1764
12956 52873 1299 10429
8283 1299
14061
35699
286
3549
9189 6695
198290
4637
8426
20932
41095
29222
10429 53070
37100 327782
59689 3320
25160
263321
327960 327782
4589
29686
9304
51405
6695
24482
29075
3320
198385 1764
25220
202032 1764
41617
52888
5396
8222 1764
6762
8928 29680
29680
59891 1764
2613 6893
20562
553
25152
19151 6461
39821
1299
196621 1764
31025
64396 1764
29140
52873 52720
30844
25435 1764
6667
327782
30132
8468
6730 6730 6893 12654
680
5392 6453
6453
4608
52720
37497
6461
53070
57381
20764
6893
7575
12654
37239
1764
