#src/zombie.py
# GMT Mon Oct  1 04:05:56 2018
# 
29691 49605
553 49605
6762 2914
6720 1853
37497 57111
12637 12654 5392 174 5396
22356 174 28634
13030 49605
395152 63297
12307 49605
3333 49605
52888 1251
52720 52873
12956 28220 10429 174
25220 49605
25227 49605
15935 174 29504
31025 12586 49605
3491 174
22652 3356
49605 4637 34288 37468 20612 23106 25091 8283 3356 8218 202032 3252 15547 9002 202194 29686 35054 56730 64463 20932 198385 31424 30132 47692 8758 8896 12859 29222 15435 29140 21232 12350 12654 198249 1299 2895 41722 59891 8222 52873 59414 8607 47147 39821 1836 58299 13237 28917 20562
20764 3356
3356 3549 3356 51185
29608 57111
680 12779
20080 2914 1251
3549 25933
9002
56730
2914 15562 19151 14061 1916 35699 64050 12779 7575 1280
50304 57381 57111
4637 1221
286 1299
20932
28634
202194
31424
63297 6939
8455 12779
47692
8758 196621
8896
25152 3257
2895
37100 327782 57111
29222
57821 12586
29140
29504
7018 1299
35699
15562
1103 57111
12654 5392 8220 12779 21320 6939 57111
6881 3257
198249
38001 57111
29680 8220
8220
59891
5392 5392 24482
21320 513 1853
19151
52873
8607
327782 327960
4608 1221
47147
5396
39821
34177 57111
13237
28917
513
196621
8222
37271 12779
41095 12779
51185
1221
37468
20562
43578 1299
59414
20612
23106
28220 28220
37239 57111
24482
30132
327960
25091
8283
8218
202032
3257 2497 31742 12779 6453
3252
15547
35054
39351 57111
6453
1299 16735
64463
50300 57111
198385
41497 57111
1916
7575
1853
64050
12586
29686
50763 57111
12859
2497 4777
53070 10429
21232
57381
12350
1836
34288
30844 12779
1251
174 16735 174
262757 16735
6939 13760
39122 57111
25933
16735
41722
15435
31742
4777
1280
57111 25160
14061
12779
10429
58299
13760
25160
