#src/zombie.py
# GMT Mon Oct  1 04:14:09 2018
# 
1916 6939
14061 6939
198385 6939
34781 6939
8447 20764 6720
12654 20764 25091
25160 6939
37239 6939
29075 20764
8763 6939
5396 6939
34288 20764
56730 6939
263674 6939
20932 20764
7575 6939
21320 513 6939
16735 6939
59891 6939
8455 20764
29680 6939
263152 6939
1836 20764 20612
680 553 6939
8426 6939
35369 13030
16347 20764
8758 6939 196621
48526 20764
29636 6939
3356 20764 1280 2914 6453
51405 6939
1853 6939
28917 20764
49463 6939
53070 6939
286 6939
202032 6939
19151 6939
6453
25220 20764
9189 6695
34019 20764
13030 20764
41497 6939
25152 6939
12859 20764
1273 6939
24482 6939
6720
48166 20764
53067 6939
6939 6695 262757 52863 64396 263651 59689 8596 2613 28329 20080 15547 58299 29691 28571 20764 262317 31424 264911 263075 57118 37640 8607 198249 2497 2857 31122 50620 8283 9304 6762 202194 15435 52720 37271 8928 62567
202194
29691
50763 20764
15435
52720
6695
47872 20764
262757
52863
20764 42708 12779 6667 49605 12874 6661 9002 29686 4589 174 30844 1103 29140 8218
64396
263651
12874 15605
49605
29140
59689
8596
15547
6661 198290
264911
28329
9304
9002
20080
513
174 3257
30844
58299
1103
198290
15605
8218
2613
262317
31424
42708
263075
57118
4589
3257
12779
6667
37640
196621
2914
553
20612
8607
198249
2497
37271
31122
50620
29686
8928
8283
25091
6762
28571
1280
2857
62567
