#src/zombie.py
# GMT Mon Oct  1 05:02:31 2018
# 
52873 52720 12956
1916 174
22548 16735
14061 1299
196621 15576
34781 42708
8447 50304 6720
12654 50304 29608
7575 6461
25160 42708
37239 36937
29075 29608
1836 50304 20612
5396 6762
6453 36937 174
34288 29608
8468 50304
6461 1299
7018 1299
3252 42708
21320 513 2603
7738 1299 263321
16735 52320 262757 28138
59891 51395
8455 50304
57821 12586
2603 50304
30844 50304
51185 50304
35054 3356
680 553 174
16347 50304
56730 42708
20932 50304
49605 29608
8607 2914
35699 174
2895 3267
29691 57118 174
20764 174
51405 29608
1853 1764
263321 263584
4777 2497
1221 4637 4608
12350 29608
1103 50304
49463 29608
13030 198249 51395 202194 58299 29608
53070 10429
286 1299
1764 50304
45896 174
8220 50304 15576
25220 50304
28220 6762
9189 42708
12956 174 10429
22652 174
34019 29608
12637 50304
39821 9002
20562 50304
41497 174
28329 6762
25152 6939
12859 50304
50300 50304
24482 29608
64396 174
9304 29608
36937
6939 50304
202194
48526 50304
50763 50304
15435 50304
52720
37271 327995 1299
8222 1299
4608
50304 47872 42708 43531 20080 52320 12779 6667 31424 13237 1299 29140 3333 8283 57381 3267 174 30132 62567 8218
47872
262757
52863 6762
3549 25933 3356
43531 8596
8426 29608
19151 174
3491 174
13237
31424
29140
59689 29608
52320
51395
8596
15547 29608
5511 29608
28917 42708
29680 174
3333
6720
12586 31025
20080
3267
5392 174
57381
58308 29608
174 3356 4637 3257 6762 2914 174 29222
29686 42708
58299
29608 2613 31122 50620 34177 43100 198290
29222
198290
28138
25933
15605 42708
8218
2613
327995
42708 198385 42708 9002 31025 41095 25091
513
57118
4637
4589 2914
3257
12779
6667
6762
10429
3356 14361 1299
2914 2497 1299
553
20612
1299 1280
34177
198249
2497
263584
31122
50620
31025
198385
9002
8283
25091
43100
41095
15576
30132
1280
14361
62567
