#src/zombie.py
# GMT Mon Oct  1 05:27:39 2018
# 
29691 6939
328206 6939
49605 6939
59689 6939
6720 47692
12637 6939
262317 6939
29636 13030
15605 6939
553 6939
29075 6939
202032 6939
3333 3257 12654 16347 57111
52888 1916
52720 6939
25220 13030
16347
2857 13030
8426 6939
20612 6939
3491 6939
22652 13030
34019 6939
20764 6939
3356 47692 3549
29608 6939
680 20965
20080 6939
3549 263702
9002 6939
20495 12654
15547 13030
2914 15562 198290 12859
50304 2603
56730 1103
286 1103
20932 13030
202194 6939
34288 6939
264911 6939
53067 6939
47692 29140 1103 29686 12654 6453
8758 196621 13030
8896 1103
25152 3257
59891 6939
49463 6939
15435 13030
51405 6939
29504 6939
7018 6939
15562
1103 3257 39122 50300 20965 2603 12654
12654 12859 8455 13030 12779 6939
6881 6939
198249 13030
31122 13030
38001 6939
31424 6939
39351 6939
29680 6939
2603 25091
513 6939
19151 13030
8607 8455
47147 6939
37640 6939
28571 1251
48526 12859
50300
4777 2497
28917 6939
263702
12779
196621
9304 13030
1280 6939
37271 6939
263075 6939
37468 6939
59414 6939
6667 6939
263152 6939
23106 6939
50877 6939
37239 6939
24482 6939
8455
25091
20965
8218 6939
12307 6939
3257
262757 6939
4844 37989 6939
6939 1916 2613 1251 64463 28634 198385 41497 22548 53070 21232 57381 6762 7575 30844 25160 2497 16735 41722 57821 14061 263508 5396 52320 1836 58299
198290
6453
64463
6762
198385
41497
13030 2497 31742 50620 12859 35369
50620
29686
5396
12859
22548
53070
21232
57381
28634
7575
30844
1251
25160
39122
52863 52320
2497
16735
37989
41722
57821
31742
1916
29140
57111
14061
2613
263508
52320
1836
35369
58299
