#src/zombie.py
# GMT Sat Sep 29 12:45:03 2018
# 
12637 9002
41497 9002
3257 31742 9002 6881 25152
34019 20764
41722 20764
29680 9002
20080 6939
6894 6939
16347 20764
8283 20764
1836 9002
262757 6939
30844 9002
198249 9002
29686 20764
49463 20764
20612 9002
20932 9002
38001 6939
6720 9002
59414 9002
15562 2914
3320 34549 9002
7018 6453
202032 9002
9304 9002
19151 9002
29636 9002
45896 9002
29075 9002
52320 9002 52863
1273 9002
12859 20764
2613 20764
50763 20764
263075 6939
553 6939
12307 9002
14061 6939
264911 6939
52863
57821 6939
286 9002
37640 6939
680 9002
51405 20764
22548 6939
50300 9002
58299 9002
1251 28571 6939
28917 20764
37989 4844
1916 6939 52888
4844 6939
25152
3491 6939
56730 9002
198290 20764
52873 6939
263152 6939
34288 9002
25160 9002
35369 13030
25091 20764
28634 6939
29608 20764
20764 15547 57111 12654 198385 39351 6939 59689 20495 47147 3333
25220 9002
202194 9002
37468 9002
14907 6939
15547
198385
57111
9002 6453 1103 15605 8455 8218 31122 39122 49375 6667 3356 8758 22652 24482 8607 50304 13030 64463 12654 37271 48526 31424 29140 59891 47692 29691 2497 2857 2914 16735 49605 12779
1103
513 6939
5396 6939
6939 29504 50877 8896 15435 50620 23106 262317 21232 205206 37239 263508 52720 8426 266534 53067 7575 53070
8455
8218
15605
50620
6881
31122
39122
3549 263702 3356
1280 3356
21232
205206
196621 8758
6667
47147
3356
8758
22652
24482
266534
4777 2497
53070
34549
8607
29504
50304
262317
13030
52888
64463
12654
8426
8896
37271
15435
48526
31424
29140
39351
59891
263702
6762 6453
50877
47692
29691
2497
23106
2857
28571
2914
16735
49605
59689
20495
52720
37239
6453
263508
31742
12779
53067
49375
7575
3333
