#src/zombie.py
# GMT Mon Oct  1 07:01:19 2018
# 
37468 37239 5413
6893 6730 2613
25933 8167
8447 6720 5413
35054 3303
3252 12859
3491 2603
52720 52873
57821 12586
62567 5413
24611 6661 51405
174 64396 51395 3257
58299 13030
198249 13030
28917 8455
22652 3257
25091 1103
45896 3356
56730 1103
49605 5413
34177 12859
2914 14061 35699 6453 12859 198290
7660 2500 22388
2500 2500 4777
15435 1103
1299 3356 8455 47872 1280
12859 34288 34019 24482 51185 29076 6695 198385 15605 31025 25220 12654 5413 30844 8222
1280
513 1103
6695 9189
20080 2603
16347 5413
15547 8455
24490 20965 7575
8167 7738
41497 3257
50300 5413
12586 31025
8218 59689 1103
16735 22548 2603 262757
2497 2603
12779 12654
5413 25227 31424 49463 29140 4589 4637 13237 41095 12637 8468 23106 12654 34781 1764 42708 6661 9002 29686 8607
8607
51395 59891
262757
3356 3549 29608
37271 327995 1103
12350 8455
7738 263321 12956
49463
29691 6730
29140
42708 57381
3257 29680 8455 6453 25152 1103
327995
47872
52863 6762
263584 263321
13237
8596 1764
48526 8455
12637
15576 3303 8758 196621
34019
34288
15605
6661
50304 2603
8455 1836 13030 3216 20932 9304 12654 29075 3303
286 7018 1103 29222
28220 12956
29076 2895
1221 4637 4608
6730 12654
1103 2603 37100 20965 37497 3333 11537 12654
23106
34781
28329 6762
20612 1836
1251 11537 52888
22548
9002 39821 41617
2895
7575
64396
1836
20965 680
13030 2603
51185
8758
12956 52873 12654 10429
3216 20764
1764
14061
3333 6762 12654 8426
11537 22388 1916
3549
198290
4637
20932
41095
29222
2603 25160 14361 19151 553 31122
37100 327782
59689
25160
263321
327960 327782
4589
29686
9304
51405
22388
24482
29075 58308
1916
6939 12654 202194
25220
29608
41617
52888
5396 6762
8222
6762
31424
35699
59891
25227
198385
553
25152
29680
19151
39821
9189
58308
196621
31025
6720
30844
202194
7018
327782
8426
8468
14361
680
5392 6453
6453
4608
31122
37497
53070 10429
57381
20764
3303
52873
4777
12654
37239
10429
2613
