#src/zombie.py
# GMT Mon Oct  1 05:23:02 2018
# 
52873 52720 12956
1916 11537
22548 16735
14061 2914
28138 16735
7018 3320
34781 35054
198545 35054 29152
59891 35054
559 553 513
12654 513 35054
25160 2603
2603 50304 8607 42708 513 8426 12779 6667 13101 29140 39326 25220 8468 34019 3252 21320 31122 8283 34177 3267 29686 37271 48526
553
24611 51405 6661
29075 6830 16347
1836 35054
39326 51945
34288 35054
8468
56730 51945
2613 6893
21320 3216 30132 513 8455 30844 6661
28220 6762
3320 7738 513 6453 1280 4637 8222 1299
16735 262757 6830
8455
57821 12586
34177
30844
50300 3356
6893 25091
35054 198385 31424 43531 57118 49605 202032 196621 12350 20612 15547 198249 9002 24482 64396 43100 6939 202194 58299 8758 29691 8218
680 20965
16347
51945
8607
8758
2895 3267
48526
20965 513 11537 24490 1853
20764 3216
51405
1853
263321 263584 7738
7660 22388 2500
4777 2500
1221 4637 4608
6830 3356 513 59689 9189 3257 3491 286 41095 19151 2914 13237 6453 12956 2497 12859 6720 4589 6762 174 15435 14361
29608 3356
49463 8218
58308 29152
53070 10429
286
13101 12586
30132
202032
45896 174
8943 1299 50763
6453 36937 62567
25220
37239 36937
9189
12956 10429
34019
39821 9002
29680 3257
25152 6939
12859
35699 2914
24482
6720
10764 11537 513
9304 174
36937
6939
202194
29691
50763
15435
52720
37271 327995
8222
4608
13030 513
50304
47872 3356
262757
52863 6762
3549 25933 3356
43531 8596
8426
19151
3491
11537 22388
31424
29140
59689
12350
8596
15547
6661 198290
3216
28329 6762
24490 7575
7738
3333 1103
12586
20080 6762
22652 3257
57381 42708
29152
174 50620
29686
58299
1103 513
198290
13237
25933
8218
3252
327995
42708
2500 2500
513 513 25091
57118
4637
4589
3257 28917
12779
6667
6762
10429
3356
2914
196621
64396
20612
1299
7575
198249
3267
2497
263584
31122
50620
22388
198385
9002
8283
25091
43100
41095
49605
1280
14361
28917
62567
