#src/zombie.py
# GMT Mon Oct  1 04:51:15 2018
# 
37468 25220 37239
29691 6730
25933 6762
8447 12654 6720
35054 3356
3252 25220
3491 6762
39326 51945 5413
57821 12586
62567 5413
24611 6661 51405
174 6762 64396 2914 41497 45896
286 2914
198249 13030
29551 25220 31025 3257
28917 25220
22652 3356
25091 25220 6893
198290 2914
56730 51945
49605 680
34177 25220
2914 7018 6762 35699 8455 37271 13030 14061 20080 6453 19151 3257 47872 3303 12654 2497
2500 2500 7660 4777
15435 25220
8455
12859 25220
1280 6762
513 20965
37497 25220
20080 6762 1251
16347 5413
3267 25220 2895
24490 20965 7575
15547 25220
39821 9002
1764 25220 8596
41497
50300 5413
12586 31025
8218 680 59689
16735 6762 262757 22548
12779 12654
5413 6667 29686 24482 8468 6730 49463 3333 50763 4589 12654 41095 8607
8607
6830 12654 8758
51395 59891 6939
262757
3356 25220 3549 20764 29608
37271 327995
12350 25220
7738 6762 263321
49463
6939 12654 202194
3333
3257 14361 29680 25220 25152
327995
47872
29608
263584 263321
24482
8596
48526 680
12637 25220
2497
34019 25220
34288 25220
15605 25220
6661 25220
50304 42708
51185 25220
58299 13030
28220 12956
1221 4637 4608
6730
1103 20965
50763
23106 25220
34781 25220
28329 6762
20612 1836
1251 52888
22548
31424 25220
9002 680 41722
2895
7575
25227 25220
1836 25220
20965 11537 680
13030 25220
7660 22388
8758 196621
12956 6762 52873 10429
8283 25220
14061
35699
11537 22388 1916
41722
8359 12654 41617
3549
45896
4637 6762
8426 680
20932 25220
41095
29222 3303
37100 25220 327782
59689
25160 25220
263321
327960 327782
4589
29686
9304 25220
51405
22388
29075 25220 58308
1916
198385 25220
25220 20562 13237 30132 30844 12654
52863 6762
41617
52888
5396 6762
6762 6762 6453 12654
6893 2613
29680
59891
2613
20562
25152
19151
42708 12654 57381
51945
58308
196621
31025
64396
6720
30844
202194
7018
6667
327782
30132
8468
14361
680 12654
5392 6453
6453
4608
13237
52720 52873
53070 10429
57381
20764
3303
52873
4777
12654
37239
10429
