#src/zombie.py
# GMT Fri Sep 28 18:53:43 2018
# 
1273 2497
16735 2497 262757
3549 52720 3356 4809
6453 6453 57866 2497 24482 29608
513 3320
50300 6939
56730 51945
1280 2497
15435 6939
31122 6939
30844 6939
58299 6939
1103 2914
263075 6939
12859 2914
6461 2497 8218
13002 25091 20485
202194 6939
8455 2914
30781 34019 2497
29140 2914
7575 2914
9304 6939
13030 29691 2497 35369 1836 34781
9002 2497
19151 2914
3303 12874 2497
62567 2914
8607 6939
7018 2497
8763 2914
59891 6939
57118 6939
14061 2914
20932 6939
2613 6893
20485 2497
37640 6939
41497 6939
50763 8943
20764 6939
8283 57866
202032 6939
12874 15605
22652 3356
48166 3356
12989 53070 6939
35369
6762 2914
6893 25091
25091
8426 3356
50304 57381 6939
262757
262317 6939
174 2914 2857 25160 12779 64396
28329 6939 263674
59689 6939
263674
198385 6939
20612 6939
553 680
29075 6939
50620 6939
15576 196621 3356
28917 6939
12654 2497
3356 37271 680 2497 1853 47872
6720 1853
29691
15547 6939
198290 2914
6881 6939
196621
1853
52720
64396
37239 6939
9189 6939
3257 2914
20080 6939
34781
25152 6939
48526 2497
680
6939 29686 49605 57821 2497 49463 51405 16347 198249 1916 264911 25220 263152 34288 51945
47872
57821
57381
1836
28571 1916
2497 2914 4589 1257 3320 286 6667
8928 2914 29680
8596 286
49463
4809 52863
29686
29608
51405
2857
34019
16347
42708 1299
8218
57866
53070
37271
198249
1916
4844 2914 37989
34288
264911
29680
24482
15605
2914 2914 29636 1299 8943
1299
25220
12779
1257 3333
263152
3320 3320
37989
25160
29636
8943
286
4589
3333
6667
51945
49605
52863
