#src/zombie.py
# GMT Mon Oct  1 04:45:27 2018
# 
263584 263321
263321 28329
49605 9002
4608 6939
59689 20764
6720 1853
37497 6939
12637 9002
262317 6939
266534 18881
39351 20764
15605 9002
14907 6939
29075 20764
202032 6939
3333 20764
52888 1916
52720 6939
12956 28220 10429 9002 18881
20612 9044
16347 20764
25227 20764
45896 6939
29691 6939
6894 9002
8426 6939
3491 9002
22652 6939
20764 37468 29686 56730 34288 22356 12859 51405 50763 49375 25220 12654 30844 6939 39122 2895 2613 41722 25091 8283 8222 29140 3356 29608 47147 39821 15547 34177 198290 13760 28917 20932
3356 3549 7018 9002 6762 41095 35054 1280 14007
29608
680 9002
20080 6939
3549 263702
9002 553 9304 37271 31424 20562 196621 6667 19151 13030 8218 3257 47692 2914 23106 6453 4230 50300 40191 41497 30132 1853 9044 8758 15435 21232 1836 12350 35699 1103 12654 286 2497 29680 12779 21320 59414 8607 8455 5396 52320 48526 13237
56730
2914 64050 28329 15562
6939 14061 34549 51185 264911 263075 43578 24482 263152 50877 34019 327960 12307 28929 3252 202194 50304 64463 37640 198385 53067 205206 8896 25152 59891 49463 29222 57821 29504 7575 25160 38001 25933 16735 31742 5392 1916 52873 57111 263508 14840 35369 58299
4230 262757
20932
28634 22356
202194
37468
30132
53067
47692
8758
8896
25152
25933
49463
29222
34549
15435
51405
29504
6762
35699
15562
1103
12654
6881 3257
198249 13030
38001
3252
50304
29680
14840
59891
513 21320
21320
19151
52873
8607
395152 14007
47147
37640
5396
39821
48526
34177
13237
28917
263702
12779
5392
196621
8222
9304
22356
1916
37271
263075
41095
51185
31424
264911
20562
43578
57111
6667
263152
23106
28220 28220
50877
34019
24482
25220
8455
327960
25091
8283
8218
12307
49375
3257
262757
15547
395766 40191
9044
553
2613
35054
198290
6453
205206
64463
50300
28329
198385
40191
41497
13030
1853
64050
29686
50763
12859
28929
2497 4777
53070 10429
21232
12350
7575
34288
30844
14007
35369
286
39122
52863 52320
2895
16735
41722
57821
31742
4777
1280
29140
59414
14061
7018
263508
52320
1836
10429
58299
13760
25160
18881
