#src/zombie.py
# GMT Mon Oct  1 04:59:54 2018
# 
29691 6939
553 20764
7018 3356
6720 6939
37497 6939
34288 20764
262317 6939
39351 20764
15605 20764
395152 63297
264911 6939
12307 6939
3333 20764
52888 1916
52720 6939
12956 28220 10429 9002
25220 20764
16347 20764
25227 9002
45896 6939
59689 20764
8426 6939
20612 6939
3491 9002
202194 6939
49605 9002
34019 6939
20764 30132 29686 41722 58308 56730 22356 12859 51405 50763 29075 20562 20932 1103 30844 12654 6939 39122 2895 13030 25091 2613 8283 8222 29140 3356 29608 47147 39821 15547 34177 198290 13760 28917 8455 50300
3356 3549 9002 35054 41095
29608
680 9002
20080 6939
3549
9002 37468 196621 9304 31424 47692 12637 4230 15435 19151 12350 35699 13030 41497 12654 6667 37271 23106 2497 48526 29680 6453 12779 21320 8218 59414 3257 8607 14061 21232 5396 1836 2914 286 13237 8758
56730
2914 64050 15562
6939 51185 4608 202032 263075 43578 24482 263152 37239 327960 22652 28929 3252 6881 50304 64463 37640 198385 63297 53067 8896 49463 29222 57821 57381 29504 6762 25160 50877 25933 16735 31742 59891 5392 1916 52873 57111 263508 38001 14840 58299
4230 262757
58308
28634 22356
12637
63297
30132
53067
47692
8758
8896
25152 3257
2895
49463
29222
15435
51405
29504
6762
35699
15562
1103
12654
6881
198249 13030
38001
31424
50304
29680
14840
59891
5392
21320 513
52873
8607
47147
37640
5396
39821
48526
34177
20932
13237
28917
513
196621
8222
9304
24482
37271
263075
41095
51185
4608
20562
43578
59414
6667
263152
23106
28220 28220
29075
37239
19151
8455
327960
25091
8283
8218
202032
3257
37468
262757
15547
3252
35054
198290
6453
64463
50300
198385
41497
13030
64050
29686
50763
12859
28929
2497 4777
53070 10429
21232
57381
12350
12779
30844
286
39122
50877
25933
16735
41722
57821
31742
4777
1916
29140
57111
22652
14061
2613
263508
22356
1836
10429
58299
13760
25160
