#src/zombie.py
# GMT Mon Oct  1 04:39:31 2018
# 
29691 49605
49605 553 56730 34288 15576 14907 29075 3356 3333 20495 25220 20612 12307 34019 25091 8283 202032 9002 202194 6939 8758 64463 20932 31424 47692 205206 8896 12859 15435 29140 21232 1836 12654 198249 286 59891 2857 41722 52873 59414 1299 47147 5396 48526 58299 28917
6894 12779
59689 57111
6720 1853
12637 12654 174 9002
262317 6939
266534 6939
29636 6939
15605 12654
18747 174 263702
14907
264911 6939
12307
3333
52888 1916
52720 6939
25220
16347 57111
2857
8426 6939
20612
3491 6939
22652 6939
34019
20764 57111
3356 6453 1280
29608 57111
680 12779
20080 6939
9002
20495
15547 57111
2914 15562 12779 1273
50304 57111
56730
6939 2497 53067 34549 263075 28634 22548 53070 19151 29504 7575 1251 262757 263152 25160 31122 38001 37239 16735 29680 57821 513 1916 8607 14061 4844 263508 52320 23106 50620 37640
20932
202194
37468 57111
205206
8455 12779
53067
47692
8758
8896
25152 3257
59891
49463 57111
34549
15435
51405 57111
29504
7018 1299
15562
1103 57111
12654 12779 21320 57111
43100 57111
6881 3257
198249
1273
31122
38001
39351 57111
29680
513
21320 1853
52873
8607
47147
37640
5396
48526
50300 57111
4777 2497
28917
263702
196621 15576
9304 12779
1916
37271 12779
263075
15576
31424
59414
6667 57111
263152
23106
29075
37239
19151
50877 57111
13030 12779 35369
25091
8283
50620
8218 57111
202032
49375 57111
3257 12779 6762
262757
4844 37989
553
198290 57111
6453
1299
64463
6762
198385 57111
41497 57111
7575
1853
29686 12779
28571 1251
24482 57111
12859
22548
53070
21232
28634
1836
34288
30844 57111
1251
174 31742
286
39122 57111
52863 52320
2497
16735
37989
41722
57821
31742
1280
29140
57111 50763 2613
14061
2613
263508
50763
52320
12779
35369
58299
25160
