#src/zombie.py
# GMT Mon Oct  1 03:45:12 2018
# 
29691 9002
328206 6939
49605 9002
6762 6453
6720 9002
60501 9002
12637 9002
262317 6939
266534 6939
29636 9002
15605 9002
14907 20764
29075 9002
12307 9002
3333 20764
1103 20764
6894 6939
20612 9002
16347 20764
45896 9002
2857 9002
8426 6939
3491 6939
22652 9002
34019 20764
20764 198385 50763 59689 8455 29686 15547 12859 49463 51405 30844 12654 6939 198290 29608 41722 25091 8283 8218 57111 47147 9002 20495 2613 39351 28917
3356 3549 1280 9002
29608
680 9002
20080 6939
3549 263702
9002 9304 202032 56730 31424 24482 6667 3257 19151 25220 202194 20932 2914 50304 6453 37271 64463 50300 39122 37468 41497 13030 47692 8758 59891 206356 29140 1836 34288 12654 198249 286 31122 2497 16735 29680 1273 31742 12779 59414 8607 14061 3320 52320 48526 58299 25160
20495
15547
2914 15562
50304 57381
56730
6939 263075 8896 53067 205206 5396 28634 22548 21232 264911 29504 57821 7575 52720 1251 35266 263152 23106 38001 37239 15435 513 1916 52873 262757 4844 263508 50877 553 6881 50620 37640
20932
202194
37468
59689
8455
53067
47692
205206
50877
25152 3257
59891
49463
34549 3320
15435
51405
29504
7018 6453
15562
52888 1916
12654
6881
198249
1273
31122
38001
31424
39351
29680
513
19151
52873
8607
47147
37640
5396
206356
48526
4777 2497
28917
263702
12779
196621 8758
9304
1280
37271
263075
52720
50763
264911
59414
35266
6667
263152
23106
37239
24482
25220
25091
8283
8218
202032
3257
262757
4844 37989
553
3320
198290
6453
8758
64463
50300
198385
8896
41497
13030 35369
50620
29686
28571 1251
12859
22548
21232
57381
28634
7575
34288
30844
1251
286
39122
52863 52320
2497
16735
37989
41722
57821
31742
1916
29140
57111
14061
2613
263508
52320
1836
35369
58299
25160
