#src/zombie.py
# GMT Mon Oct  1 04:18:16 2018
# 
29691 6939
328206 6939
553 6939
6762 3257
6720 8447
34288 52320
8218 52320
18747 174 263702
14907 6939
202032 6939
3333 52320
25220 52320
6894 6939
22652 6939
49605 6939
29608 6939
680 1299
20080 52320
9002 52320
202194 6939
4844 37989 6939
2914 15562 52320
50304 6939
37271 6939
6939 198385 31424 13030 56730 8896 6881 57821 21232 57381 7575 35266 6667 198249 25160 31122 59891 29680 25091 513 1280 29636 12307 59414 8607 14061 52320 35369 58299 64463 29504
20932 52320
31424
47692 52320
8896
25152 3257
2497 3257
57821
29140 52320
1836 52320 20612
29504
7018 1299
15562
12654 52863
6881
198249
31122
38001 52320
29680
513
8607
47147 52320
263702
196621 15576
34549 1299
56730
15576 52320
24482 52320
35266
20612
19151 52320
25091
29636
12307
6667
3257 52320 31742
15547 52320
20764 52320
39351 52320
1299 52320
64463
50300 52320
198385
59414
13030
29686 57463
21232
57381
7575
174 52320
8447 52320
286 52320
39122 52320
52863 52320
59891
2857 52320
37989
57463 52320
31742
1280
57111 52320
14061
52320 12779
12779
35369
58299
25160
