#src/zombie.py
# GMT Mon Oct  1 05:04:27 2018
# 
52873 52720 12956
1916 174
22548 16735
14061 3356
7018 3356
34781 20764
59891 51395
12654 3252 20764 41095 12654 9002 25091
53070 10429
37239 36937
24611 51405 6661
29075 58308 41095 9002
30844 20764
5396 9002
34288 20764
8468 9002
56730 20764
20932 20764
3252 174
21320 513 9002
30781 9002 59689
16735 41095 262757 28138
8455 9002
57821 12586
34177 20764
1836 9002
50300 9002
6893 2613 25091
35054 3356
680 553 9002
16347 20764
6730 29691 9002
8607 9002
8758 20612 9002
2895 20764
29691 57118
3356 41095 3549 1280 29608 8222
51405
1853 9002
263321 263584 7738
4777 2497
1221 4637 4608
29608
49463 20764
2497 9002 41095
25160 9002
286 9002
30132 9002
45896 41095
6453 36937 9002
25220 20764
28220 12956
9189 6695
12956 10429 9002
52720
12637 20764
13030 198249 41095 58299
20562 9002
41497 9002
25152 3257
12859 9002
35699 41095
8222
6720 9002
37497 20764
9304 9002
36937
6939 202194 9002
202194
57866 8283 9002
50763 9002
15435 9002
37271 327995 9002
4608
6695 20764
50304 20764
47872 20764
262757
52863 6762
3549 25933 6762
51185 9002
8426 41095
19151 41095
3491 9002
12350 9002
34019 20764
49605 20764
29140 20764
59689
13237 9002
51395 9002
8596 9002
15547 20764
6661 20764
3216 3216 20764 6762
28329 6762
48526 9002
7738 41095
9002 2914 20080 5392 29686 1103 8218 31424 4589 3257 29680 196621 12586 62567
12586
20080
22652 41095
5392
57381 42708
174 2914 198290 50620 64396
29686
58299
1103
198290
28138
25933
15605 20764
20764 198385 42708 6667 28917
8218
2613
31424
42708
513
57118
4637 41095
4589
3257
12779 41095
6667
41095 14361 31122 3333 3303
10429
196621
2914
553
64396
20612
7575 6762
198249
58308
263584
31122
50620
198385
3333
8283
25091
6762
62567
29680
327995
3303 29222
1280
14361
28917
29222
