#src/zombie.py
# GMT Mon Oct  1 04:37:09 2018
# 
263584 263321
263321 61568
49605 57111
4608 1221
59689 57111
6720 47692
37497 57111
41095 3333
12637 57111
266534 16735
15605 47692
14907 2603
29075 57111
3333 8426 15435 37468 31424 6762 16347 6661 12654 6667 23106
52888 1251
52720 52873
12956 28220 7738 10429 12654
25220 47692
16347
25227 9002
29226 47692 2895
8426
3549 3356
8167 7738 25933
31025 12586 47692
3491 6453
22652 3356
20764 3356
3356 8455 35054 1280 51185
29608 57111
680 20965
20080 2603 1916
3252 47692
9002 39821 47692 5413 41722
56730 57111
29686 47692
2914 64050 15562 12859 35699
286 1103 7018 29222
4637 1221 5413
20932 47692
28634 10429
202194 6939
6894 12859
37468
63297 395152 6939
8455 3257 38001 52320 12654 1299 28917
47692 13101 13030 8758 34288 29140 29504 30844 12654 25091 6453 8222 52873 47147 1836 35369 58299 13237
8758 196621
20612 1836
25152 3257
25933
37100 1103 327782
29222
34549 13101
7738
51405 24611
29504
6762 61568 5396
35699
15562
1103 8896 20965 2603 37271 513 11537 8218 3257 12350 12654
12654 6830 12859 57111 5413 6730 12779 6939
6881 3257
198249 13030
38001
50304 57111
24611 6661
29680 8220
8220 57111
2603 16735 13030 553 2497 25160
59891 51395
5392 57111
19151 5413
15435
6730 29691
8607 5413
327782 327960
395152
47147
39351 57111
5396
39821
48526 12859
34177 57111
13237
28917
12779
513
196621
9304 57111
14061 5413
8222
37271
6830 21232 59414
51185
1221
31424
52873
61568
43578 1299
59414 12307
6667
23106
28220 28220
50877 57111
24482 57111
29691
327960
25091
6661
8218
12307
3257 41497 31742
262757 16735
15547 57111
395766 40191
553
2613 57111
35054
198290 57111
6453 2497 174
1299 40191
64463 174
50300 5413
198385 57111
40191
41497
1916
13030
20965
64050
12586 57821
51395 6939
12859
11537 1251 11537 7575
2497 4777
53070 10429
21232
49463 57111
7575
34288
30844
1251
174
35369
6939 13760
39122 57111
52863 52320
2895
16735
41722
57821
31742
4777
13101
1280
29140
57111
8896
5413
7018
52320
1836
10429
58299
13760
25160
12350
