#src/zombie.py
# GMT Mon Oct  1 04:28:52 2018
# 
1916 174
22548 3549
14061 2914
7018 1299
34781 49605
8447 49605 6720
12654 12637 49605 12779
53070 10429
37239 36937
29075 49605
1836 49605
34288 49605
8468 49605
56730 49605
20932 49605
2613 49605
25933 3549
16735 28138 262757 2914
57821 12586
34177 49605
30844 12779
35054 49605
680 553 12779
3252 12779
174 3491 45896 12779
16347 49605
8758 49605
2895 49605
48526 12779
20764 3356
51405 49605
1853 1764
28917 49605
4777 2497
1221 4637 4608
49463 49605
58308 49605
25160 49605
286 3356
1764 12779
45896
6453 36937 24482 3257 9002
25220 12779
28220 6762
9189 49605
12956 3356 10429
34019 49605
12637 3257 2914
39821 49605
52720 3549
25152 3257
35699 2914
8222 3356
6720
37497 49605
9304 12779
36937
41095 12779
50300 49605
37271 327995 12779
24482
4608
50304 49605
262757
52863 6762
3549 3356
43531 8596 12779
8426 12779
19151 3356
3491
12350 12779
49605 3356 4637 42708 15547 13030 29222 59689 1299 8607 31122 9002 50620 20080 43100 29608 198290 8218
29140 12779
59689
13237 12779
8596
15547
28329 6762
29680 3257
9002
12586 31025
20080
22652 3356
57381 42708
6730 513 6730 12779
29686 12779
263321 263584 7738
29608
198290
28138
8218
7575 2914
327995
42708
513
4637
4589 3257
3257 2497 6762 7738 14361 12779
12779 12779 3333 31025 25091
13030
6762 2914
10429
3356 2497 1280
2914 62567
553
7738
1299
8607
2497
263584
31122
50620
31025
3333
25091
43100
29222
1280
14361
62567
