#src/zombie.py
# GMT Mon Oct  1 05:06:11 2018
# 
29691 6939
328206 6939
49605 6939
59689 6939
6720 8447
60501 52320
12637 52320
29636 6939
15605 52320
18747 174 263702
14907 52320
29075 52320
202032 6939
3333 52320
52720 12654 1916 52873
25220 52320
16347 52320
6894 6939
8426 6939
20612 1836
3491 6939
202194 6939
34019 52320
20764 52320
29608 6939
680 1299
20080 52320
9002 52320
20495 52320
41722 6939
15547 52320
2914 52320 15562 198290 6453 1273
50304 6939
56730 6939
6939 553 22652 37271 12307 35266 6667 37239 25091 4844 50877 64463 198385 31424 41497 50620 205206 8896 59891 49463 15435 51405 21232 57381 29504 7575 25160 31122 38001 2497 29680 57821 31742 513 1280 59414 8607 2613 37640 5396 52320 35369 58299 28917
20932 52320
37468 6453
8455 52320
53067 52873
47692 52320
205206
8896
25152 3257
59891
49463
34549 1299
15435
51405
29504
7018 1299
15562
1103 52320
12654 52863
6881 3257
198249 13030
1273
31122
38001
39351 52320
29680
14840 52873
513
19151 52320
52873 22548 28571 28634 23106
8607
47147 52320
37640
5396
206356 52320
48526 52320
50300 52320
4777 2497
28917
263702
12779 52320
196621 15576
9304 52320
1916
37271
15576 52320
31424
59414
35266
6667
23106
50877
37239
24482 52320
25091
8283 52320
8218 52320
12307
3257 52320 6453 6762
4844 37989
553
198290
6453
1299 52320
64463
6762
198385
41497
13030 52320
50620
29686 57463
28571
50763 52320
12859 52320
22548
21232
57381
28634
7575
34288 52320
30844 52320
174 52320
8447 52320
286 52320
39122 52320
52863 52320
2497
2857 52320
37989
57463 52320
57821
31742
1280
29140 52320
57111 52320
22652
14061 52320
2613
52320 1836
1836
35369
58299
25160
