#src/zombie.py
# GMT Sat Sep 29 16:10:50 2018
# 
12637 9002
41497 9002
3257 9002 6881
29222 6939
286 9002
41722 20764
34019 6939
20080 6939
1853 9002 6720
35369 6939
16347 20764
8283 20764
1836 20612 9002
262757 4230
30844 20764
12956 28220 9002 10429
29686 20764
25933 6939
49463 6939
20612
39351 20764
35699 9002
39821 20764
38001 6939
47692 9002
15562 2914
34177 20764
7018 3356
8426 6939
202032 6939
9304 9002
14840 6939
28917 20764
45896 6939
327960 6939
52320 9002 52863
12859 20764
2613 20764
50763 20764
395152 14007
553 9002
12307 6939
37497 6939
14061 6939
264911 6939
52863
57821 6939
19151 9002
37640 6939
680 9002
29680 9002
50300 9002
58299 6939
35054 3356
263584 263321
13760 20764
1916 6939 52888
29075 20764
20562 9002
25152 6939
263152 6939
3491 9002
56730 20764
28634 22356
4777 2497
34288 20764
25160 6939
59414 9002
6720
25091 20764
28929 6939
29608 20764
20764 37468 15547 8222 22356 12654 29140 6939 25227 2895 39122 51405 20932 59689 174 47147 3356 198290 25220 3333
6453 9002
202194 6939
29504 6939
15547
8222
263321 28329
198385 6939
57111 6939
9002 1103 8218 5396 8455 12350 21232 196621 6667 3356 8758 8607 15605 30132 13030 12654 4230 37271 15435 48526 31424 12779 42708 2497 23106 2914 49605 21320 13237
1103
3252 6939
513 21320
5396
57381 42708
6939 8896 51185 50877 4608 262317 22652 24482 43578 50304 263075 64463 59891 29691 16735 52720 37239 263508 31742 5392 53067 7575
8455
8218
263075
15605
25227
6881
4608
262317
39122
3549 3356
1280 3356
21232
31742
198249 13030
196621
6667
47147
3356 14007 174 41095 6762
8758
22652
14007
24482
43578
198290
28329 2914
41095
53070 10429
8607
64050 2914
30132
13030
52888
64463
12654
50304
4230
8896
37271
15435
48526
31424
29140
13237
10429
59891
12350
6762
50877
2895
29691
2497
23106
51405
2914
16735
49605
59689
174
37468
52720
37239
25220
263508
21320
20932
5392
22356
51185
12779
28220 28220
3333
53067
7575
42708
