#src/zombie.py
# GMT Mon Oct  1 05:15:37 2018
# 
37468 13237
29691 1764
25933 8167
35054 1764
3252 13237
202194 1764
62567 2914
174 9304 1764
58299 1764
198249 13030
28917 13237
22652 3257
25091 13237
45896 3356
56730 13237
41722 9002
34177 13237
2914 6762 3491 8607 13237 20080 2497 14061 1916 7575
34288 13237
15435 13237
8455 1764
25435 1764
1280 1299
513 6730
29608 3356
31133 13237 25227
20080 1251
16347 13237
3267 13237 2895
8387 13030 12654 1764
15547 13237
39821 9002
8167 7738
41497 3257
50300 13237
25227
8218 35699 6461 1764 25160 8426 12637 29222
16735 22548 262757 52320
12779 13237
8607
262757
3356 20764 3549 1764
37271 327995 6461
12350 1764
7738 263321 3257
49463 13237
3333 13237
12586 31025 57821
3257 6762 7018 5396 4637 13237 6453 25152 2497
327995
47872 1299
14361 6461
52863 6762
263584 263321
13237 1836 49605 680 286 198290 20932 37100 12859 30132 37497 37239 51405 41095 29075 3320 25220 8928 20562 15605 29140 4589 1299 31025 24482 48526 30844 34019 6667 50304 51185 8468 9002 1103 50763 6695 553 42708 52320 12654 29686
8596 1764
48526
12637
2497 4777
34019
50304
51185
3491
23106 6461
57821
1221 4637 4608
1103
50763
28220 12956
34781 1764
28329 6762
20612 1836
1251 52888
52320
22548
19151 6461
31424 1764
9002 41617
2895
7575
64396 1764
1836
49605
13030
8758 1764
12956 1299 10429
1764 59891 196621 202032 198385 8222
14061
35699
286
3549 52720
198290
4637
8426
20932
41095
29222
9189 6695
37100 327782
59689 3320
25160
263321
327960 327782
4589
29686
9304
51405
6695
24482
29075 58308
3320
198385
25220
202032
41617
52888
5396
8222
6762
8928 29680
29680
59891
2613 6893
20562
57381 42708
25152
15605
680
42708
1299
58308
196621
31025
29140
30844
12859
7018
6667
327782
30132
8468
6730 6730 6893 12654
12654
5392 6453
6453
4608
52720
37497
6461
53070 10429
553
20764
6893
4777
1916
37239
10429
