#src/zombie.py
# GMT Mon Oct  1 04:16:26 2018
# 
1916 6939
14061 6939
7018 6939
34781 6939
59891 6939
12654 20764 6939 9002
7575 6939
25160 6939
37239 6939
37989 4844
8763 6939
5396 6939
34288 6939
56730 6939
263674 6939
20932 9002
2613 9002
21320 513 6939
16735 6939
8455 9002
57821 6939
263152 6939
30844 6939
680 553 9002
8426 6939
16347 9002
48526 9002
29636 6939
20764 8732
263651 6939
1853 9002
28917 8732
29608 9002
49463 9002
53070 6939
286 6939
202032 6939
19151 6939
6453 9002
25220 6939
4844 6939
34019 9002
13030 6939
41497 6939
25152 3257
12859 9002
50300 9002
24482 6939
6720 9002
48166 6939
37497 6939
53067 6939
6939 50304 262757 64396 12779 49605 8596 52863 28329 29680 9002 6881 20080 1836 15547 29686 58299 1103 6695 15605 29691 8218 198385 31424 42708 264911 263075 57118 6667 37640 20612 4589 22652 52720 198249 2497 2857 51405 1273 50620 8283 9304 6762 202194 28571 15576 262317 15435 1280 37271 62567
202194
29691
50763 9002
29075 9002
52720
37271
50304
6695 9189
262757
52863
64396
51405
1273
31424
29140 9002
59689 9002
8596
9304
15547
264911
28329
29680
9002 35369 3257 2914 8607 31122 3333 25091 43100 42708 198290 8928
20080
22652
57381 42708
513
9189
35369
29686
58299
1103
198290
15605
8218
198385
262317
1836
42708
263075
57118
4589
3257
12779
8732
6667
37640
196621 15576
2914
553
15435
20612
8607
198249
2497
6881
31122
50620
8928
3333
8283
25091
43100
6762
28571
15576
49605
1280
2857
62567
