#src/zombie.py
# GMT Mon Oct  1 05:39:03 2018
# 
29691 9002
7575 6939
59689 57111
6720 9002
12637 57111
262317 6939
266534 6939
29636 8607
15605 9002
14907 9002
29075 9002
202032 57111
3333 9002
52888 1916
52720 6939
20612 9002
16347 57111
45896 9002
2857 9002
8426 6939
3491 2914
22652 9002
49605 9002
34019 9002
20764 57111
3356 3549 9002
29608 57111
680 9002
20080 6939
3549 263702
9002 37271 34288 12307 3257 19151 25220 25091 8283 8218 6667 20495 20932 286 6453 64463 50300 31424 41497 47692 8758 202194 59891 29140 1836 1103 30844 12654 198249 25160 2497 16735 29680 41722 59414 8607 14061 47147 52320 48526 58299 28917
20495
15547 57111
2914 2497 4844 13030 6762 7018 15562 12654 1280 1273
50304 49375
56730 57111
286
20932
202194
34288
8455 8607
53067 6939
47692
8758 196621
50877 57111
25152 3257
59891
49463 57111
34549 1299
15435 6939
51405 57111
29504 6939
7018
15562
1103
12654 39122 8607 31742 12779 49375 57111
43100 57111
6881 6939
198249
1273
38001 6939
31424
39351 57111
29680
513 6939
19151
52873 6939
1299 31742
8607
47147
37640 6939
5396 6939
48526
50300
4777 2497
28917
263702
196621
9304 12779
1916 28571 6939
37271
263075 6939
37468 57111
264911 6939
59414
49375 12859 6939
263152 6939
23106 6939
37239 6939
24482 57111
25220
25091
8283
8218
12307
6667
3257 31742
262757 6939
4844 37989
6939 50620 205206 28634 53070 21232 22548 57111 263508 553 57821
553
198290 57111
6453
205206
64463
6762
198385 57111
41497
13030 35369
50620
29686 12779
28571
50763 57111
12859
22548
53070
21232
28634
1836
30844
25160
39122
52863 52320
2497
16735
37989
41722
57821
31742
1280
29140
57111 2613
14061
2613
263508
52320
12779
35369
58299
