#src/zombie.py
# GMT Mon Oct  1 05:44:14 2018
# 
29691 13030
49605 3356
59689 30781
6720 1853
37497 3356
41095 2497
12637 2914
22356 6453 28634
15605 3356
57866 8283 6453
395152 63297
29075 1299
3333 1257
52888 1251
52720 3549
12956 10429 701
20612 1836
16347 2914
25227 9002
29226 2895 20485
15935 174 29504
8426 3356
3491 2497
22652 3257
20764 174
3356 39122 2497 1853 56730 8896 51185 3549 15547 15576 34177 35054 25220 58308
680 1299
20080 2914 1251
3549 28220 25933 52873 5392 23106
9002 39821 2497 41722
56730
29686 3257
2914 8943 2497 50300 25091 64050 1916 8607 14061 6762 35699 15562 12779 2914 198290 38001 25160
50304 57381 1299
37271 6453
6939 2497 63297 202194 25152 51395 13760
20932 1299
28634
202194
50763 8943
63297
30132 1299
47692 6453
8758 196621 8220
8896
25152
25933
37100 327782 2497
29222 3303
57821 12586
51405 24611
29504
7018 2497
20485 2497
15562
1103 2603
35699
12654 2497
6881 29208
198249 13030
701 2497 174 701
38001
31424 13030
39351 12552
1257 2497
29680 8220
8220 2497
2603 2497
24611 6661
513 6830
19151 2497
52873
8607
327782 327960
47147 1299
5396 3257
39821
48526 2497
34177
4777 2516
13237 3257
28917 174
5392
196621
9304 2497
8222 3320
4637 1221 2497
6830 2497 6830 59414
51185
15576 198385
1221 4608
4608
12552 1299
58308
43578 1299
6461 2497 8218
3303 2497
6667 2497
23106
28220 28220
50877 6762
37239 37468
6893 2613 25091
25220
8455 1299
327960
25091
8283
8218 49463
12307 59414
3257 2497 41497 31742 12586 12859 15435 29140 3252 29208
30781 2497
3252
15547
59891 51395
553 1299
3320 2497
35054
198290
6453 2497 37468 6453 30844 24482
1299 2497 34288 12350 1299
64463 174
6762
198385
41497
13030 2497 21232 1836 58299 59414
1853
64050
12586
51395
24482
12859
29208
2516 2497
2497 16735 286 6661
53070 10429
21232
57381
49463
12779
34288
30844
1251
174
262757 16735
286
39122
8943
2895
16735
50300
41722
15435
31742
37468
1916
29140
59414
14061
2613
1836
10429
58299
13760
6661
25160
12350
