#src/zombie.py
# GMT Fri Sep 28 21:01:49 2018
# 
1273 2914
16735 6939
6453 6939
513 13030
50300 1103
56730 1103
1280 6939
24490 7575 20965
15435 1103
31122 13030
30844 13030
58299 6939
1103 20965 3257 2603 12654 12859 286
263075 6939
12859 2914 28917 13030 12654 3333 16347 8283
8928 8455
31424 6939
8455 2914 3257 15547 48526 13030 12654
29140 13030
7575
9304 13030
9002 6939
19151 13030
62567 6939
8607 13030
7018 6939
8763 13030
57118 6939
14061 6939
202032 6939
20932 13030
2613 6939
34288 6939
41497 6939
59891 6939
28571 6939
8283
2603 25091 50304
13030 2857 12654 42708 25220 8758 1853 29636 9189 4589 2497 35369 8596 198249
8758
22652 6939
202194 6939
6762 6939
25091
8426 6939
50304
262317 6939
28329 6939
59689 6939
49605 6939
20612 6939
553 6939
29075 6939
50620 6939
20965 680
28917
12654 12779 6939
6720 1853
29691 6939
15547
198290 2914
6881 6939
196621 6939
1853
52720 6939
64396 6939
37239 6939
9189
3257 25152
20080 6939
34781 6939
48526
680
6939 29686 47872 57821 37640 1836 49463 198385 29608 51405 34019 42708 8218 53070 20764 1916 4844 264911 29680 24482 15605 5396 263152 25160 52888 37271 6667 52863
47872
57821
57381 42708
1836
2497
35369
8596
49463
198385
29686
29608
51405
2857
34019
16347
42708
8218
53070
37271
198249
1916
4844 37989
37640
264911
29680
24482
15605
2914
5396
25220
12779
263152
25152
37989
25160
29636
286
4589
3333
52888
20764
6667
52863
