#src/zombie.py
# GMT Mon Oct  1 08:12:51 2018
# 
4844 2914 37989
680 9002
41617 9002
1103 9002
29686 6939
12859 9002
49463 20764
28329 3549
1280 6939
20932 9002
29680 6939
37271 37468 6939
16347 20764
20080 6939
198290 20764
50763 6939
56730 9002
37239 6939
9002 31122 35369 6667 8928 30844 6720 49605 15605 8758 198385 2497 3257 8455 8596 25091 62567 12779 2914 48526 1836 29140 6695 41497 12637 50300 4589 3333 25220 8607 6453 286 12654
15605
37640 6939
4589
20612 6939
16735 6939
24482 6939
8607
53067 6939
202032 6939
12654 47872 6939 20764
31122
263651 6939
22652 6939
553 6939
57381 6939
6720
29075 20764
29608 20764
58299 6939
1273 6939
198385
51405 20764
1916 28571 6939
286
52720 6939
62567
37989
25160 6939
34288 6939
43100 20764
6881 6939
8426 6939
1836
29140
513 21320
262757 6939
12637
15547 6939
2613 20764
28571
6453
59891 6939
25152 3257
6667
34781 6939
8758
28917 20764
3257
37468
196621 6939
8596
25091
35369
9304 6939
198249 6939
50620 6939
6762 6939
263152 6939
20764 47872 59689 3356 34019
47872 41722
50304 6939
25220
23106 6939
21320 6939
31424 6939
263075 6939
3333
19151 6939
22548 6939
64396 6939
8218 6939
2497
29636 6939
8763 6939
15435 6939
57821 6939
49605
52863 6939
202194 6939
48526
3356 3549
30844
12779
6939 7575 264911 37497 262317 14061 5396 2857 7018 53070 13030
8455
9189 6695
3549
37497
8928
34019
262317
2914
7575
264911
53070
6695
14061
59689
41497
50300
5396
41722
2857
7018
13030
