#src/zombie.py
# GMT Mon Oct  1 08:12:45 2018
# 
52720 6939
6894 9002
10429 53070 12956
29680 9002
266534 18881
6667 9002
5396 9002
49605 9002
51185 6939
30844 20764
6881 3257
14907 6939
196621 9002
41095 3356 12654 22356 52320 20562 16735 13030 22652 8426 45896 12859
50304 6939
63297 6939 395152
8218 9002
28329 263321 2914
263584 263321
13760 20764
3356 1280 6762 7018 35054 3549
205206 6939
52320 52863
20562
28634 22356
16735 262757
57111 6939
21232 9002
25220 20764
51405 20764
1916 6939 52888
29222 6939
3257 9002
2497 9002 4777
513 21320
35699 9002
202194 6939
64050 4766
28220 12956 28220
5392 6939
38001 6939
263075 6939
35054
40191 9002 395766
3333 20764
2613 20764
50300 9002
264911 6939
20080 6939
53067 6939
34288 20764
50763 20764
1853 9002 6720
12307 6939
30132 9002
7018
49463 6939
23106 9002
263321
4608 6939
50877 6939
29608 20764
29691 6939
14061 6939
262317 6939
4766 20764
37468 20764
6762
263508 6939
35369 6939
59414 9002
395152
8607 9002
198249 13030
31742 6939
198385 6939
15547 20764
202032 6939
198290 20764
22652
6453 9002
59891 6939
29140 20764
52873 6939
43578 6939
37271 9002
47692 9002
262757
16347 20764
13030
263152 6939
45896
21320 9002
58299 6939
28917 20764
680 9002
39351 20764
29686 3252
6939 34019 7575 34549 20764 37497 64463 25933 37640 25152 25160 327960 24482 8896 28929 29504 57821
52863
7575
20764 59689 49375 8222 20932 34177 56730 12654 29075 8283 47147 39122
15605 9002
25933
13237 9002
3491 9002
29075
1103 9002
34549
286 9002
8455 9002
8283
3549
9044 9002 20612
41722 12654 2895
15435 9002
37497
18881 12956
47147
41497 9002
1836 9002
25152
9304 9002
59689
28929
49375
12956 9002
8222
12350 9002
37640
34177
12859
52888
3252 12654
8758 9002
15562 2914
25160
31424 9002
6720
2914 9002
56730
12637 9002
22356
2895
12654 25091 9002
20932
4777
25091
327960
53070
48526 9002
24482
64463
19151 9002
1280
12779 9002
34019
8896
20612
395766
9002 553
29504
553
39122
8426
57821
