#src/zombie.py
# GMT Mon Oct  1 05:24:14 2018
# 
29691 6939
328206 6939
49605 6939
59689 6939
34288 6939
262317 6939
29636 13030
15605 6939
553 13030
29075 6939
202032 6939
3333 6939
1103 47692
52720 6939
20612 6939
16347 13030
2857 13030
8426 6939
31025 12586 13030
3491 6939
22652 13030
34019 6939
20764 6939
3356 47692 3549
29608 6939
680 47147
20080 6939
3549 263702
9002 41722 6939
20495 13030
15547 13030
2914 15562 198290 47147
50304 6939
56730 6939
6939 50763 198385 37271 39351 8218 12779 31424 64463 24482 6667 263152 23106 57381 37239 22356 12637 8283 50620 12307 4844 50877 6881 7018 264911 37640 263075 202194 37468 41497 1916 8455 53067 8896 25152 12859 49463 22548 53070 21232 19151 29504 6762 7575 30844 12654 198249 25160 38001 2497 16735 29680 1273 59891 513 1280 51405 59414 2613 263508 5396 52320 1836 58299 28917
20932 13030
202194
12637
8455
53067
47692 29140 29686 12654 6453
25220 13030
8896
25152
59891
49463
15435 13030
51405
29504
7018
15562
52888 1916
12654 35369 47147 13030
6881
198249
1273
31122 13030
38001
31424
39351
29680
513
19151
8607 13030
47147 39122 57111 286
37640
5396
22356 28634
48526 13030
4777 2497
28917
263702
12779
196621 8758
9304 13030
1280
37271
263075
37468
264911
59414
6667
263152
23106
50877
37239
24482
25091 13030
6762
8283
8218
12307
3257 6453
262757 16735
4844 37989
198290
6453
8758 13030
64463
50300 13030
198385
41497
13030 31742 2497 14061
50620
12586 57821 12586
29686
28571 1916
50763
12859
22548
53070
21232
57381
28634
7575
30844
286
39122
52863 52320
2497
16735
37989
41722
57821
31742
1916
29140
57111
14061
2613
263508
52320
1836
35369
58299
25160
