#src/zombie.py
# GMT Mon Oct  1 04:08:38 2018
# 
29691 6939
328206 6939
49605 6939
59689 6939
6720 1853
60501 6939
12637 6939
262317 6939
266534 6939
29636 6939
15605 6939
14907 1273
264911 6939
202032 6939
3333 6939
52888 1916
6894 6939
20612 6939
16347 6939
2857 6939
8426 6939
3491 6939
22652 6939
34019 6939
20764 6939
3356 3549 6939
29608 6939
680 6939
20080 6939
3549 263702
9002 6939
20495 6939
15547 6939
2914 15562 19151
50304 6939
56730 6939
6939 553 263075 6881 37271 286 20932 202194 50763 8455 53067 47692 205206 50877 25152 59891 49463 34549 15435 51405 29504 7018 1103 12654 198249 31122 38001 29680 513 52873 8607 47147 37640 5396 206356 29075 50300 28917 12779 1280 15576 52720 31424 24482 35266 6667 263152 23106 37239 25220 25091 8283 50620 8218 12307 262757 4844 48526 39351 6453 64463 6762 198385 8896 41497 1853 29686 12859 22548 21232 57381 28634 7575 34288 30844 6939 39122 2497 16735 41722 57821 31742 1916 29140 59414 14061 2613 263508 52320 1836 35369 58299 6661 25160
20932
202194
50763
8455
53067
47692
25220
50877
25152 3257 12654 19151 1273
59891
49463
34549
15435
51405
29504
7018
15562
1103
12654
6881
198249
29680
31122
38001
39351
1273 13030
513
52873
8607
47147
37640
5396
206356
48526
50300
4777 2497
28917
263702
12779
196621 15576
1916 28571
37271
263075
15576
52720
31424
59414
35266
6667
263152
23106
29075
37239
19151 174
25091
8283
50620
8218
12307
3257
262757
4844 37989
553
198290 6661
6453
205206
64463
6762
198385
8896
41497
13030
1853
29686
28571
24482
12859
22548
21232
57381
28634
7575
34288
30844
174 57111
286
39122
52863 52320
2497
16735
37989
41722
57821
31742
1280
29140
57111
14061
2613
263508
52320
1836
35369
58299
6661
25160
