#src/zombie.py
# GMT Fri Sep 28 20:35:39 2018
# 
59891 51395
28138 16735
16735 2914 12956
3549 52720 22548 6762 25933 45896 47872
6453 36937 9002
513 21320
50300 9002
56730 20764
1280 3356
24611 6661 51405
15435 9002
31122 9002
30844 20764
58299 13030
1103 9002
34288 20764
12859 9002
26615 16397 6762
31424 9002
21320 9002
202194 13030
29222 3303
12586 57821 9002
8455 9002
15605 20764
7575 6762
12956 7738 47872 59689 10429
9304 9002
12779 9002
9002 680 12654 3356 6720 25160 29075 20562 12350 196621 1853 51185 3257 8468 48526 47872 1136 14361 19151 1836 2497 62567 8607 8596 29686 4637 51395 8218 5396 57866 37271 13030 5392 13237 8758 20080 2914 41497 4230 8426 286 4589 30132 3491
1136 3333
14361
19151
3303 12654 15576
4777 2497
8607
7018 3356
58308 29075
50620 174
2914 35699 1916 198290
12637 20764
57118 29691
14061 3356
20932 20764
2613 6893
10429 53070
5396
4608 1221
50763 20764
20764 34781 28917 3252 34019 12654 2895 42708 6661 20764 6695 25220 39821 25091 29140 50304 37497 34177 174 15547 16347 49463 198385
8283 57866
198385
13030 198249
13237
8758
22652 3356
51395
62567
6762 28220 28329 47872 52863
35699
25091 6893
8426
50304
37497
34177
174 64396
28329
59689
49605 47872
25152 3257
30132
6893
28220
15576 29691
28917
41095 3356
4637 1221
16397 263075
12654 12654 47872
3356 29608 3257 8222 35054 47872
6720
29691
263584 263321
8222
15547
3491
198290
20562
12350
196621
1853
263075
64396
37239 36937
9189 6695
3257 6667 29680
29075
20080
7738 263321
48526
680 553
47872 24482
57821
22548
57381 42708
1836 20612
2497
4230 262757
8596
49463
51185
29686
29608
34781
6661
3252
45896
34019
16347
3333
2895
1221
42708
8218
57866
53070
6695
37271 327995
198249
1916
5392
29680
24482
8468
327995
41497
25220
36937
263321
39821
52720
20612
29140
51405
25160
35054
553
286
4589
25933
6667
262757
52863
