#src/zombie.py
# GMT Mon Oct  1 08:13:08 2018
# 
3257 174
198249 13030
3356 7018 2914 20764 1280 680 6453
57118 6939
6881 6939
25091 12654
9002 20764
28917 20764
12654 20764
6762 6939
513 21320
50300 20764
15605 12874
1103 20764 3333
8426 6939
47872 20764
52863 6939
8758 6939
57821 6939
8763 6939
48166 20764
9304 6939
57381 50304
50304 20764
59891 6939
2914
202194 6939
286 6939
52720 6939
8447 20764 6720
37271 6939
8455 20764
6939 64396 263152 16735 14061 19151 2497 31424 28571 8928 29680 8283 24482 31122 37239 15547 7575 1853 29636 262757 8607 4844 29691 2857 58299 49463 51405 53070 1273 196621 21320 41497 62567 8596 56730 59689 29608 2613 264911 263075 5396 20080 202032 25152 6695 28329 22652 1916 15435 37640 25160 263674 20764 198385 262317 50620 34781
59689
29608
50763 20764
13030 20764 35369
263075
5396
20080
202032
34019 20764
28329
22652
1280
7018
553 680
263674
6661 20764 198290
19151
35369
29140 20764
49463
29686 20764
263152
16735
1916
37989 4844
34288 20764
6453
12874 20764
174 20764
28571
8928
1273
49605 20764
29680
1836 20764 20612
8283
16347 20764
6667 20764
21320
31122
37239
15547
7575
1853
4589 20764
25220 20764
198290
29636
20932 20764
262757
62567
4844
2857
58299
64396
51405
53070
30844 20764
196621
3333
41497
8607
20612
31424
12779 20764
680
29075 20764
56730
2497
24482
2613
264911
12859 20764
8218 20764
25152
6695 9189
8596
262317
42708 20764
14061
15435
9189
37640
25160
50620
20764 48526
198385
6720
29691
48526
34781
