#src/zombie.py
# GMT Mon Oct  1 08:11:27 2018
# 
6881 6939
29680 9002
6667 9002
57111 20764
4844 6939 37989
30844 9002
21232 6939
196621 8758
28571 1251
50304 9002 57381
1273 9002
8218 9002
262757 6939
3356 1280 9002
29636 9002
34019 20764
16735 9002
5396 6939
50620 6939
25220 9002
1916 6939 52888
3257 9002 25152
57381
513 6939
41722 9002
202194 9002
328206 6939
38001 6939
263075 6939
2914 9002 15562
25091 9002
50300 9002
264911 6939
31424 9002
22652 9002
50763 20764
34288 9002
52720 6939
4777 2497
12307 9002
49605 9002
7018 6453
49463 20764
23106 6939
51405 20764
50877 6939
3333 20764
29691 9002
37271 9002
28634 6939
262317 6939
37468 9002
6762 6939
263508 6939
47692 9002
8607 9002
198249 9002
198385 20764
15547 20764
202032 6939
198290 20764
48526 9002
6453 9002
6720 9002
52873 6939
20495 20764
39122 9002
680 9002
29140 9002
16347 20764
13030 9002 35369
263152 6939
45896 9002
2613 20764
14061 9002
58299 9002
28917 20764
59891 9002
39351 20764
29686 20764
6939 37640 53067 15435 1251 7575 20764 20080 3491 22548 553 31742 53070 8896 37239 29504 8426 57821
37989
7575
20764 59689 12859 9002 12654 1103 8455 8283 29608 47147
20080
3491
29075 9002
1103
286 9002
8455
8283
15435
15605 9002
47147
41497 9002
1836 9002
553
9304 9002
59689
2857 9002
29608
25152
37640
2497 9002
12859
52888
35369
8758 9002
15562
25160 9002
31122 9002
1251
56730 9002
12637 9002
31742
12654 9002
20932 9002
22548
12779 9002
53067
53070
37239
24482 9002
64463 9002
19151 9002
1280
8896
20612 9002
9002 59414
29504
59414
8426
57821
