#src/zombie.py
# GMT Fri Sep 28 19:28:35 2018
# 
14361 2603
29686 5413
35054 3303
680 20965
196621 15576
37239 37468
28220 12956
37497 1103
12779 12654
2613 6893
29076 2895 12859
30844 12859
57381 42708
5413 23106 41095 8468 29140 37468 42708 6661 4637 8220 8447 31424 8607 50300 1764 16347 12637 29075 13237 20932 49463 62567 9002 12654 49605 4589 25227
19151 2603
8426 3333
25152 3257
1251 11537 52888
8220 8758
1221 4608 4637
4777 2500
6667 3333
8607
6453 5392 3257 2914
56730 1103
202194 6939
9189 6695
262757 16735
29608 3356
25220 12859
20612 1836
58308 29075
24490 7575 20965
12586 57821 31025
22388 7660 11537
13237
15547 8455
31424
31025 12859
2603 31122 50304 553 1103 20080 16735 25160 3491
12654 20562 3333 1103 12859 12956 6730 6939 8455
3303 15576 8455
59689 30781
25227
29691 6730
23106
1103 25091 20965 286 11537 3333 15435 8218 3257 37100 30781 37271 513
16347
45896 3356
51185 12859
8468
11537 1916
28917 8455
1836 12859
22548 16735
37468
15435
50304
64396 174
15576
1764 8596
8447 6720
15605 12859
29680 3257
3491
10429 12956 53070
7738 8167 12956 263321
2895
3252 12859
7660 2500
263584 263321
20965
12350 8455
6695 12859
20932
198385 12859
59891 51395
28329 6762
20080
12859 8222 34177 2914 34019 34288 24482 34781
8222
2500 2500
4589
24611 51405 6661
6893 6730
1299 1280 47872 3356 8455
25091
6720
14061 2914
327782 37100 327960
286 7018 29222
29140
34781
39821 9002
2497 3257
4637
5392
37100
327960
34177
37271 327995
49463
5396 6762
50300
24785 1136 24785 20562
553
34288
29075
263321
52873 12956 52720
13030 198249 58299 8455
25160
22652 3257
25933 8167
62567
41617 9002
47872
3333 1136 6762
30781
52863 6762
48526 8455
8167
52720
7018
24482
1916
7575
174 3257 51395
34019
2914 35699 198290
51395
198249
12956
52888
58299
29222
198290
51405
20562
20764 3356
8218
35699
3356 3549
42708
6939
12637
41497 3257
327995
57821
8596
513
6730
6762
8758
53070
8455 9304 3257
1280
31122
9304
3257
3549
9002
1136
49605
6661
16735
41095
4608
