#src/zombie.py
# GMT Fri Sep 28 20:35:47 2018
# 
29608 6939
6881 6939
59891 6939
196621 6939
37239 6939
202032 6939
37989 4844
2613 6939
30844 20764
50300 20764
25152 6939
6667 20764
8607 6939
6453 3356
262757 6939
12637 20764
25220 20764
20612 6939
9189 6695
37640 6939
15547 6939
6695 6939
34781 6939
16347 20764
12654 20764 25091
50763 20764
64396 6939
59689 6939
264911 6939
49605 20764
15605 3356
23106 52320
1103 20764
35369 13030
37497 6939
28917 20764
198290 6661
22548 6939
15435 6939
50304 20764
29686 20764
680 6939
8447 20764 6720
57821 6939
29680 6939
21320 6939 513
53067 6939
8928 6939
57866 20764 8283
1916 6939
262317 6939
8763 6939
29636 6939
28329 3549
20080 6939
12859 20764
1836 20764
513
4589 20764
25091
6720
14061 6939
286 6939
29140 20764
553 6939
20932 20764
31424 6939
198385 6939
8426 6939
56730 6939
37271 6939
49463 6939
5396 6939
202194 6939
7575 6939
34288 20764
29075 20764
1257 20764 3333
13030 20764
25160 6939
198249 6939
57381 6939
62567 20764
41617 20764
47872 20764
3333
52863 6939
48526 20764
7018 6939
24482 20764
1273 6939
174 20764 3257 2914
34019 20764
9002 20764
22652 6939
8283
263152 6939
58299 6939
51405 6939
8596 6939
20764 6939 8218 3356 8455 12779 52320 6661
8218
3356 1280 3549
4844 6939
12779
52720 6939
52320
41497 6939
263651 6939
2857 6939
16735 6939
6762 6939
8758 6939
53070 6939
8455
1280
31122 6939
9304 6939
3257
3549
2914
6939 50620 28571 263075 19151 2497
263075
50620
19151
28571
2497
6661
