#src/zombie.py
# GMT Mon Oct  1 05:27:08 2018
# 
1916 11537
22548 3549
14061 2914
28138 16735
7018 2914
34781 25220
8447 6720 12654
12654 680 42708 2914 12713 25220 5413 6939 6830 6762 12779
25160 5413
37239 36937
24611 51405 6661
29075 25220 58308
1836 25220
5396 6762
6777 8426 5413
34288 680
8468 5413
56730 51945
263075 16397
57821 12586
3252 25220
57381 42708
7738 6762 263321
37179 5413 327984
59891 51395
12713 47872
8455 20562
174 680 64396 50620
29680 8928
34177 25220
30844 5413
50300 5413
1251 52888 20080
35054 3356
680 20965 13030 9002 29140 49605 12874 553 680 29686 13237 9044 8596 25220 48526 8218
16347 5413
8426
9044 20612
8607 5413
8758 6830 196621
2895 29076
29691 57118 6730
20965 11537 1853 1103 513 24490
3356 20764 19151 29608 25220 3549 22652
51405
52888
1853
58299 13030
7660 22388 2500
4777 2500
1221 4637 4608
6830
5413 50304 31424 28917 49463 6667 41095 30132 39326 12637 13030 9002 12859 8928 3333 20080 9304 6730 50763 6661 35699 24482
49463
39821 9002
53070 10429
286 2914
30132
19151
6453 36937 2914 6762 5392
25220 20932 198385 51185 3257 12350 29551 15547 34019 2613 31122 25091 29076 15435 20562
28220 6762
12956 6762 10429
34019
12637
13030 198249
41497 3257
29551 31025
25152 3257
12859
35699
24482
12586 31025
6720
198385
9304
36937
202194 6939
6939 51395
29076
48526
41095
50763
15435
52720 3549
37271 327995 2914
8222 1299
4608
50304
47872
20932
3549 25933 28329 6762
51185
64396
16397 26615
3491 6762
12874 15605
11537 22388
49605
29140
59689 8218
12350
51395
8596
15547
6661
28329
24490 7575
3333
26615 6762
327984
20080
22652
5392
25933
58308
51945 39326
6730
29686
263321 263584
1103
198290 2914
13237
20562
15605
20764
8218
7575
262317 10429
31424
42708
2500 2500
513
57118
4637 6762
3257 14361
12779
6667
6762 16735 1280 2914
10429
196621
2914 2497 8283 3303 1299 62567
553
39326
20612
1299
16735
198249
2497
263584
2613
31122
50620
22388
31025
8928
9002
8283
25091
29222 3303
29608
327995
3303
1280
14361
28917
62567
