#src/zombie.py
# GMT Mon Oct  1 08:12:51 2018
# 
20965 680 24490 513
286 6830
13237 6830
1103 3333 513
7575 24490
13101 12586 61157
12859 6830
3267 2895 2603
28329 6762
8758 35054
58308 59689
4777 2500
327960 327782
14361 3356
559 553 513
37271 327995 2603
16347 29075
20080 2914
12779 2603
35699 174
198290 174
263321 263584 7738
30844 21320
24490
37239 37468
327782 37100
6661 21320 24611
41722 9002
24611 51405
9002 39821 21320 41617
15605 12874
51185 2603
4589 2603
20612 35054
16735 22548 6830 262757
24482 35054
2500 2500 7660
8468 2603
20940 37497 21320
13030 513
202032 35054
12654 15547 35054 3303 513
59891 35054
34019 2603
25435 35054
29686 2603
49605 35054
31424 35054
20764 174
57381 42708
6720 6830
29075 6830
2895
29608 3356
58299 35054
198385 35054
3252 2603
51405
22388 7660 11537
41617
25074 2603 9189
62567 6453
25160 2603
41095 6830
37497
37468 2603
43100 35054
5392 174
8426 2603
1836 35054
12874 3303
8222 3320
39821
8943 1299 50763
513 513 6830 21320 2603 174 293 25091
6830 2914 2497 59689 3356 61157 3320
4608 1221
12637 174
3491 174
12350 35054
29691 35054
15547
61157
53070 10429
6453 174
12586 57821
1299 174
25152 6939
6667 2603
34781 35054
263584
1764 8596 35054
1916 52888 11537
22652 174
4637 1221 174
2603 15435 28917 8607 48526 34177 42708 39326 50304 29140 25220 21320 37100
30132 21320
196621 35054
8596
3257 174
12956 28220 52873 174 10429
2613 6893
25091 6893
7738 3320
45896 174
9304 174
25933 3549
6762 174 5396 52863
6893
49463 8218
15435
52873 52720
47872 3356
28220
680
25220
34177
1280 293
23106 10429
21320 31133 8455
198249 35054
37100
327995
3333
19151 174
22548
553
64396 35054
8218 35054
202194 35054
57821
1221
29680 174
52863
8607
48526
3356 3549 174
11537 293
7660
174 2914 41497 50300 7018
31133 25227
6939 35054
293
42708
9189
3549
50763
3320
52720
56730 51945
2914 14061
50304
2497
35054 34288
3303
262757
14061
59689
41497
51945 39326
50300
52888
5396
29140
34288
39326
7018
25227
10429
28917
8455
