#src/zombie.py
# GMT Mon Oct  1 04:49:54 2018
# 
1916 19151
22548 16735
14061 19151
7018 174
34781 13030
59891 51395
12654 6939 25152
53070 10429
2603 19151 1103
553 680
24611 51405 6661
29075 174
1836 174
5396 3257
8426 3356
34288 6939
8468 3549
25220 3257
20932 3356
2613 6893
25933 3549
7738 3257 263321
16735 262757 28138 25152
8455 3257
57821 12586
34177 3356
30844 6939
6893 174
51185 174
35054 3356
45896 174
16347 174
56730 51945
37239 36937
174 12637 50304 198385 49463 25160 12779 6762 19151 2914 12350 3252 50620 24482 64396 3491 5392 3267 51945 198290 6661 35699 15605
8607 3356
8758 6830
2895 3267
48526 19151
8422 3356 9189
20764 3356
51405
1853 6720 1764
263321 263584
4777 2497
1221 4637 4608
6830 19151
29608 3356
49463
39821 9002
25160
286 1136 19151
1764 3257
19151 3356 43531 4637 13030 4589 6667 41095 19151 6461 7575 2497 25152 9002 9304 6730 62567 1280 14361
9044 20612 3257
6453 3356 36937
6461 8218
28220 6762
9189
12956 3356 10429
52720 3549
12637
13030 198249 58299
41497 3257
25152 6939 20080 3257
12859 3257
35699
8222 3356
64396
9304
36937
6939 30132 202194 51395
202194
29691 57118 15576
41095
50300 5580
5580 3257
15435 3257
37271 327995 3257
24482
4608
50304 57381
8943 2914 50763
262757
52863 6762
3549 3356
43531 8596
6720
3491
13237 3257
31424 3257
29140 3257
59689 8218
12350
51395
8596
15547 3356
6661
28329 6762
29680 3257
9002
12586 3257
20080
22652 3257
5392
57381
58308 3356
51945
6730 513 6730
29686 3257
58299
1103
198290
28138
50763
15605
8218
3252
327995
49605 3257
513
57118
4637
4589
3257 31122 15576
12779
1136 3333
6667
29222 3356
10429
3356 47872 1299 6762 3356 2914 8283 25091 680
2914
196621 15576
20612
1299 28917
7575
198249
2497
263584
31122
50620
680
198385
3333
8283
47872
25091
3267
6762
15576
30132
1280
14361
28917
62567
