#src/zombie.py
# GMT Fri Sep 28 15:28:35 2018
# 
28138 16735
3549 35054 52720 3356 25933
14361 6830
513 559 3320 12654 20965 13030 513 10764 25091 2603 6730 6830 1103 21320
50300 3356
56730 51945
1280 3320
15435 6830
262757 16735
30844 21320
58299 35054
2500 2500 7660 4777
6730 35054 6730
1221 4608 4637
22388 7660 11537
9304 174
9002 35054 39821
6453 3320 62567 6830 36937 5392
13101 2603 12586
62567
8607 2603
7018 3320
1836 35054
14061 3356
20932 3356
2613 6893
34288 35054
5396 6762
6661 24611 198290 21320
2603 29686 3267 28917 3252 39326 8283 8426 37271 42708 20562 21320 25220 8468 12779 48526 29140 25160 50304 51185 34177 34019 31122 6667
202032 35054
12874 15605 3303
8758 35054
26615 16397 6762
35699 2914
9189 6830
59689 6830
49605 35054
25152 6939
553 559
29075 16347 6830
3267 2895
28917
16397 263075
41095 6830
3356 29608 3320 6830
6720 6830
8222 3320
15547 35054
198290
20562
1853 20965
64396 35054
37239 36937
327995 37271
3257 22652 6830 12637 29680
15605
34177
48526
6939 35054
47872 12956
2497 6830
202194 35054
49463 8218
198385 35054
29686
29608
3252
45896 174
34019
16347
2895
24611 51405
28329 6762
10764 11537
29680
36937
263321 263584 7738
39821
3216 20764 21320
34781 35054
263584
43100 35054
37271
51945 39326
16735 6830 22548
35054 59891 57118 12654 29691 8218 198249 198545 24482 12350 196621 43531 20612 31424
8283
31122
3491 6830
1103 3333
263075
12859 6830
21320 8455 30132
12586 57821
8455
29140
7575 24490
12956 6830 10429
51185
7660
19151 6830
58308 29152
4777
12654 3303
3303
50620 174
4637 3320
12637
559
57118
12779
39326
4608
25220
20764
24490 20965
13030
5392
13237 6830
6762 28220 20080 3320 6830 52863
25091 6893
8426
50304
286 6830
174 41497 6830
43531 8596
6667
20612
30132
6893
28220
680 20965
31424
29691
20965 27750
12350
196621
27750 1916
8468
8943 1299 50763
57821
22548
57381 42708
11537
22652
6830 2914 4589
8596
25933
42708
8218
53070 10429
198249
1916
10429
198545 29152
24482
20080
2914
41497
59891
52720
3320 7738 1299
7738
51405
25160
50763
4589
3333
1299
52863
29152
