#src/zombie.py
# GMT Mon Oct  1 06:03:54 2018
# 
1916 11537
22548 3549
14061 2914
28138 16735
7018 2914
34781 25220
8447 6720 12654
12654 680 42708 2914 6830 5413 6939 25220 6762 12779
25160 5413
37239 36937
24611 3356 51405
29075 58308 5413
30844 6939
5396 6762
39326 5413 51945
34288 25220
8468 5413
56730 51945
20932 25220
2613 25220
57381 42708
7738 6762 263321
16735 262757 2914
59891 51395
8455 20562
174 680 64396 50620
29680 3257
34177 25220
1836 25220
50300 5413
35054 3356
680 20965 9002 8426 49605 680 553 9044 8596 48526 8218
3252 25220
9044 20612
16347 5413
8758 6830 196621
2895 3267
29691 57118 6730
20965 11537 1853 1103 513 24490
3356 20764 6762 19151 29608 25220 3549 22652
51405
57821 12586
1853
263321 263584
7660 22388 2500
4777 2500
1221 4637 4608
6830
5413 50304 31424 49463 6667 41095 13237 15547 8607 12637 13030 3333 12859 24482 20080 9304 3267 6730 28917 50763 30132
49463
39821 9002
53070 10429
286 2914
30132
19151
6453 36937 2914 6762 5392
25220 29551 31122 198385 51185 25091 15605 3257 12350 15435 20562 1299 34019
28220 6762
12956 6762 10429
34019
12637
13030 198249 58299 2914
41497 3257
25152 3257
12859
35699 2914
24482
12586 31025
6720
9304
36937
6939 51395 47872 202194
202194
48526
41095
50763
15435
52720 3549
37271 327995 2914
4608
58308
50304
47872
262757
52863 4809
3549 25933 6762
51185
8426
16397 263075 26615
3491 2914
12350
49605
59689 8218
11537 22388
51395
8596
15547
53067 10429
28329 6762
24490 7575
3333
26615 6762
20080
22652
5392
25933
263075
51945
6730
58299
1103
198290 2914
13237
20562
15605
20764
8218
7575
29551 31025
31424
42708
2500 2500
513
57118
4637 6762
3257 14361
12779
6667
4809 1299
6762 1280
10429
196621
2914 2497 8283 3303 62567
553
64396
20612
1299
8607
198249
2497
263584
31122
50620
22388
31025
198385
9002
8283
25091
3267
29222 3303
29608
327995
3303
1280
14361
28917
62567
