#src/zombie.py
# GMT Mon Oct  1 04:05:00 2018
# 
14061 19151
7018 3356
34781 13030
59891 51395
12654 6939 25152
25160 174
2603 19151 1103
24611 51405 6661
29075 174
1836 174
8426 3356
34288 6939
8468 3549
25220 3257
2613 6893
8455 3257
57821 12586
34177 3356
30844 6939
50300 5580
6893 174
35054 3356
680 553 3356
3252 174
6730 513 6730 19151
16347 174
8758 6830
2895 3267
48526 19151
8422 3356 9189
20764 3356
51405
1853 6720 1764
28917 1299
4777 2497
1221 4637 4608
6830 19151
29608 3356
49463 174
13030 198249 19151 58299
9189
286 1136 19151
30132 6939
19151 3356 43531 4637 2497 4589 6667 41095 19151 6461 7575 25152 9002 9304 174 62567 1280 14361
9044 20612 3257
6453 3356 36937
6461 8218
37239 36937
39821 9002
25152 6939 20080 3257
12859 3257
35699 174
8222 3356
6720
9304
36937
6939 202194 51395
202194
29691 57118 15576
50763 8943
5580 3257
15435 3257
37271 327995 3257
24482 43531
4608
50304 57381 174
8943 2914
20932 3356
3549 3356
43531 8596
64396 174
3491 174
12350 174
31424 3257
29140 3257
59689 8218
13237 3257
51395
8596
15547 3356
6661 174
29680 3257
9002
12586 3257
20080
22652 3257
56730 51945
57381
58308 3356
51945 174
174 198385 12779 45896 2914 50620 3267 198290
29686 3257
58299
1103
198290
8218
7575
327995
45896
513
57118
4637
3356 3356 47872 1299 29222 2914 6762 8607 8283 25091
4589
3257 31122 49605 1764 15576
12779
1136 3333
6667
41095
196621 15576
2914
553
20612
1299
6762
8607
198249
2497
49605
31122
50620
198385
3333
8283
47872
25091
3267
29222
15576
1764
1280
14361
62567
