#src/zombie.py
# GMT Mon Oct  1 04:06:13 2018
# 
1916 11537
22548 3549
14061 2914
28138 16735
7018 2914
34781 25220
39326 5413 51945
8447 6720 12654
12654 680 42708 2914 12713 25220 5413 6939 6830 6762 12779
7575 24490
25160 25220
37239 36937
24611 51405 6661
29075 25220 58308
30844 5413
5396 6762
6777 8426 25220
34288 25220
8468 5413
56730 51945
57821 12586
2613 6893
57381 42708
7738 6762 263321
37179 25220 327984
59891 51395
12713 47872
8455 20562
29680 3257
34177 25220
1836 25220 20612
50300 5413
6893 25091
51185 25220
35054 3356
680 20965 9002 49605 12874 13237 680 174 553 8596 48526 8218
16347 25220
6730 5413 29691
8607 5413
8758 6830 196621
2895 29076
29691 57118
20965 11537 1853 1103 513 24490
20764 3356
51405
52888 1251
1853
263321 263584
7660 22388 2500
327984
1221 4637 4608
6830
5413 13030 3333 4589 6667 41095
49463 25220
39821 9002
53070 10429
29551 31025 25220
286 2914
30132 25220
19151 3356
6453 36937 6762 2914
25220 3356 50304 31424 20932 198385 3257 12637 34019 12350 15547 6661 3252 31122 12859 24482 20080 25091 9304 29076 28917 50763 15435 20562
28220 6762
12956 6762 10429
52720 3549
12637
13030 198249 58299
41497 3257
28329 3549
25152 3257
12859
35699 2914
24482
6720
9304
36937
49605
29076
48526
41095
50763
15435
37271 327995 2914
4608
50304
47872
20932
3549 3356 6762
3356 6762 29608 22652
8426
3491 6762
202194 6939
11537 22388
34019
31424
6939 51395
59689 8218
12350
51395
8596
15547
6661
28917
24490
3333
12586 31025
4777 2500
20080 1251
22652
5392 174
25933 6762
58308
51945
174 50620 64396
58299
1103
1251
198290 2914
13237
20562
15605 12874
8218
3252
262317 10429
327995
42708
2500 2500
513
57118
4637 6762
4589
3257 14361
12779
6667
6762 6762 1280
10429
196621
2914 2497 16735 8283 3303 62567
553
64396
20612
16735
198249
2497
263584
31122
50620
22388
31025
198385
9002
8283
25091
29222 3303
29608
3303
1280
14361
12874
62567
