#src/zombie.py
# GMT Mon Oct  1 05:36:34 2018
# 
57821 12586
1916 11537
22548 3549
14061 2914
7018 2914
34781 25220
8447 6720 12654
2914 12637 2497 16735 286 8455 8283 3491 198290 3303 12654 6453 37271 35699 13030 62567
25160 5413
37239 36937
24611 51405 6661
29075 58308 5413
30844 5413
5396 6762
34288 25220
8468 5413
56730 51945
20932 25220
3252 25220
57381 42708
7738 6762 263321
16735 28138 262757
59891 51395
8455
29680 3257
34177 25220
1836 25220 20612
28138
6893 2613 25091
35054 3356
680 20965 9002 8426 49605 553 680 174 12654 13237 8596 48526 8218
24490 7575 20965
6730 5413 29691
16347 5413
8758 6830 196621
2895 3267
29691 57118
20965 11537 1853 1103 513
3356 20764 6762 19151 29608 25220 3549 22652
51405
6939 51395 202194 12654
1853
263321 263584
7660 22388 2500
4777 2500
1221 4637 4608
6830 12654
5413 50304 31424 28917 49463 6667 41095 30132 12654 39326 15547 8607 13030 3333 12859 50300 24482 20080 9304 3267 50763 6661
49463
39821 9002
53070 10429
286
30132
19151
6453 36937 6762
25220 29551 31122 198385 15605 3257 25091 51185 34019 12654 12350 15435 20562 1299
28220 6762
12956 6762 10429
34019
12637
13030 198249 58299
41497 3257
25152 3257
12859
35699
8222 1299
64396 174
9304
36937
49605
202194
48526
41095
50300
15435
52720 3549
37271 327995
24482
4608
50304
47872 6762
262757
52863 6762
50763
3549 25933 6762
51185
8426
16397 263075 26615
3491
11537 22388
31424
59689 8218
12350
51395
25091
15547
2497
53067 10429
28329 6762
8596
3333
6720
12586 31025
20080
22652
5392 174
25933
513
51945 39326
174 50620
58299
1103
198290
13237
20562
15605
20764
8218
7575
29551 31025
327995
42708 12654
2500 2500
263075
57118
4637 6762
3257 14361
12779 12654
6667
6762 26615 12654 1280
10429
196621
12654
553
39326
20612
1299
8607
198249
58308
263584
2613
31122
50620
22388
31025
198385
9002
8283
26615
3267
29222 3303
6661
29608
3303
1280
14361
28917
62567
