#src/zombie.py
# GMT Mon Oct  1 04:20:06 2018
# 
1916 11537
22548 3549
14061 2914
7018 2914
34781 25220
59891 51395
12654 680 42708 2914 25220 5413 6939 6830 6762 12779
25160 5413
37239 36937
24611 51405 6661
29075 58308 5413
1836 25220 20612
5396 6762
34288 25220
8468 5413
56730 51945
263075 16397
20932 25220
2613 25220
57381 42708
7738 6762 263321
16735 28138 6762 262757
8455 20562
57821 12586
34177 25220
30844 5413
51185 25220
35054 3356
680 20965 13030 9002 8426 49605 680 174 553 29140 48526 8218
16347 5413
51945 39326
8607 5413
8758 6830 196621
2895 3267
48526
20965 513 11537 24490 1103
20764 3356
51405
263321 263584
7660 22388 2500
4777 2500
1221 4637 4608
6830
5413 50304 31424 49463 6667 41095 39326 15547 12637 13030 3333 12859 50300 24482 20080 9304 3267 6730 28917 50763 30132 6661
49463
13030 198249 58299 2914
53070 10429
286 2914
30132
19151 3356
6453 36937 2914 6762 5392
25220 3252 3356 29551 31122 198385 25091 15605 34019 3257 12350 15435 20562 1299
28220 6762
12956 6762 10429
52720 3549
12637
39821 9002
41497 3257
29551 31025
25152 3257
12859
35699 2914
24482
64396 174
9304
36937
6939 51395 47872 202194
202194
29691 57118 6730
50300
15435
37271 327995 2914
4608
50304
47872
262757
52863 4809
50763
3549 25933 3356 6762
3356 29608 22652
8426
16397 26615
3491 2914
11537 22388
34019
49605
29140
59689 8218
12350
51395
24490 7575
15547
6661
28917
29680 3257
3333
6730
26615 6762
20080
22652
5392
25933
58308
174 50620
58299
1103
29222 3303
198290 2914
28138
20562
15605
8218
3252
262317 10429
31424
42708
2500 2500
513
57118
4637 6762
28329 6762
3257 14361
12779
6667
4809 1299
6762 1280 2914
10429
196621
2914 2497 8283 3303 62567
553
39326
20612
1299
7575
198249
2497
263584
31122
50620
22388
31025 12586
198385
9002
8283
25091
3267
41095
29608
327995
3303
1280
14361
12586
62567
