#src/zombie.py
# GMT Mon Oct  1 04:32:56 2018
# 
52873 52720 12956
1916 11537
22548 16735
14061 2914
7018 286
34781 12859
8447 12859 6720
12654 6939 6730 3333 12859 8455 5413 1103 12779 12956
53070 10429
2603 13030 50304 16735 31122 1103 553 2497 14361 20080 3491 25160
47872 12956
29075 58308 5413
1836 20612 3333
5396 6762
34288 12859
8468 5413
56730 1103
20932 12859
7575 24490
25933 3549
28220 12956
16735 262757 28138
59891 51395
8455 3216 9304 13030 28917 3303 1299 48526 15547
29680 3257
34177 12859
30844 5413
6893 2613 6730
51185 12859
35054 3303
680 20965
3252 12859
6730 29691
16347 5413
8758 15576
2895 29076
29691 57118
20965 11537 24490 1853 1103
3356 286 29608 1299 3549
51405 24611
57821 12586
1853
263321 263584 7738
7660 22388 2500
4777 2500
1221 4637 4608
16397 263075 26615
5413 12637 31424 42708 9002 8426 49605 4637 49463 4589 50300 41095 29686 13237 29140 6661 8607
49463
39821 9002
25160
286 29222 19151 1103 6453
45896 174
6453 36937 2914 5392
25220 12859
37239 36937
9189 6695
12956 10429 7738
34019 12859
12637
13030 198249 58299
41497 3257
28329 6762
25152 3257
12859 198385 31025 8222 15605 43531 29076 2914 6695
35699 2914
8222
6720
37497 1103
53067 10429
36937
49605
29076
48526
41095
50300
15435 1103
52720
37271 327995 1103
24482 1103
4608
6695
50304
24611 6661
262757
52863 6762
3549
43531 8596
8426
19151
3491
12350 1103
31424
29140
59689 8218
13237
51395 6939
8596
15547
2497
9304
28917
24490
7738
3333 6667 6762
26615 6762
20080
22652 3257
5392
57381 42708
263075
6939 202194
174 50620 64396 3257 2914
29686
58299
1103 513 3257 25091 8218
198290 2914
28138
6661
15605
20764 3216
8218
198385
202194
327995
42708
2500 2500
513
3216
57118
4637
4589
3257
12779
6667
11537 22388
29222
10429
196621 15576
2914
553
64396
20612
1299 1280 62567
8607
198249
58308
263584
2613
31122
50620
22388
31025 12586
9002
25091
6762
29608
15576 3303
3303
1280
14361
12586
62567
