#src/zombie.py
# GMT Mon Oct  1 08:29:11 2018
# 
3257 174
198249 13030
3356 174 14361 1299 3549 35054
57118 29691
25091 42708
29686 42708
9002 39821 42708
28220 6762
263321 7738 263584
28917 42708
12654 29608 50304
6762 28329 174 26615 5396
513 21320
25933 3549
50300 50304
26615 16397
14061 1299
15605 42708
1103 50304
1764 50304 1853
47872 50304
52863 4809
8758 196621 8220
14361
57821 12586
9304 29608
39821
50304 12637 8468 174 3333 12859 62567 51185 8447 43531 30132 8455 6939 30844 3267 13237 8220 50763 20080 52320 1836 8283 16347 6667 29140 1299 12779 2603 42708 31424 25220 20932 57381 15435 8218 20562 48526
7738 1299
4777 2497
57381
5392 174
51395 59891 13030
198385 42708
8426 29608
12637
8468
59891
2914 8607 174 2497 1299 4589
202194 6939
286 1299
52720 3549
52320 16735
8447 6720
5511 29608
8455
36937 6453 37239
34177 29608
6720
8220
29608 49463 58308 43100 34288 29075 49605 13030 12350 51405 24482 34019 31122 15547 59689 198290 2613 50620
50763
4637 174 1221
29140
13030 58299
3549
5396
20080
29691 174
41095 42708
50620
34019
1280 1299
28329
22652 174
2497
7018 1299
12586 31025
10429 12956 53070 262317
553 680
8596 43531
263075 16397
35054
20562
3491 174
64396 174
43531
327995 37271
16735 262757 28138 22548
1299 6461 37271 8222 4134
34781 42708
1916 174
31025 42708
19151 174
34288
6453 174
16397
30844
28138
15435
22548
49605
29680 174
1836 20612
8283
16347
6667
8222
4809 4134
31122
37239
15547
7575 6461
1853
4589
25220
21320 2603
198290
2895 3267
20932
262757
263584
8607
12350
58299
49463
51405
53070
174 174 41497 680 29222 12956 35699 20764
58308
43100
3333
41497
62567
20612
31424
4608 1221
680
37271
20764
12779
29222
56730 42708
3267
13237
24482
29075
2613
6461
12859
4134
25152 6939
6939
12956
262317
42708 42708 9189 25160 3252
59689
2603
9189
25160
35699
51185
3252
30132
8218
196621
48526
1221
