#src/zombie.py
# GMT Mon Oct  1 05:32:19 2018
# 
29691 13030
328206 328145
49605 6939
59689 6939
6720 1853
12637 174
262317 6939
29636 2603
15605 12874
18747 174 263702
553 6830
29075 15576 6939
202032 6939
3333 1103
52888 1916
12956 10429 6939
20612 6939
16347 6939
2857 8365
8426 2603
328145 6774
3491 174
8365 6830
22652 174
34019 2603
20764 41722 6939
3356 3549 174
29608 6453
680 20965
6774 6830
20080 6939
3549 52873
9002 21320
20495 6939
15547 12654
2914 2603 15562 4844 174 25091
50304 2603
56730 51945
6939 9304 12874 1280 12307 263075 25220 263152 37239 22356 202194 50620 49375 39351 64463 50300 198385 37468 41497 264911 53067 47692 29686 8896 25152 49463 15435 51405 51945 30844 1251 6939 38001 59891 16735 57821 31742 513 1916 263508 8607 2613 37640 52320 48526 58299 28917 29504
28634 22356
37468
8455 21320
53067
1853 20965
47692
25220
8896
25152
59891
49463
15435
51405
29504
7018 174
15562
1103 513
12654 513 25091
6881 21320
198249 13030
1273 6830
31122 2603
38001
31424 25091
39351
29680 174
2603 8943 24482 8283 21320 12859 6667 29140 12779 37271 25160 286
8943 50763
21320 20965 6661 513 8218
52873
8607
6762 174
37640
1251 28571
28571
22356
48526
4777 2497
28917
263702
12779
513 6830 513 174 13030 25091 20965
196621 15576
9304
1280
37271
263075
6830 39122 2497 47147 1836 6453
15576
50763
264911
59414 13030
6667
263152
23106 52320
50877 174
37239
19151 174
25091
8283
50620
8218
12307
49375
3257 174
262757 16735
4844 37989
47147
198290 6661
6453 6453 174 14061
64463
50300
198385
41497
13030 21232 34288 35369
20965 24490
29686
24482
12859
202194
53070 10429
21232
51945
7575 24490
34288
30844
24490
174 57111
35369
286
39122
52863 52320
2497
16735
37989
41722
57821
31742
1916
29140
57111
12874
14061
2613
263508
52320
1836
10429
58299
6661
25160
