#src/zombie.py
# GMT Mon Oct  1 04:53:33 2018
# 
52873 52720 12956
1916 174
22548 16735
14061 3356
7018 3356
34781 20764
59891 51395
12654 3252 20764 41095 9002 12654 25091
7575 6762
25160 9002
37239 36937
24611 51405 6661
29075 58308 41095 9002
30844 20764
5396 9002
34288 20764
8468 20764
56730 20764
20932 20764
3252 174
21320 513 9002
7738 41095 263321
37179 41095 327984
8455 20764
57821 12586
34177 20764
1836 20612 9002
1251 52888 20080
35054 3356
680 553 9002
16347 20764
8426 41095
174 50620 198290 262589 64396 3491
8607 9002
8758 196621 9002
2895 20764
29691 57118 6730
3356 41095 3549 8222 29608 1280
51405
52888
1853 9002
263321 263584
327984
1221 4637 4608
48526 9002
29608
49463 20764
58308
53070 10429
286 9002
30132 20764
19151 41095
6453 36937 24482 9002
25220 20764
28220 12956
9189 6695
12956 10429 9002
34019 20764
12637 9002
13030 198249 41095 58299
20562 9002
41497 9002
25152 3257
12859 9002
35699 9002
8222
262589 28329
6720 9002
9304 9002
36937
6939 202194 9002
202194
57866 8283 9002
50300 9002
15435 9002
52720
37271 327995 9002
24482
4608
6695 20764
50304 20764
47872 20764
52863 4809
50763 20764
3549 25933 6762
51185 9002
64396
3491
12350 9002
49605 9002
29140 20764
59689 8218
13237 9002
51395 9002
8596 9002
15547 20764
6661 20764
3216 3216 20764 6762
28329
29680 9002
9002 12586 20080 4589 5392 6730 1103 15605 8218 31424 4637 3257 12779 6667 2914 2497 31122 62567
12586
4777 2497
20080
22652 41095
5392
57381 42708
6730
29686 20764
58299
1103
198290
28138 16735
25933
15605
20764 198385 42708 2613 28917
8218 41095
2613
262317 10429
31424
42708
513
57118
4637
4589
3257
12779
6667
4809 1299
41095 2497 16735 3333 3303 14361
10429
196621
2914 1299
553
20612
1299
16735
198249
2497
263584
31122
50620
198385
3333
8283
25091
6762
62567
327995
3303 29222
1280
14361
28917
29222
