#src/zombie.py
# GMT Mon Oct  1 05:14:42 2018
# 
29691 9002
328206 6939
49605 9002
59689 20764
6720 9002
12637 9002
262317 6939
39351 20764
29636 9002
15605 9002
553 6939
29075 9002
12307 9002
3333 20764
52888 1916
52720 6939
25220 9002
16347 20764
45896 9002
2857 9002
8426 6939
20612 9002
3491 6939
22652 9002
34019 20764
20764 198385 12654 50763 29686 12859 49463 51405 29608 6939 198290 2613 41722 25091 8283 57111 15547 9002 20495 47147 28917
3356 1280 9002
29608
680 9002
20080 6939
9002 9304 56730 8218 31424 24482 6667 13030 3257 202194 2914 50304 6453 37271 64463 20932 39122 37468 41497 8455 47692 8758 59891 29140 19151 286 1836 34288 1103 30844 12654 198249 25160 31122 2497 16735 29680 1273 12779 59414 8607 14061 58299 48526 50300
20495
15547
2914 15562
286
56730
6939 263075 8896 53067 5396 28634 22548 53070 21232 264911 29504 6762 7575 1251 263152 23106 38001 37239 57821 15435 31742 513 1916 202032 262757 4844 263508 50877 6881 52873 50620 37640
20932
202194
37468
8455
53067
47692
8758 196621
50877
25152 3257
59891
49463
15435
51405
29504
7018 6453
15562
1103
12654
6881
198249
1273
31122
38001
31424
50304 57381
29680
513
19151
52873
8607
6762
37640
5396
48526
4777 2497
28917
12779
196621
9304
1280
37271
263075
50763
264911
57111
6667
263152
23106
37239
24482
25091
8283
8218
202032
3257
262757
4844 37989
47147
198290
6453
64463
50300
198385
8896
41497
13030 35369
50620
29686
28571 1251
12859
22548
53070
21232
57381
28634
7575
34288
30844
1251
25160
39122
2497
16735
37989
41722
57821
31742
1916
29140
59414
14061
2613
263508
1836
35369
58299
