#src/zombie.py
# GMT Mon Oct  1 04:19:42 2018
# 
8387 13030 1764 12654
1916 174
22548 16735
14061 1299
28138 16735
7018 3257
34781 1764
26615 6762 16397
59891 1764
12654 13237 6939 6730 1853
25160 8218
37239 36937
29075 13237 58308
30844 13237
5396 3257
6461 14361 19151 8218
8468 13237
56730 13237
263075 16397
20932 13237
2613 13237
57381 42708
7738 286 263321
3320 13237 59689
16735 52320 262757
8455 1764
174 1764 50620
57821 12586
34177 13237
1836 13237
50300 13237
35054 1764
680 13237 553
16347 13237
9044 13237 20612
34288 13237
8607 2914
8758 1764
2895 3267
48526 13237
3356 20764 29608 1764 3549
8928 13237 29680
1853
263321 263584
4777 2497
1221 4637 4608
29608
49463 13237
39821 9002
53070 10429
286 13237
1764 198385 51185 57118 9189 3257 202032 196621 2914 12350 64396 58299 202194 8222 29691 8218
202032
19151
6453 36937 1299 3257 5392
25220 13237
28220 6762
9189
12956 10429 1299
52720 3549
12637 13237
13030 198249
41497 3257
25152 3257
12859 13237
35699 8218
24482 13237
64396
9304 13237
36937
6939 47872
202194
29691
41095 13237
50763 13237
15435 13237
37271 327995 1299
8222
4608
50304 8218
47872
262757
52863 4809
3549 25933
51185
8426 8218
16397
3491 3257
12350
34019 13237
49605 13237
29140 13237
59689
52320 13237
8596 13237
15547 13237
28329 6762
29680
3333 13237
12586 31025
20080 13237
22652 3257
5392
25933
58308
6730 513 6730
29686 13237
58299
1103 13237
198290 13237
13237 4589 9002 28917 20562 15605 3252 51405 31424 42708 3257 12779 6667 30132 1299 31025 25091 3267
20562
15605
20764
8218 29222 31122
3252
262317 10429
31424
42708
513
57118
4637 3257
4589
3257 2497 6762
12779
6667
4809 1299
29222
10429
196621
2914 7575
553
20612
1299 6762 1280 8283 62567
7575
198249
2497
263584
51405
31122
50620
31025
198385
9002
8283
25091
3267
6762
327995
30132
1280
14361
28917
62567
