#src/zombie.py
# GMT Mon Oct  1 04:51:15 2018
# 
37468 13237
29691 1764
25933 8167
35054 1764
3252 13237
3491 2914
57821 12586
62567 2914
174 9304 1764
35699 8218
286 13237
198249 13030
28917 13237
22652 3257
45896 3356
56730 13237
49605 13237
34177 13237
2914 6762 8607 13237 20080 2497 14061 1916 7575
34288 13237
15435 13237
1299 13237 7738 47872 1280 12956
12859 13237
1280
513 6730
37497 13237
202194 1764
20080 1251
16347 13237
3267 13237 2895
8387 13030 12654 1764
15547 13237
8167 7738
41497 3257
50300 13237
25227 13237
8218 6461 1764 25160 8426 12637 29222
16735 22548 262757 52320
12779 13237
8607
262757
3356 20764 3549 1764 29608
37271 327995 6461
12350 1764
7738 263321
49463 13237
29140 13237
12586 31025
3257 7018 5396 4637 13237 6453 25152 2497
327995
47872
14361 6461
202032 1764
263584 263321
13237 20562 3333 9002 198290 20932 41095 37100 30132 37239 51405 57866 29075 3320 25220 8928 25091 553 15605 34019 31025 24482 48526 30844 1836 6667 50304 51185 8468 680 1103 50763 6695 52320 4589 12654 29686
8596 1764
48526
12637
2497 4777
34019
1916
50304 57381
51185
58299 1764
23106 52320
1221 4637 4608
1103
50763
28220 12956
34781 1764
28329 6762
20612 1836
1251 52888
52320
22548
19151 6461
31424 1764
9002 41617 41722 39821
2895
4777
64396 1764
1836
680
13030
8758 1764
12956 52873 10429
8283 57866
14061
3333
41722
3549
9189 6695
198290
4637
8426
20932
57866
29222
10429 53070
37100 327782
59689 3320
25160
263321
327960 327782
4589
29686
9304
51405
41095
24482
29075 58308
3320
198385 1764
25220
29608
41617
52888
5396
8222 1764
6762 52863
8928 29680
25091
59891 1764
2613 6893
20562
553
25152
29680
15605
39821
8455 1764
58308
196621 1764
31025
52873 52720
30844
25435 1764
7018
6667
327782
30132
8468
6730 6730 6893 12654
52863
5392 6453
6453
4608
52720
6695
6461
53070
57381
20764
6893
7575
12654
37239
1764
