#src/zombie.py
# GMT Mon Oct  1 04:51:54 2018
# 
29691 6939
328206 6939
49605 3257
59689 6939
6720 1853
34288 1299
262317 6939
29636 174
15605 3356
553 1299
264911 6939
202032 6939
3333 1273
52888 1916
52720 37468
12956 10429 1273
20612 6939
16347 8218
45896 19151
2857 174
8426 3356
3491 1273
22652 19151
34019 3303
20764 6939
3356 39122 3549 1273 56730
29608 6453
680 1299
20080 1251 25152
3549 52873 263702
9002 19151 41722
20495 8455
15547 6939
2914 8943 19151 4844 198290 25091 15562 1103 12637 1280
50304 1299
56730
286 1273
20932 1299
12637
8455 3257
53067 6939
47692 6939
25220 6939
50877 174
25152 3257 19151 1273 16735 12654
59891 6939
49463 6939
39392 3257 29504
51405 6939
29504
7018 1299
15562
1103
12654
6881 6939
198249 6939
1273 2497 6762 13030 2603 3303 8283 8218 6939 6453 1299 37271
31122 3257
38001 6939
39351 6939
29680 3257
2603 21320
513 21320
21320
52873
8607 6939
47147 1299
37640 6939
6762
22356 19151 28634
48526 3257
4777 2497
28917 6939
57821 6939
263702
12779 174
196621 15576
9304 6939
1916 19151
37271
263075 6939
15576 3257 21232
37468 3257 1299
57111 174
3303
6667 19151
263152 6939
23106 52320
29075 174
37239 6939
19151 14061 7575 52320 174 6939
25091
8283
50620 6939
8218
12307 6939
3257 1764 41497 31742 29686 12859 29140 50300
262757 16735
4844 37989
198290
6453 6453
1299
64463 6939
50300
1764 1853
198385 6939
8896 6939
41497
13030 35369 59414
1853
29686
28571 1251
24482 174
12859
202194 6939
53070 10429
21232
57381 6939
28634
7575
30844 6939
1251
174 1836 25160
35369
6939 15435 6939 2613 58299
39122
8943 50763
2497
16735 263508
37989
41722
15435
31742
1280
29140
59414
14061
2613
263508
50763
52320
1836
10429
58299
25160
