#src/zombie.py
# GMT Mon Oct  1 06:24:54 2018
# 
52873 52720 12956
1916 19151
22548 16735
14061 19151
7018 3356
34781 13030
59891 51395
12654 6939 15547 19151 9002
7575 19151
25160 9002
8943 2914 50763
24611 51405 6661
29075 58308 9002
1836 9002
5396 9002
34288 9002
8468 9002
56730 51945
20932 9002
2613 25091
21320 513 9002
7738 19151 263321
16735 28138 19151
8455 9002
57821 12586
34177 3356
30844 9002
35054 3356
680 553 9002
8426 9002
37239 36937
174 198385 3267 19151 50620 198290 64396
16347 8218
8758 9002
2895 3267
29691 57118 6730
8422 9189 9002
3356 20764 29222 29608 3549 8222 9002 25220 22652
51405
1853 9002
263321 263584
4777 2497
1221 4637 4608
29608
49463 8218
13030 198249 19151 58299
53070 10429
286 9002
30132 9002
19151 4637 20080 2497 9304 41095 1280
9044 20612 9002
6453 36937 9002
25220
28220 12956
9189
12956 10429 9002
34019 30781
12637 9002
39821 9002
20562 9002
41497 9002
25152 3257
12859 9002
50300 9002
8222
6720 9002
9304
36937
6939 202194
202194
57866 8283 9002
41095
50763
15435 9002
52720
37271 327995 9002
24482 9002
4608
50304 42708
47872 9002
52863 6762
3549 25933 16397
51185 9002
64396
16397 263075
3491 9002
12350 9002
49605 9002
29140 9002
59689 8218
13237 9002
51395 9002
8596 9002
15547
2497
28329 6762
48526 9002
9002 29686 4589 6661 3252 29680 15605 5392 51945 6730 1103 35699 8218 31424 42708 3257 12779 1136 6667 30781 196621 2914 8607 14361 31122 25091 12586 62567
12586
20080
22652
5392
57381 42708
263075
51945
6730
29686
58299
1103
198290
28138
25933
15605
20764
8218
3252
262317 10429
31424
42708
513
57118
4637
4589
3257 28917
35699
1136 3333
6667
29222
10429
196621
2914 6762
553
20612
12779
8607
198249
58308
263584
31122
50620
30781
198385
3333
8283
25091
3267
6762
6661
29680
327995
1280
14361
28917
62567
