#src/zombie.py
# GMT Mon Oct  1 03:58:33 2018
# 
37468 50304
198385 29608
29691 13030
25933 3549
8447 42708 6720
35054 3356
3252 42708
57821 12586
62567 1299
24611 29608 51405
174 64396 45896 1299 1916 41497
35699 2914
58299 15623
198249 13030
28917 42708
22652 1299
8359 50304 41617
45896
56730 50304
41722 20764
34177 29608
2914 14361 42708 20080 19151 8607 2497
20485 50304 25227
15435 42708
8455 42708
12859 42708
1280 1299
513 21320
37497 50304
202194 6939
20080 6762 1251
16347 29608
3267 42708 2895
15547 29608
39821 9002
1764 42708 8596
41497
50300 50304
12586 31025
8218 42708
16735 22548 262757 52320
2497 4777
12779 50304
8607
51395 59891 6939
262757
3356 20764 3549 1299
37271 327995 1299
12350 29608
7738 1299 263321
49463 29608
3333 42708
3257 29680 1299
327995
47872 29608
52863 6762
263584 263321
13237 50304
8596
48526 29608
12637 42708
15576 47176 8220
34019 29608
43100 29608
50304 25091 6939 8732 1103 30844 57381 2603 37100 1299 24482 51185 25160 8468 37239 15623 8220 52320 42708 12654
51185
3491 1299
28220 12956
5511 6762 12956 4637 29608 3303 6453
15623
1103
50763 42708
23106 52320
34781 42708
28329 6762
20612 31424
1251 52888
52320
42708 1836 20562 15605 42708 9189 31025 29140 20932 41095 6667 30132 29686 553 25220 9002
14061 1299
9002
2895
7575 6461
64396
1836
49605 29608
47176 25435
8758 8220 196621
12956 52873 10429
1221 4637 4608
8283 1299
41617
25091
8732 20764
286 1299
3549
9189
198290 29608
4637
52873 52720
8426 29608
34288 29608
41095
29222 3303
2603 21320
37100 327782
59689 29608
25160
263321
327960 327782
20932
4589 29608
29686
9304 29608
51405
8220
24482
29075 29608
1916
6939 29608 25152
25220
29608 31424 13030 2613 12654
21320
52888
5396 6762
8222 1299
6762 1299
31424
29680
59891
25227
20562
553
25152
15605
22548
1299 7018 1299 680 6453 6461
196621
31025
29140
6720
30844
25435
7018
6667
327782
30132
8468
14361
680
13030
5392 6453
6453
4608
52720
6461
53070 10429
57381
20764
3303
19151
4777
12654
37239
10429
2613
