#src/zombie.py
# GMT Mon Oct  1 04:25:45 2018
# 
50620 6939
29608 6939
1836 6939
2857 6939
1853 6720 6939
8758 6939
16347 6939
14840 4809
57821 6939
3333 6762
51405 6939
286 6939
28917 6939
22652 16735
8359 16735 41617
198290 2914
56730 6939
41722 6939
2914 6762 1299
41617
1299 7018 3257 1280 680 16735
8763 6939
59689 6939
1280
6695 9189 6939
50300 6939
20080 16735
29686 6939
9304 16735
20764 6939
29636 6939
29075 6939
4589 6939
6939 29680 34019 25160 25220 16735 12779 8607 25091 37271 4844 2613 6667 49463 57381 29140 50304 47872 8218 24482 8596 48526 34288 6881 8426 9002 62567 48166 553 14061 31122 15547 7575
25220
8218
16735 6762 13030 19151 25152 4809 2497
12779
8607
6762
9189
25091
37271
4844 37989
2613
6667
49463
553
25152
29680
19151
22548 4809
3257
34019
47872
6881
52863 12654 4809
24482
8596
29140
48526
6720
1916 4809
2497
7018
34288
37989
50304
25160
12654
23106 4809
680
13030 35369
8426
62567
35369
48166
4809 28571
57381
28571
14061
9002
31122
15547
7575
