#src/zombie.py
# GMT Mon Oct  1 05:12:08 2018
# 
37468 37271
50620 6939
2857 8365
12989 53070 6939
264911 6939
57821 6939
62567 6939
174 6762 7018 29680 3257 22652 64396 513 3356 12637 19151
286 2603
12874 15605 6939
198249 13030
28917 6939
22652
198290 6661
56730 51945
49605 6939
2914 2603
15435 6939
8455 21320
12859 6830
1280 6830
513 34288 25091 21320 13030 513 20965 6939 12654 1103 6830
37497 6939
20080 6939
16347 6939
15547 12654
24490 20965 7575
41497 6939
559 21320 12654
8218 21320
16735 22548 262757 6939
2497 6830
12779 2603
5539 8763 6830
8607 6939
6830 8928 1836 8365 1273 6453
262757
52720 52873
37271 2603
37640 6939
8763
34288
49463 6939
50300 6939
3333 1103
3257
47872 6939
6881 6939
202032 6939
262317 6939
8596 1764
48526 6939
18881 52873 12956
12637
15576 6939 196621
34019 2603
15605
6661 21320
50304 2603
58299 6939
23106 52320
680 20965
1103
50763 8943
34781 25091
28329 3549
20612 6939
3356 3549
52320 6939
22548
28571 1916
9002 21320 41617
7575
64396
1836
20965 1853
13030 35369
12956 6939
8283 2603
14061 6939
25091
41722 20764
8928
3549
8365
263075 6939
198385 6939
41617
2603 8426 6667 24482 29636 25160 8943 29140 553 4589 21320 31122
59689 6939
25160
29608 6453
29686 6939
9304 6939
20764 6939
29636
29075 6939
9189 6939
1916 6939
6939 263651 202194 51405 25220 59891 2613 263152 25152 53067 51945 30844 57381 37239 1764
25220
52863 6762
21320
6762
263651
29680
59891
2613
263152
51405
553
25152
19151
53067
51945
196621
29140
6720 1853
30844
202194
7018
6667
24482
8426
12654
6453 6453
31122
35369
8943
1273
53070
57381
4589
52873
1853
37239
1764
