#src/zombie.py
# GMT Mon Oct  1 04:57:03 2018
# 
29691 6939
49605 6939
59689 6939
6720 8447
12637 52320
59414 6939
15605 52320
18747 174 263702
14907 52320
29075 52320
202032 6939
3333 52320
52720 12654 37468 1916
25220 52320
16347 52320
6894 6939
8426 6939
20612 1836
3491 6939
22652 6939
34019 52320
20764 52320
29608 6939
680 1299
20080 52320
9002 52320
20495 52320
41722 6939
15547 52320
2914 15562 1273 13030 52320 198290 6453
50304 6939
56730 6939
286 52320
20932 52320
202194 6939
37468
8455 52320
47692 52320
205206 6939
8896 6939
25152 3257
59891 6939
49463 6939
34549 1299
15435 6939
51405 6939
29504 6939
7018 1299
15562
1103 52320
12654 52863
6881 3257
198249 6939
1273
31122 6939
38001 6939
39351 52320
29680 6939
513 6939
52873 6939
8607 6939
47147 52320
37640 6939
5396 6939
48526 52320
50300 52320
4777 2497
28917 52320
263702
12779 52320
196621 15576
9304 52320
198385 6939
1280 6939
37271 6939
15576 52320
31424 6939
24482 52320
6667 6939
50877 6939
37239 6939
19151 52320
25091 52320
8283 52320
8218 52320
12307 6939
49375 52320
3257 52320 6762
4844 37989 6939
6939 553 28634 29636 64463 41497 50620 21232 7575 25160 2497 22548 31742 2613 52320 35369 58299 57821
553
198290
6453
1299 52320
64463
6762
29636
41497
13030
50620
29686 57463
28571 1916
50763 52320
12859 52320
22548
21232
28634
7575
34288 52320
30844 52320
174 52320
8447 52320
25160
39122 52320
52863 52320
2497
2857 52320
37989
57463 52320
57821
31742
1916
29140 52320
57111 52320
14061 52320
2613
52320 1836
1836
35369
58299
