#src/zombie.py
# GMT Mon Oct  1 06:06:27 2018
# 
37468 2603
50620 6939
29691 6939
2857 8365
59689 6939
264911 6939
57821 6939
62567 6939
174 6762 7018 3257 513 64396 22652 19151 12637
286 2603
12874 3303 15605
198249 13030
28917 6939
22652
198290 6661
56730 51945
49605 6939
2914 6830
15435 6939
8455 21320
12859 6830
1280 6830
513 34288 25091 20965 13030 513 1103 6939 3303 293 21320 12654 6830
37497 6939
20080 6939
16347 6939
15547 12654
263651 6939
41497 6939
559 21320 12654
8218 21320
16735 22548 262757 6939
2497 6830
12779 2603
5539 8763 6830
8607 6939
6830 1836 8365 1273 6453
262757
52720 52873
37271 2603
37640 6939
8763
22388 11537 7575
49463 6939
50300 6939
29140 2603
3257
47872 6939
6881 21320
202032 6939
12307 57118
293 11537
48526 6939
18881 52873 12956
12637
15576 3303 196621
34288
15605
6661 21320
50304 6939
58299 6939
23106 52320
680 20965
1103 3333
50763 8943
48166 9002
29608 6453
57118 6939
20612 6939
52320 6939
22548
28571 1916
9002 21320 41617
7575
64396
1836
20965 1853
13030 35369
12956 10429 6939
8283 2603
14061 6939
3333
41722 20764
263075 6939
11537
41617
2603 8426 6667 34019 29636 25160 8943 553 4589 21320 31122
202194 6939
25160
262317 6939
4589
29686 6939
9304 6939
51405 6939
29636
29075 6939
1916 6939
6939 9189 30844 198385 25220 8928 25091 59891 2613 263152 25152 53067 51945 24482 57381 20764 37239
25220
52863 6762
21320
6762
8928 29680
25091 12654
59891
2613
263152
198385
57381
25152
29680
19151
53067
34019
196621
6720 1853
30844
9189
7018
6667
24482
8365
1273
12654
8426
6453 6453
31122
35369
8943
51945
53070 10429
553
20764
3303
52873
1853
37239
10429
