#src/zombie.py
# GMT Mon Oct  1 05:26:35 2018
# 
29691 6939
7575 24490
59689 6939
6720 1853
12637 174
262317 6939
29636 2603
15605 12874
18747 174 263702
14907 6939
29075 15576 6939
202032 6939
3333 1103
263075 6939
52720 6939
12956 10429 6939
25220 6939
16347 6939
2857 8365
8426 2603
20612 6939
3491 174
22652 174
49605 6939
34019 2603
20764 41722 6939
3356 3549 174
29608 6453
680 20965
8365 6830
20080 6939
3549 52873
9002 21320
20495 6939
15547 12654
2914 2603 15562 174
50304 2603
56730 51945
6939 9304 12874 1280 12307 22356 263152 37239 25091 202194 50620 49375 4844 39351 64463 50300 198385 37468 41497 264911 53067 47692 29686 8896 25152 59891 49463 15435 51405 51945 30844 6939 38001 31424 16735 22548 31742 513 1916 263508 8607 2613 37640 5396 52320 48526 58299 28917 57821 29504
28634 22356
202194
37468
8455 21320
53067
1853 20965
47692
50877 174
25152
59891
49463
15435
51405
29504
7018 174
15562
1103 513
12654 513 25091
6881 21320
198249 13030
1273 6830
31122 2603
38001
39351
29680 174
2603 8943 25160 24482 8283 21320 12859 29140 12779 6667 37271 286
513 6830 174 13030 25091 513 21320 20965
21320 20965 6661 8218
52873
8607
47147 6830
37640
5396
22356
264911
50300
4777 2497
28917
52888 1916
263702
12779
196621 15576
9304
1916 28571
37271
6830 39122 2497 553 1836 6453
15576
31424
57111 174
6667
263152
23106 52320
37239
19151 174
25091
8283
50620
8218
12307
49375
3257 174
262757 16735
4844 37989
553
198290 6661
6453 6453 14061 174
64463
6762 174
198385
8896
41497
13030 21232 35369 34288 59414
20965 24490
8943 50763
29686
28571
24482
12859
22548
53070 10429
21232
51945
48526
34288
30844
24490
174
35369
286
39122
52863 52320
2497
16735
37989
41722
57821
31742
1280
29140
59414
12874
14061
2613
263508
50763
52320
1836
10429
58299
6661
25160
