#src/zombie.py
# GMT Mon Oct  1 05:14:54 2018
# 
1916 19151
22548 16735
14061 19151
7018 174
34781 13030
59891 51395
12654 12654 6939 15547 19151 9002
25160 9002
57866 8283 9002
24611 51405 6661
29075 58308 9002
1836 20612 9002
5396 9002
34288 6939
8468 9002
56730 51945
20932 9002
3252 9002
21320 513 9002
7738 19151 263321
16735 262757 28138 19151
8455 9002
57821 12586
34177 3356
30844 9002
6893 2613 174
51185 9002
35054 3356
680 553 9002
8426 9002
37239 36937
174 198385 3267 45896 19151 50620 198290 64396
16347 8218
8758 9002
2895 3267
29691 57118 6730
8422 9189 9002
20764 3356
51405
1853 9002
263321 263584
4777 2497
1221 4637 4608
29608 3356
49463 8218
39821 9002
53070 10429
286 9002
30132 9002
19151 7575 3356 13030 4637 20080 2497 9304 6667 41095 1280 62567
8943 2914 50763
6453 36937 9002
25220 3356
28220 12956
9189
12956 10429 9002
52720 3549
12637 9002
13030 198249 58299
20562 9002
41497 9002
25152 3257
12859 9002
35699 9002
8222 3356
64396
9304
36937
6939 202194
202194
48526 9002
41095
50300 9002
15435 9002
37271 327995 9002
24482 9002
4608
50304 42708
47872 9002
262757
52863 6762
50763
3549 25933 3356 16397
3356 9002 22652 29222 6762
6720 9002
45896
16397 263075
3491 9002
12350 9002
49605 9002
29140 9002
59689 8218
13237 9002
51395 9002
8596 9002
15547
2497
28329 6762
29680 9002
9002 6661 9002 15605 5392 6730 1103 51945 8218 31424 42708 4589 3257 12779 1136 29686 196621 2914 8607 31122 25091 12586
12586
20080
22652
5392
57381 42708
263075
51945
6730
29686
58299
1103
198290
28138
25933
15605
8218
7575
31424
42708
513
57118
4637
4589
3257 28917
12779
1136 3333
6667
29222
10429
196621
2914 6762
553
20612
8607
198249
58308
263584
2613
31122
50620
198385
3333
8283
25091
3267
6762
6661
327995
1280
28917
62567
