#src/zombie.py
# GMT Mon Oct  1 05:43:36 2018
# 
263584 263321
16685 10429 22356 16685
7018 1299
6720 1853
22356 28634
15605 12874
18747 174 263702
14907 38930
29075 174
12307 57118
3333 1136
1103 3257
20612 1836
6894 174
8167 7738 25933
3491 2914 41095 1299
22652 6453
3356 680 8426 3549 14061 5396 60501 41095 2914 8222 1299 3356
29608 12654 5511 34019 13030
680
37497 174
49605 174
3549 28220 52720 52873
29686 2914
20932 174
28634
31424 33891
47692 33891
205206 16245
8896 174
37100 327782 174
29222 3303
51405 24611
35699 174
12654 15562 6881 50304
29680 174
38001 41095
198290 174
1136 24785
5392 174
12874 3303
52873
8607 2914
327782 327960
39351 174
206356 50629
34177 174
28917 39821 174 47441
263702
1764 35369 174 1853
513 174
196621 15576
9304 174
4637 1221 1299
6830 15547 1299 59414
15576 174 21232
1221 4608
4608
47441
20562 29208
43578 174
6461 1299 7575
35266 2914
25220 2914
23106 52320
34019
3267 2895 174 3267
25091 2914
3257 12586 1299
4844 2914 37989
35054 3303
15935 174 29504
13101 34549 29208
1299 50304 12956 701 174 6762 2914 5511 6453
33891 3320
198385 174 202194
40191 174 395766
1916 174
51395 59891 174
12859 29208 50304 30132
38930 8283 174
39821
21232
51945 56730 174
1251 52888 20080
174 29691 12779 16245 24785 37271 12637 51185 8218 50629 24482 3303 6667 19151 25512 6661 20764 12389 1836 50877 553 64463 50300 37468 41497 8758 14007 7738 29140 49463 6730 34288 174 25160 39122 16735 15435 31742 52320 48526 58299 13760 12350
286 2914
8943 8943 2914 50763
25933
16735 22548 262757 266534
31742
13237 2914
8222
59414
14061
3320 2914
12779
35369
58299
13760
25160
29691 198249 57118
553
59689 8218
60501
12637
266534
395152 14007
52720
29208 47147 2914 15685 6881
16347 8218
25227 12389
20764 41722
8426
20080 2914
9002 2914
50877
2914 28329 8455 30844 15562
50304 57381 57111
56730
50763
30132
202194
25152 19151
2895
49463
57821 12586
29504
6762
15562
52888
5511
6881 15685 25512
198249
24611 6661
701 2497 1280
59891
50629
47147
5396
48526
4777 2497
12956 10429
16245
24785 24785
34549
37271
41095
51185
7738
37468 37239
6893 2613 6730
3303
28220
37239
19151
8455
327960
8283
8218
12389
6667
262757
15547
395766
6453
8758
64463
50300
28329 263321
41497
13030
1853
12586
24482
57118
22548
57381
12350
7575
34288
30844
14007
15685
263321
25512
39122
52863 52320
2497
37989
41722
15435
1280
29140
57111
2613
52320
1836
10429
6661
6730
