#src/zombie.py
# GMT Mon Oct  1 05:03:37 2018
# 
37468 174
24611 3549 51405
12989 16735 22381
264911 6939
57821 12586
43531 8596 6939
198249 15576
28917 6939
22652 3356
198290 6661
41722 9002
293 11537 513
2857 174
8455 2914
8426 3356
20080 2914
10764 11537 5511
31463 56730 3356
559 20965 21320 12654 513
15685 29208 6881
8218 6461
16735 262757 3549 1299 4809
12779 174
5539 33891 8763
8607 2603
37271 37239 1299 2914
22388 11537 7575
3257 1299
47872 44217
50620 174
12307 57118
18881 52873 12956
41497 174
15576 29691 8220 196621
262317 6939
58299 6939
23106 3549
50763 8943
48166 9002
38930 1299 8283
22548 3549
30781 3356 34019 59689
7575
64396 174
701 2497 23148 174
20965 27750 11537 680 1853 1103
12956 6762
8758 6939
8928 29680 6939
41617 9002
3333 1103
3549 3356
11537
22381 53070
2603 20562 21320 12859
2613 6893
25160 174
9304 174
25074 3356 9189
29075 198385 5511
23148 25152
1916 1251 27750
20562 24785
52863 4809
21320 6939
6893 25091
25091 13002 12654 6939
59891 51395
27750
263152 6939
15605 12874
25152
53067 6939
34019
9189
7018 1299
6881
6730 6730 3320 513
1273 1299
262757
33891 553 6939
57381 42708
20764 13002 20764 174
3303 12874 3320
52873 52720
1853 6720
37239
15547 3356
24785 1299
12874
174 6762 3356 12637 19151 29140 51395 174 2914 1299 513 16347 29636 31122
286 1299
56730
2914 1299 4844 29208 4589 6661
15435 1299
1299 3356 13030 1280 8943 6453 6461 3320 6939 42708
12859
1280
513 6830 6939 513 12654
37497 6939
202194 198385
29691 57118
30844 6939
12586 20676
6830
51395
29208
3356 6667 1836 48526 50300 14061 62567 29608 20932
37640 6939
8763
49463 13193
50300
29140
8596
48526
12637
2497
34288 9002
37989 4844
50304 42708
29680
5511
1103
57118
1251 28571
42708
28571
9002 49605 6939
62567
49605
13030 35369 1836
16347
20612 1836
8283
14061
263075 6939
13193 3320
20932
4844
263651 6939
59689
202032 6939
29686 6939
51405
8220 6939
29636
3320
6939 31424 25220 20676 24482 5396
25220
29608
6661
31122
5396
53070
6762 44217
31424
44217
198385
553
19151
196621
6720
20676
1836
6667
24482
680
6453
52720
35369
8943 8943
6461
4809
4589
12654
13002
