#src/zombie.py
# GMT Mon Oct  1 06:08:32 2018
# 
52873 18881 52720
1916 2914
22548 3549
14061 1299
7018 5511
34781 13030
8447 3320 6720
53070 10429
37239 4809
29075 58308 1299 50620
5396 6762
6453 5511 24482
701 4134 1299 702
8468 3549
25220 3320
3252 702
48039 12586 8596
16735 28138 12956 3549
57821 12586
3491 3356 174 28513
24785 1136 6939 24785
35054 3303
35699 2914
2895 3267
29691 57118 15576
3356 3356 25160 20932 3549 51185 680 34177 5511 41095 174 19151 8426 1299 8422
51405 29608
1853 1764
28917 39821 8359
4777 2497
13030 42708 51395 1299 1836
9189 8422
30132 12859
19151
8220 3320 15547
1239 5511 4637
12956 18881 5511 10429
52720
12859 42708
53067 10429
5511 174 2914 6461 29608 1299
6939 1280 1299
1273 6667 1299 48526
15435 3257
37271 4809 327995
8222 3320
47872 6762
4230 28513 262757
52863 4809
198385 202194 41562
8426
12874 3303 15605
327995
59689 30781
12350 174
15547
3216 20764 6762
29680 174
3333 1136
20080 2914
5392 3549
25933 3549
31463 6762 56730
43100 29608
263321 263584 7738
1103 3257
20562 50304
58299 174
2613 25091
31424 3257
42708 50304 16265 42708 13101 1299 30844
513 3320
57118
50763 8943
41562 15576
12779 174
41095
2914 2497 30781 4713 9002 50300 4589 174 16347 14361 1299 8607
553 680
7738 174
1299 3320 2603 49605 50304 3257 8943 6762 174 62567 22652
8607
198249 15576
2497
263584
4637 1221
26615 6762 16397
34177
29222 3303
13193 3320 49463 13193
15576 196621 3303 34288 8758
14361
62567
25160
2603 3267
30844
262757
34288
56730
7575 6461
30781
3320 3320 4809 1764 3303 6661
59891 51395
8455 3257
8943
1836
680
13002 20764 25091
8758 20612
48526
8422
20764
1221 4608
28513
49463
286 174
13101 12586
16265 38930
6461 8218
28220 6762
34019 3303
12637 3257
39821
41497 3257
4713 25152
25152
18881
50300
24482
64396 174
4589
9304 3257
202194
8359 50304
4608
50304 57381 12654 174
20932
3549
51185
16397 263075
4134 4809
13237 3257
49605
29140 3257
8596
6661 198290
28329 6762
9002
6720
12586
3303
22652
57381
174 29608
29686 3257
702
29608 12654
198290
28138
38930 8283
15605
8218
51395
263075
3257 31122
1136
6667
4809
6762
10429
196621
12654
20612
16347
58308
31122
50620
8283
25091
3267
1764
1280
