#src/zombie.py
# GMT Mon Oct  1 04:57:52 2018
# 
37468 37239 174
24611 6661 51405
8447 6720 2914
57821 12586
198249 15576
28917 8359
22652 3356
198290 6661
34177 2914
8455 2914
48039 12586 8596
20080 1251 2914
31463 56730 21396
1267 15605 5413
13101 12586 25220
50300 5413
8218 49463 174
16735 22548 262757 12956 52320
12779 174
8607 5413
30132 12859
37271 327995 2914
12350 174
7738 263321 3320
3257 1299 1103
47872 174
52863 6762
263584 263321
1836 13030
15576 47176 8758 196621 29691 41562 8220 174
51185 174
286 3356 1136
23106 52320
50763 8943
28329 6762
38930 8283 16265
52320 174
22548
1136 3333
30781 59689 2914
2895 29076
4777 2497
64396 174
47176 25435
8758 20612
41722 20764
3333
3549 3356 52720
21396 5413
4637 1221 5413
41617 8359
37100 327782 2914
2613 6893
25160 174
9304 174
7018 1299
25074 9189 2914
29075 174
1916 174
20562 25220
20612
6893 25091
25091 13002
59891 51395
4713 25152 2914
15605
29680 174
25152
34019 3303
25435
9189
13002 20764
327782 327960
8426 5413
5392 174
41497 174
4608 1221
53070 10429
57381 50304
20764 8359 25227
3303 174 29222
7575 2914
37239
15547 34781 6830
20940 37497 5413
29691
35054 3356
3252 9002
58299 15623
16265 5413
174 35699 19151 51395 20932 2914 15435 1299 24482 29608 12637 3356 553 6661
3491 2914
8359 5413 29076
45896 3356
56730
2914 6762 3356 16347 14061 25220 1299 13237 29140 2497 14361 9002 29686 5413 8943 4589 12654
15435
1299 6762 1299 3320 25220 680 6453 3356
12859 25220
1280 6939
37497
16347
59414 6830
263321
12586
5413 6667 62567 13030 42708 48526 9002 8220 6939 12654 41095 6830
6830
51395
262757
3356 12956 25220 5396 3320
49463
29222
29140
327995
13237
8596
48526
12637
2497
34288 9002
50304 42708
29076
28220 28220 12956
1221
15623 25220
1103
34781
1251 52888
42708 12654
9002 39821 49605
62567
49605
13030 31424
12956 6762 10429
8283
14061
20932
41095
41562 198385
202194 198385
327960
29686
51405
8220
3320 6762 25220 8222
6939
25220 12654 30844
29608
6661
52888
5396
8222
6762 12654
31424
35699
25227
198385
553
19151
39821
196621
6720
30844
59689
6667
24482
14361
680
6453
8943
4589
12654
52720
10429
