#src/zombie.py
# GMT Fri Sep 28 16:20:06 2018
# 
50620 174
6881 25512
37640 6939
31463 50300 56730
680 1299
196621 15576
1239 1257 1299
202032 6939
37989 4844
2613 6893
42708 1299 50304 57381
21385 6939 5539
30844 6939
3320 1299 31133 3303
20676 12586 3356
57381
1251 28571 1916
8426 6939
13030 1299 1836 202194 34781 35369 198249 34288 58299 6772 8455
8607 6939
6453 1299 29686
202194
41722 20764
262757 6939
12637 174
25220 3356
20612 1836
34288
9189 25074
8943 50763 1299 8943
37239 37271
12586 57821
6772 15576
15547 3356
59891 51395
34984 286 44217
34781
35369
12654 52720 52863
50763
52873 52720 18881
64396 174
198385 29075
264911 4809
49605 6939
23106 10429
1103 286
16347 8218
37497 6939
28917 6939
41497 174
22548 3549
37468 174
15435 6939
50304
6461 7575 1299 8218
15576
25074 3356
8447 6939 6720
15605 12874
29680 174
10429 12956 53070
53067 4809
8928 10026
59689 8218
3303 174 12874 34019
10026 174
1916 16735
262317 4809
29686
8763 5539
29636 174
28329 3549
20080 2914
12859 6939
44217 47872
4589 2914
8218
6893 25091
1299 1273 174 14061 12956 286 6762 3257 16735 2914 6939 7018 3356
25091 13002
6720
31133 31261
14061
286
31261 41617
29140 174
31424 6939
48039 8596 174
56730
37271 6939
49463 174
5396 6939
50300 174
7575
553 3356
51405 6939
12874
29075 174
1257 3333
6667 174
4809 263651 52863 16735
22652 16735
25152 19151
62567 3356
41617
47872
3333
52863
48526 6939
3257
7018
24482 6939
13002 174
1273
174 174 51395 25512 198290 20764 25160 2857 6762 12779 1280 31122 9304 19151
34019
9002 2914
51395
198249
12956 6762 18881
8283 8455
58299
18881
198290
8596
20764
5539
3356 3549 6939 6762 29608
4844 2914
12779
14840 16735
52720 16735 52720
29608
1836
263651
2857
25512
57821
28571
6762 6939 16735
8758 6939
53070
8455
1280
31122
9304
25160
3549
2914 2497
6939 263075 16735
263075
19151
16735
2497
