#src/zombie.py
# GMT Mon Oct  1 06:48:24 2018
# 
37468 37239 174
24611 6661 51405
8447 6720 2914
57821 12586
61568 263321 18881
198249 15576
28917 8359
22652 6453
198290 6661
41722 20764
34177 2914
8455 2914
48039 12586 8596
20080 6762 1916 1251 11096
198545 174 29152
31463 56730 21396
13101 12586 12654
11096 11537
8218 49463 174
16735 6762 262757 22548 52320
12779 174
8607 5413
37271 327995 2914
12350 174
7738 701 8167
3257 1299
47872 6939
263584 263321
12307 57118
18881 12956
41497 174
15576 34288 47176 29691 8220 41562
51185 174
286 1299
23106 52320
50763 8943
28329 3549
38930 8283 174
52320 174
22548
1136 24785 3333
30781 59689 2914
2895 29226
7575 6461
64396 174
701 6762
20965 11537 680
47176 25435
8758 20612 8220 196621
8928 29680 5413
3333
3549 3356 52720
21396 5413
11537 22388
53070 10429
41617 8359
37100 25220 327782
2613 6893
25160 174
9304 174
22388 7660
25074 9189 5413
29075 174
1916
198385 41562
52863 6762
6893 25091
29680
59891 51395
25152 6939
15605 12874
34019 3303
25435
9189
7018 1299
327782 327960
30132 6939
6730 6730 3320 513
5392 174
4608 24130
33891 25220 31424 553
57381 50304
20764 13002 8359 25227
3303 12874 3320 35054 29222
4777 2500
37239
15547 8220
20940 37497 5413
25933 8167
35054
3252 9002
24785 24785 6939
52720
58299 174
12874
174 6762 3356 19151 20932 6667 15435 1299 6661
3491 2914
8359 5413
45896 3356
56730
2914 35699 29140 16347 29686 5413 8943 1299 4589 25220 2497 12654 12637
7660 2500
2500 2500
15435
1299 6762 3356 12956 14061 6453 6461 3320 25220
12859 25220
1280 6939
513
37497
29691 57118
59414 6830
29152 58308
8167
12586
263321
5413 62567 49605 13030 8426 12654 50300 1103 42708 9002 48526 41095 6830
6830
51395 6939
262757
3356 6762 14361 680 25220 29608 3356 5396
49463
50300
29222
29140
327995
13237 25220
8596
48526
12637
2497
34288
50304 42708
28220 12956
25091 13002
1103
57118
1251 52888
42708
9002 39821
62567
49605
13030
29226 25220
12956 6762 10429
20612
8283
14061
24130 7545
8426
20932
41095
41562
202194 6939
327960
29686
51405
8220 25220
3320 6762 8222
6939 25220 7545 30844
25220 24482 20562 6661 12654
29608
6661
52888
5396
8222
6762 12654
31424
35699
25227
20562
553
19151
7545
39821
58308
196621
6720
30844
59689
6667
24482
14361
680 12654
6453
16347
8943
6461
4589
12654
13002
10429
