#src/zombie.py
# GMT Mon Oct  1 03:57:33 2018
# 
263584 263321
6894 2497
6762 174
6720 8447
22356 16685 28634
15605 12874
14907 1257
29075 15576 174
202032 6939
3333 12859
1103 3257
22381 53070 4809
16685 16685 4230
57866 8283 1299
29226 2895 20764
15935 29504 1299
8167 7738 25933
3491 64050 7738 41095 174 28513
22652 3257
3356 8359 25091 37497 37271 41095 20764 8426 8607 3549 35054 6730 9002 5396 34177 16347 174 1299
29608 20764
680 1299
49605 3257
3549 28220 28329 16735 52873 9304 5392
4809 4134
29686 2914
4230 28513 262757 9002
6939 34019 53067 262317 20764 57111 28929 264911 263508 263075 52720 14840 45896 263152 37640
20932 1299
28634
31424 13030
53067
47692 33891
205206 16245
8896 174
37100 327782 174
29222 3303
51405 24611
35699 2914
12654 20764 9002
25160 1299
1273 6667 1299
8359 28917
38001 41095
198290 2914
1257 1239
29680 174
8220 3320 15547
25933
513 6830
12874 3303
52873
62240 136620 1299
8607
327782 327960
39821 9002
264911
34177
28917
136620 59891
33891 1299
5392
196621 8758
9304
56730 31463
6830 174 6830
15576 198385 8758 21232 198249
1221 4637 4608
4608
20562 20764
43578 1299
6461 174 8218 7575
20612 1836
263152
23106 52320
23148 25152 701
34019
25091
1239 174
6893 2613 6730
3257 41497 12586 31463 12779 174
30781 5511 59689
3252 174
12586 57821
35054
39351 42708
1299 37468 8455 4637 15435 553 12389 49375 13030 174 2914 8447 8943 29551 31742 42708 8222 13193 14061 47147 15685 52320 5400 50304 13237 1299
1764 35369 174
198385 202194
40191 174 395766
29551 25220
31463
12859 30132 20764
28929
53070
21232
14840
1251 52888 20080
174 12956 7018 16245 24482 12637 51185 14007 12350 5511 286 701 1916 20764 3320 2828 50877 2914 6453 64463
286
8943 8943 50763
2895
16735
31742
4777 2497
39540 57118 12307
8222
59414 13030
13193 49463
14061
3320 3303
12779
5400 2110
58299 13030
13760 2828
263321 28329
29691 13030 57118
553
59689
37497
12637
262317
266534 18881
395152 14007
263075
52720
25220
16347
25227 12389
45896
20764 6661 30844
8426
20080 2914
9002 2497 41722 2914 4134
50877
2914 19151 29140 15562 50300
50304
42708
4637
50763
8455
202194
25152
59891
49463
7738
29504
7018
15562
52888
5511 48526
6881 15685
198249
24611 6661
701 2497 1280
4134
2828
47147
37640
5396
48526
13237
57821
12956 18881
16245
1916
37271
41095
51185
37468
24482
3303
49375
28220
19151
30132
327960
8283
8218
12307
6667
262757
15547
395766
2110 39122
6453
8758
64463
50300
28329
41497
13030 34288 1836
64050
15435
57118
12350
7575
34288
30844
14007
15685
35369
8447
39122
52863 52320
2497
41722
12389
1280
29140
57111
2613
263508
52320
1836
18881
28513
6661
6730
