#src/zombie.py
# GMT Mon Oct  1 03:58:27 2018
# 
6762 31463 174
6720 1853
15605 12874
18747 174 263702
14907 6908
29075 15576 1299 6939
202032 6939
3333 12859
1103 20965
20612 1836
4657 38001 3491
6894 2516
3491 22356 174
22652 3356
3356 15576 8359 3549 15547 37271 174 2516
29608 6453
680 20965
49605 3257
3549 16735 52873
20495 8455
29686 2914
8732 20764 1299
12637 2914
53067 6939
47692 33891
205206 42525
8896 174
11537 293 20965
28634 22356
39392 33891 29504
29140 2914
12552 39351 1299
12654 513 25091
1273 6667 1299
8359 20764
38001
198290 6661
29680 174
2603 30844 8426 34019 21320 12859
559 513 553 20965
513 6830 513 13030 293 174 21320 20965 6939
12874 3303
52873
62240 136620 1299
8607 6939
28571 1251
264911 6939
28917 1299
263702
42525 3320
196621 15576
9304 3257
56730 31463
6830 2497 174
15576 29691 198385 21232 34288 198249
6461 174 8218
6667
263152 6939
23106 10429
23148 25152 701
34019
25091 2914 6939
1239 6908 174
20965 27750 1853 21320
29636 2914
3257 31122 37468 41497 29551 12779 12586 174
4844 2914 37989
39351
13101 34549 174
1299 8943 13030 38930 15435 14061 5400 50304 174
33891 3320
198385 202194
29551 25220
50620 6939
31463
12859
38930 8283
53070 10429
21232
1251 52888 1916
174 12956 37271 7018 25160 19151 701 31742 57111 3320 50877 2914 286 6453 64463 50300
6939 31424 59689 263075 262317 49463 22548 51405 48526 52720 16347 6939 16735 2613 37640 5396 58299
8943 50763
59891 136620
16735 262757 52320 263508
31742
39540 57118 12307
1916 27750
59414 13030
14061
3320 3303 47147
12779
5400 2110
58299
25160
29691 57118
136620 136620
553 2857
59689
34288
262317
266534 18881
263075
52720
29208 2914 15685
16347
20764 41722
8426
20080 2914
9002 2914
202194
2914 2497 1280 7575 15562 49375
50304
286
50763
8455 13030
25220
50877
25152
2516
49463
57821 12586
29504
7018
15562
52888
6881 15685
198249
31122
701
21320 6661
47147
37640
27750
5396
48526
4777 2497
12956 10429 18881
293
6908
34549
37271 37239
31424
22356
3303
49375
37239
19151
6661
8218
12307
37468
262757
15547
2110 39122
6453 6453 24482
64463
50300
41497
13030 1836 35369
1853
12586
24482
57118
22548
7575
30844
15685
35369
39122
52863 52320
2497
37989
41722
15435
1280
51405
57111
2613
263508
52320
1836
10429
2857
8283
18881
