#src/zombie.py
# GMT Mon Oct  1 04:35:44 2018
# 
263584 263321
16685 22356 16685 4230
6762 52863 3320 3491 31463 174 1299 3356
6720 8447
15605 12874
14907 6908
29075 15576 174
12307 57118
3333 12859
1103 3257
22381 53070 4809
20612 1836
29226 52320 2895
6894 2497
3491 64050 41095 174
22652 3257
3356 33891 37468 8896 41095 51185 29222 553 6730 174 35054 8359 8426 8220 3356 680 30781 14061 48526 34177 20932 1299 3549
680
49605 3257
3549 28220 28329 25933 16735 24611 9304 174 5392 52873 4809 52720 28513 23106
4809
29686 2914
4230 28513
6939 1916 13760 52720 25152 51395 1280 15685 63297
20932
37468
53067 1916
47692 33891
205206 16245
8896
28634 22356
29222
39392 3257 29504
51405 24611
35699 2914
12654 52720 52863 1916
25160 2914
1273 6667 12389 1299
8359 28917
38001 41095
198290 6661
29680 174
8220 15547
513 6730
12874 3303
52873
8607 2914
327782 37100 327960
39821 28917
264911 52720
34177
28917
5392
196621 8758
9304
56730 31463
6830 1299 59414
15576 29691 198385 21232 8758 34288 174
1221 4637 4608
4608
20562 6461
43578 174
6461 52320 174 7575
6667
263152 1916
23106
25091 2914
3257 41497 12586 12779 31742 3252 5396 52320 174
30781 59689
3252
35054
39351 42708
1299 8732 8943 13030 16245 42708 4637 38930 15435 7018 52320 2914 50304 174 5400 8447 701
33891 34549
198385 202194
40191 174 395766
1916 263075 262757 1251 52720 174 1916 262317
31463
12859 52320 30132
38930 8283
53070
21232
14840 52720
1251 52888
174 37497 49463 19151 12350 286 24482 6661 8218 3320 50877 52320 2914 58299 6453 64463 6730
286
8943 50763
2895
16735
31742
4777 2497
8222 3320
59414
14061
3320 3303
51395 59891
12779
35369 2914
58299
13760
263321 28329
12350
29691 198249 57118
553
59689
37497
12637 2914
262317
266534 52720
395152 63297
263075
52720 263508 52720
25220 2914
16347 2914
25227 12389
20764 8732 41722
8426
20080 2914
9002 2914
202194
2914 8455 6908 37271 37100 29140 15562 49375 2497 47147 52320 13237 50300
50304
42708
4637
50763
63297
8455
50877
25152
25933
49463
15435
29504
7018
15562
52888
6881 15685
198249
8732
24611
701 2497
59891
47147
5396
48526
13237
16245
6908
34549
37271
41095
51185
31424 13030
6893 2613 6730
3303
49375
28220
22356
30132
327960
8283
8218
12389
262757
15547
395766
2110 39122 5400
6453
8758
64463
50300
28329
41497
13030 1836
64050
12586 57821
24482
57118
19151
37100
7575
34288
30844 52320
15685
5400
8447
39122
52863 52320
2497
41722
57821
1280
29140
57111 52320
2613
263508
52320
1836
28513
6661
6730 6730
