#src/zombie.py
# GMT Mon Oct  1 04:37:29 2018
# 
37468 174
50620 174
2857 174
8447 6720 3320
22548 16735
24785 20562 1299
264911 6939
57821 12586
62567 6453
174 64396 1836 25512 19151 29140 37271 174 48526 12637 6667 1299 25160 1280 4230 9304 29636 29075 41497 1916 52320 20764 16735 12779 31122 1764
286 1299 1103
12874 3303 15605
198249 15576
28917 6939
22652 6453
1273 1299
198290 6661
56730 31463
41722 9002
2914 8455 1299 16347 4844 8943 4589 20080 6661 14061
20485 13002 3356
15435 6939
34019 3303
12859 6939
1280
513 21320
29608 6939
1299 701 6762 13030 12956 6453 7018 3257 6461 1239 6939 42708 3320
20080
29691 57118 15576
31463 50300 21396
25512 6881
15547 6939
1257 3333 1239
16347
41497
50300
12586 20676
8218 6461 59689
16735
2497 701
12779
5539 33891 8763
8607 6939
20562 13030
7018
3356 37271 44217 6939 680 20932
37271 37239
4844 37989
8763
49463 13193
6661
43531 8596 6939
37239
3257
47872 44217
6881
52863 6762
44217
50304 42708 57381
8596
48526
18881 52873 12956
12637
15576 8220 196621
34288 9002
1916
37989
12307 57118
58299 6939
23106 52320
1103
50763 8943
48166 9002
57118
38930 8283 6453
15605
1251 28571 6939
52320
53067 6939
28571
31424 6939
9002 49605 6939 41617
7575 6461
64396
701 23148
1836 20612
49605
13030 8758 6939 21320 12654
8758
12956 10429 6939
20612
8283
14061
3333
8928 29680 6939
9189 6939
263075 6939
21396 6939
13193 3320
20932
37640 6939
263651 6939
1764 35369
20676 6939
59689
25160
262317 6939
4589
29686 6939
9304
51405 6939
8220 6939
29636
29075 198385
23148 25152
3320 6939 3303
6939 263152 59891 37497 30844 24482 8426 25220 202032 12654 5396 33891
25220
202032
21320
41617
5396
53070 10429
6762
6893 25091 2613
25091 13002
59891
2613
263152
198385 202194
57381
25152
29680
19151
42708
8455
1239
196621
29140
6720
30844
202194
13002
6667
24482
8426
37497
4230 262757
680
6453
262757
52720 52873
35369
8943
6461
33891 553
553
20764
3303
52873
12654
31122
10429
