#src/zombie.py
# GMT Fri Sep 28 17:03:48 2018
# 
28138 16735
3549 9304 3356 28329 25933 5392
14361 3356
513 6830
50300 5580 31463
56730 31463
1280 701
1273 6667 1299
30844 13237
58299 13030
6461 174 8218
13002 25091 20764
29222 3303
1221 4608 4637
9304
8422 13237 9189
9002 2914
35054 3303
13101 12586 13237
62567 2914
8607 3356
327984 37179
14061 1299
20932 13237
2613 25091
34288 15576
41497 174
6661 13237 6695 198290 24611
202032 8218
12874 15605 3303
8758 15576 20612
37179 1764
35699 2914
58308 59689
34177 13237
15435 1299
59689 30781
701 174 4134 702 1299 2497
49605 13237
25152 6939
553 680
29075 50620 13237
15576 198249 196621 29691 41562 3303
28917 13237 39821
702 3252
41095 3356
3356 5396 29608 174 1764 1299 8222 51185
6720 1853
8222
15547 13237
198290
20562 13237
8943 1299 50763
64396 174
37239 4809
9189
3257 174 3491 5580 1103 2497 13237
15605
7738 12956 263321
48526 13237
6939 51395 1764
47872 2914
286 174
2497 4777
202194 198385
38930 16265 8283
49463 13193
198385 41562
29686 2914
29608
3252
34019 3303
16347 13237
2895 29076
24611 51405
28329
8455 2914
37271 327995 4809
29680 174
263321 263584
39821
31025 29551 13237
29551 25220
29140 13237
263584
52888 1916
16735 12956 22548
6453 174
16265 8218
8283
31122 13237
3491 12389
5580
1103
12859 13237 30132 3333
12586 57821 48039
6695 12956 13237 8426
7575 2914
12956 28220 18881 10429
13193 13237
51185
52873 52720 18881
19151 174
1764 174 13237 8387 1853 8218
1239 4637 1299
4777
12654 13237 8387
3303 3320
50620
4637
12637 2914
57118 29691
12779 13237
4608
50763
20764 8732
13030 1299 1836
5392
13237 34781 42708 8732 24482 8468 33891 3320 30781 1299
51395 59891
52720
6762 174
4134 4809
25091
8426
50304 57381 42708
7018 174
262317 10429
174 22652 25160 12350 1299 6830
20612
30132
59891
28220
680 3320
31424 33891
29691
31463
12350
41562
196621
8468
34781
1853
29076 12389
57821
22548
57381
1836
30781
22652
6830 6830
327995
8596 48039
4809 52863
25933
42708
8218 1299 8218
53070 10429
25227 1299
8732
198249
1916 2914
10429 263152
1299 2914 3320
24482
20080 2914
2914 4589
5396
25220
263152
3320 8387
8387
51405
25160
33891
48039
4589
3333
6667
18881
12389
52863
