#src/zombie.py
# GMT Mon Oct  1 05:29:55 2018
# 
37468 1299
50620 174
2857 174
12989 22548 16735 53070 6939
42708 1299 50304 57381
24785 20562 1299
264911 6939
57821 12586
20676 12586 3356
174 701 6762 3356 49605 174 16347 6453 29680 19151 286 3257 9304 25512 198290 64396 29140 12637 13002 1299 24482 1280 25160 6730 31133 48039 5511 7018 29075 29636 2914 6461 1916 553 20764 21320 12779 31122
43100 20764
286 34984
12874 3303 15605
198249 13030
34984 44217
22652 6939
52863 6762
62567 3356
61157 25074 3356
2914 3356 4844 4589 20080 7575 30781
20485 3356 41722
15435 1299
1299 3356 13030 8928 680 14061 8943 28917 25220 16735 13193 1273 3320
12859 9002
1280
513 6730
37497 6939
31133 31261
20080
12956 3356 18881 10429
31463 56730 50300 6939 21396
25512 6881
15547 3356
1257 3333 1239
16347
41497 3257
50300
12586
8218 6461
16735 262757 6939
15576 6772 196621
12779
5539 8763 21385
8607 6939
3320 3303
7018
3356 3549 1239 6939 20764 9002
37271 37239 6939
4844 37989
8763
49463 13193
21385 20764
28917
29140
25074 9189
37239
3257 29686 1103
47872 44217
6881
202032 6939
44217
262317 6939
8596 48039
48526 5511
18881 52873
12637
2497 701 25152
34019 3303
34288 13030
15605
37989
50304
58299 13030
23106 10429
5511 29608 5511
1103
21396 6939
50763 8943
34781 13030
31261 41617
20612 1836
1251 28571 1916
680
53067 6939
28571
31424 6939
1273 6667
30781 59689
7575
64396
701
1836 13030
49605
13030 35369 8455 202194 6772
1853 21320 6720
8758 6939
41722 12654 9002
8283 8455
14061
3333
8928
3549 28329
9189
263075 6939
198290
13193
20932 6939
56730
198385 29075
37640 6939
263651 6939
59689
25160
4589
29686
9304
51405 20764
29636
29075
28329
1916
6939 263152 20764 59891 30844 8426 5396
25220
29608
21320
41617
5396
6762
6893 25091 2613
25091 13002
59891
2613
263152
20562 20764
57381
25152
29680
19151
22548
8455
1239
8426
196621
6720
30844
202194
13002
6667
24482
48039
6730 6730
9002
6772
6453
262757
52720 52873
35369
8943
6461
53070
553
20764 12654
3303
52873
12654
31122
10429
