#src/zombie.py
# GMT Fri Sep 28 17:05:14 2018
# 
50620 174
6881 25512
12874 3303 15605
31463 21396 56730 50300
680 3356
196621 15576
1239 1257 1299
202032 6939
37989 4844
2613 6893
42708 1299 50304
21385 5539 12654
30844 6939
3320 13193 1299 3303 6939 8422
57381 50304
13193 49463
8426 6939
6667 174
8607 6939
25160 174
202194 13030
29686 6939
262757 4230
12637 174
25220 6939
20612 1836
9189 8422
52863 6762
37640 6939
12586 6939 57821
6772 13030 15576
15547 6939
34781 13030
16347 6939
12654 6939 13030
50763 8943
52873 52720 18881
64396 174
59689 30781
8943 1299
49605 3356
23106 10429
1103 3257
35369 13030
37497 6939
4230 701
48526 5511
28917 6939
41497 174
22548 16735
37468 37271
15435 174
50304
6461 6939 7575 8218
264911 6939
15576
2857 174
29680 3257
10429 12956 53070
3303 34019
1273 1299
8928 10026
10026 6939
20932 6939
262317 6939
37239 37271
8763 5539
29636 174
28329 3549
20080 2914
12859 6939
8732 1299 20764
701 6939 23148 2497 1299
44217 47872 3356
513 6730
4589 2914
8218
6893 25091
1299 174 14061 12956 6762 6939 3257 2914 7018 13030 6453
25091 13002
6720 1853
31133 6939 31261
14061
286 6939
29140 174
8422
31261 41617
15605
31424 6939
198385 29075
48039 8596 174
56730
37271 6939
49463
5396 6939
50300
7575
553 3356
34288 13030
29075 174
1257 3333
13030 1836 198249 8758 58299 8455
198249
25152 23148
62567 6453
41617
47872
3333
30781 3356
6453
1853 3356
41722 20764
7018
24482 174
13002 20764
5511 6939
174 174 12779 198290 29608 25512 6730 1280 9304 19151
34019
9002 2914
22652 6939
12956 16735 18881
58299
263152 6939
8283 8455
18881
198290
51405 6939
8596
20764
5539
3356 3549 6939
4844 2914
12779
21396 6762
52720
53067 6939
29608
23148
1836
263651 6939
57821
25512
59891 6939
6730 6730
6762
8758
53070
8455
1280
31122 6939
9304
3257
3549
2914
6939 263075
263075
19151
16735
2497
