#src/zombie.py
# GMT Mon Oct  1 05:03:26 2018
# 
52873 18881 52720
1916 174 12654
22548 16735
14061 1299
7018 174
34781 13030
20080 2914
53070 10429
37239 4809
29075 174
5396 3257
701 4134 2497 4230 702 174 1280 23148
8468 3549
6461 7575 174 8218
3252 702
48039 12586 8596
16735 12956 28138
3491 174
30844 6939
35054 3303
29467 197264 1299
6730 513 3320 6730
35699 2914
2895 3267
29691 15576
3356 3356 30781 1853 19151 3549 8426 9002 34177 8359 4809 29152 174 29608 41095 6453 3320 2914 680 31463 1299 6762
51405 24611
1853 6720 1764
263321 263584 7738
4777 2497
6830 174 15547
13030 51395 1299 1836 58299
30132 12859
45896 3549
6453 29686
12956 18881 174 10429
52720 28329 12654
12859 3257
3216 20764 1273
5511 174 48526
29152 58308
50300 5580
5580 3257
15435 1299
37271 4809 327995
24482 174
24611 6661
4230 262757
52863 14840 4809 6762 12654 16397 28220 6939 263651
198385 202194 41562
8426
12874 3303 15605
327995
59689 30781
19151
15547
14840
29680 3257
3333 1136
59891 51395
5392 174
25933 3549
31463 56730
6939
58299
1103 3257
13237 1299
2613 6893
31424 33891
42708 50304 1299
513
57118 196621
50763 8943
41562 15576
12779 174
41095
2914 2497 174 9002 14361 8607 16347
553 680
7738 1299
1299 2603 1273 8455 8943 8732 49605 174 6762 12350 38930 62567
8607
198249 15576
8732 20764
2497
263584
29222 3303
15576 196621 3303 34288 8758
14361
62567
25160 174
2603 3267
47872 6762
8943
262757
34288
56730
7575
30781
3320 6762 3303 8222 33891 25220
8455
34177
1836
6893 25091
680
13002 20764 25091
8758 20612
48526
20764
49463 8218
28917 8359
286 1136 174
13101 12586 174
25220
28220
23148 25152
12637 174
39821 9002
41497 3257
25152
18881
1273 6667 174
8222
6720
4589 3257
9304 174
33891
202194
8359
50304 57381
20932 174
3549
51185 174
16397 263075
263651
4134 4809
12350
49605
29140 174
8596
6661 174
28329
9002
12586
3303
22652 3257
57381
174 3257 6762 50620 64396 174
29686
702
29608
198290 197264
28138
38930 8283
15605
8218 1764
51395
263075
3257
1136
6667
4809 4809
6762
10429
196621
12654
64396
20612
16347
58308
50620
197264 197264
8283
25091
3267
1764
1280
