#src/zombie.py
# GMT Mon Oct  1 04:10:41 2018
# 
263321 263584 61568
16685 22356 16685 4230
6762 8732 20080 2914 174 31463 57111
20485 9002 29226
29075 15576 174
12307 59414
3333 12859
1103 3257
22381 53070 4809
20612 1836
29226 2895
8167 7738 25933
3491 64050 7738 41095 174 28513
22652 174
3356 8359 553 8896 41095 51185 1299 8426 30781 3549 9002 34177 174 2914
680 1299
49605 9002
3549 52873 52720 16735 9304
4809 1299
29686 3257
4230 262757 28513
20932 1299
37468 1299
6730 6893 1299
47692 33891
8758 15576
8896
28634 22356
29222 3303
39392 174 29504
51405 24611
35699 9002
12654 19151 9002 6939
701 174 2497 1280 23148
8359 28917
38001 41095
39351 42708
29680 9002
8220 3320 15547
513 6830
52873
8607 2914
327782 37100 327960
39821 28917
34177
28917 1299
196621 9002
9304
56730 31463
6830 174 6830
15576 34288
1221 4637 4608
4608
20562 9002
61568 18881
43578 174
6461 174 8218 7575
6667 1273
23106 10429
23148 25152
25091 2914
3257 29140 9002 12586 31742 12779 174 12859
30781 59689
3252 174
35054 3303
198290 174
1299 13030 37271 38930 15435 40191 174 49375 25160 8943 1273 15685 14061 4637 52320 5400 50304 42708 1299 8455
33891 3320
198385 174
40191 395766
31463
12859 30132
38930 8283
53070
21232 9002
1251 52888 20080
37100 6453
25160
8943 50763
25933
16735
31742
8222 3320
59414 9002
13193 3320 49463
14061
3320 47147 174 25220 3303
51395 59891 6939
12779
5400 2110
58299 174
13760 174
263584
553
59689
37497 174
34288
395152 63297
52720
25220
16347 2914
25227 12389
29691 13030
174 12956 7018 12350 3303 286 19151 5511 2914 6453 64463 50300
20764 8732 41722
8426
20080
9002 31424 13030 6661 1836 30844
202194 6939
2914 19151 15562 1916
6939 63297
42708
4637
286
50763
63297
30132
25152
2895
49463
7738
29504
7018
15562
52888
5511 48526
6881 15685
198249 13030
8732
50304
24611 6661
1273 12389
59891
47147
48526
4777 2497
57821 12586
12956 28220 10429 18881
1916
37271
41095
51185
31424
22356
3303
49375
28220 28220
6893 2613
8455
327960
8283
8218
12389
262757
15547
395766
2110 39122
6453 24482
64463
50300
13030 1836
64050
12586
24482
19151
12350
7575
30844
15685
39122
52863 52320
2497
41722
15435
1280
29140
57111
2613
52320
1836
10429
28513
6661
18881
