#src/zombie.py
# GMT Mon Oct  1 06:30:47 2018
# 
1916 2914
14061 1299
7018 6762
34781 13030
8447 6939 6720
2914 12859 2497 6762 4230 9002 52320 20080 4589 6661
53070 12989
2603 21320 6762
47872 12713
29075 174
8763 5539
4230 262757
34288 15576
57463 6939 29686
56730 31463
263674 28329
20932 174
2613 6893
21320 1853
30781 3356 59689
3320 3303 6762 8422
16735 52320 12989
59891 51395
12713 1273
8455 13030
57821 12586
263152 6939
1836 13030 20612 174
6893 25091
680 553 680 174
25220 3356
174 20764 50304 29636 41497 198385 50300 24482 174 64396 12779 9304 6667 6762 58299 198290 37271 29140
13002 20764 25091
16347 8218
48526 3303
29636
3356 21385 20676 28917 19151 37271 15547 6762
51405 24611
1251 20080 28571
1853
28917
6830 513 6830 6762
29608 6453
49463 13193
9189 8422
286 6762 1103
19151
29691 15576
6453 6453 6762
6461 7575 6762 8218
37239 37271
1239 6762 1257
34019 3303
13030 35369 51395 1299
15685 6881 29208
41497
25152 2497
12859
50300 31463
24482
6720
9304
6939 10026 4809 6762 263075 28329 29208 262317 8607
202194 198385
12989
1273 1299
15435 1299
52720 28329
37271
29208
8928 10026
13193 1299
50304 57381 42708
24611 6661
262757
52863 4809 6762 12654
20764 8732 20764
64396
12874 3303 15605
29140
59689
52320
51395
20676 12586
15547
6661
8422
28329 12654
29680 3257
9002
3333 1257
701 2497 6762
20080
10026
57381
263075
31463
35369
29686
58299
1103
198290
38930 8283 1299
15605
1257
7575
262317
42708 1299
5539 21385
513
57118 196621
4589
3257 6762
12779
8732 1299
6667
4809
6762 3303 1299
196621 15576
12654
553
20612
1299 31122 1280 62567
8607
198249 15576
2497
6881
8218
31122
198385
21385
8283
25091
28571
15576 3303
3303
1280
12586
62567
