#src/zombie.py
# GMT Mon Oct  1 05:00:11 2018
# 
52873 18881 52720
1916 52888 2914
22548 16735
14061 1299
7018 701
34781 13030
8447 3320 6720
53070 10429
37239 4809
29075 58308 174 50620
5396 3356
701 2497 12956 4134 286 6762 174 702 2914 6453 701 6461
8468 3549
6461 8218
3252 702
48039 8596 174
16735 52320 28138 3549
57821 12586
3491 2497
30844 6939
35054 3303
35699 174
2895 29076
29691 57118 15576
3356 3356 2497 47872 1853 3549 51185 8426 9002 22652 34177 41095 29608 25220 680 15547 2914
51405 24611
52888
1853
263321 263584 7738
4777 2516
6830 513 6830 2497
13030 2497 31424 51395 58299 1299 1836
9189 8422
30132 12859
19151 174 25152
6453
12956 18881 10429
52720
12859 2914
262589 28329 174
3216 20764 1273
5511 30781 48526 2914
6939 2497 1280 1299
1273 6667 2497 1299
15435 1299
37271 4809 327995
8222 3320
24611 6661
198385 202194 41562
8426
12874 3303 15605
327995
59689 30781
52320 174
10026 7575 2497
29680 174
3333 1136
59891 51395
5392 3549
25933 26615
51945 174 56730
58299
1103 286
29076 8359
13237 1299
2613 6893
262317 10429
31424
42708 50304 1299
513
57118
50763 8943
41562 15576
12779 174
41095
2914 2497 50300 8455 20080 4589 6762 174 29686 2914 16347 1299 62567 8607
553 680
7738 2497
1299 12586 49605 8943 38930
8607
198249 15576
2497 4637 3320 9002 3257 286 2516 12654 3303 14361 8359 6661
263584
4637 1221
26615 6762 16397 26615
34177
29222 3303
15576 196621 3303 34288 8758
14361
62567
25160 174
4589
47872
34288
56730
7575
30781
3320 3303 8422
8455
8943
1836
6893 25091
680
13002 20764 25091
8758 20612
8359
8422
20764
1221 4608
49463 174
28917 174
286 1136
20080
25220
28220 3549
34019 3303
12637 174
39821 9002
41497 174
25152
18881
50300
24482 174
64396 174
9304 174
202194
48526
4608
50304 57381 174
20932 174
3549
51185
16397 263075
4134 4809
12350 174
49605
29140 174
8596
6661 198290 174
28329
9002
6720
12586
22652
15547
57381
174 174 31122
29686
702
29608
198290
28138
38930 8283
15605
2516
8218
51395
263075
3257
1136
6667
4809
6762
10429
196621
12654
20612
16347
58308
31122
50620
8283
25091
3303
1280
