#src/zombie.py
# GMT Mon Oct  1 06:23:20 2018
# 
52873 18881 52720
1916 174
22548 3549
14061 1299
2497 701 4777
7018 174
34781 13030
8447 3320 6720
12654 25152
9189 25074
12389 29076 3491
37239 4809
553 33891
24611 51405 6661
29075 174 50620
24785 1136 6453 24785
5396 3356
702 3252 701
4230 174 262757
701 4134 1280 174
8468 3549
6461 7575 174 8218
20932 1299
7575
57381 50304
30781 5511 59689
3320 3356 3320 513 8222 33891 1764 8220 3303 25220 7738 13193 6661
16735 28138 12956
59891 51395
8455 3257
29680 174
3491 174
1836 13030
15547 8220
35054 3356
680 3356
56730 31463
49605 1299
13002 20764 25091
8607 3356
8758 20612 15576
2895 29076
29691 198249 57118 15576
202194 198385
20764 3216
51405
6939 3356 51395
1853 1764
28917 39821 8359
8220
4777
1221 4637 4608
29608 6453
49463 13193
39821
286 174
13101 12586 174
20080 2914
1764 8596
19151 3356 174 8359 25152
3252
6453 3356 8426 24482 22652 5392 174 29686 6453 38930 62567
25220
28220 12956
18881 12956
12956 3356 47872 174
263321 263584 7738
12637 174
13030 1299 58299
41497 174
25152 3257
12859 30132 3257
1273 6667 1299
8222
6720
9304 3549
5511 3356 48526
33891 31424
29076
8359
41095 3356
50300 31463 174
15435 1299
52720
37271 4809 327995
24482
13193
50304 174 42708
8943 1299 50763
262757
52863 4809
50763
3549 25933 3356
51185 3356
8426
12874 3303 15605
4134 4809
12350 174
34019 3303
31424
29140 3257
59689 58308
13237 1299
51395
8596 8596
34288 15576
6661 198290
3216 3356
48526
57821 12586
7738
9002 3356
12586
3303 15576
22652
5392
25933
31463
25074 3356
174 3356 4637 3257 12779 29222 2914 1299 31122 64396
29686
58299
1103 3257
198290
28138
38930 8283
15605
8218 16347
198385 41562
327995
42708 1299
513
57118
4637
4589 3257
3257
41562 15576
1136 3333
6667
4809
29222
3356 3356 2914 6762 34177 1299 14361
2914
196621 15576
64396
20612
1299
12779
16347
198249
58308
263584
2613 25091
31122
50620
3333
8283
47872
25091
34177
6762
4608
15576
30132
1280
14361
62567
