#src/zombie.py
# GMT Fri Sep 28 19:51:36 2018
# 
1273 701
16735 12989 262757 6939 52320
3549 52720 3356 4809
6453 29686 3320 1299 62567 21396 9002
513 6830
50300 31463
56730 31463
1280 701
8607 6939
44217 6939 47872
6661 2914 198290
15435 6939
31122 174
30844 9002
52720
58299 13030
1103 286
263075 6939
12859 9002
6461 1299 8218
13002 25091 20485
31424 6939
21320 174 1853
202194 198385
12586 57821 20676
8455 13030 8283
30781 5511 59689
29140 174
7575 6939
59689
9304 174
13193 1299 49463
8422 3320 9189
13030 6772 51395 34781 1836 34288 1299 35369 29691 198249
9002 2914 3356 43100 12654
19151 174
3303 34019 12874 6939 3320
8928 10026
1239 6939 1257
21385 5539 6939
20612 1836
7018 3356
28329 6939 263674
5539 8763
59891 51395
57118 196621
14061 3356
703 6939 701
2613 6893
20485 6939
37640 6939
5396 6939
48039 174 8596
20764 48166 8732 49605 20764 25091 12654 3356 174 6939
8283
202032 6939
12874 15605
31463 21396
8758 6939
21396
8447 3320 6720
48166
12989 53070
35369
29680 174
6762 174
25091 6893
8426 6939
50304 42708
62567
174 29608 25512 12779 20932 2857 16347 3356 29075 1916 24482 64396 25160 29636 174 37271 52320 1299 6830 198385
263651 6939
52320 2914
5511 48526 6939
263674
198385
25152 6939
553 680
6893
6772 15576
8763
15576 196621
28917 3356
12654 6939
3356 2914 1299 25220 15547 3320 6939 680 6667 20676
6720
29691
25160
1251 28571 6939
15547
198290
6881 25512
196621
1853
50763 8943
64396
37239 37271
9189
3257 1299
29075
20080 2914
701 2497
20676
48526
20932
680
6939 50620 264911 262317 41497 4844 1299 51405 10026 263152 22652
47872
25512
57821
50620
10026
57381 42708
1836
28571
22652
6830 6830
8596
49463
4809 52863
29686
29608
34781
262317
51405
2497
2857
34019
16347
42708 1299
8218
8732 1299
37271
198249
1916
4844 37989
34288
264911
1299 2914 8943 286
24482
15605
2914 4589
41497
25220
12779
1257 3333
263152
3320
37989
53070
29636
51395
8943
286
4589
3333
43100
6667
262757
49605
52863
