#src/zombie.py
# GMT Sat Sep 29 12:53:41 2018
# 
41497 3257
6667 1273
6661 174 198290
41722 9002
20080 2914 1251
49605 9002
263152 6939
8943 50763 1299
12956 174 52873 10429
29686 6453
49463 13193
22652 3356
38001 4657
8732 20764 6762
3320 174 33891 47147 3303 8447
202032 57111
52320 52863 1299
1273 1299
328145 328206 6774
263075 6939
264911 6939
39351 42708
37640 6939
2110 39122 5400
4777 2497
50300 31463
58299 13030
1251 28571 52888
28917 1299
1916 2914
25152 23148
4844 37989 2914
56730 31463
25160 174
6720 8447
4637 4657 1239
29608 3356
20764
13193 1299
6453 174 37468 8426 15576
37468
15547 3356
50763
9002 4635 8758 12654
1103 3257
3491 174 22356
5396 6939
57381 50304
8455 20495 13030 8283
328206
50620 174
3549 263702 52720 16735 3356
1280 2914
198249 13030
196621 15576
43100 57111
47147
3356 6939
19151 174
1299 5400 20932 62240 174 15685 14061 37271 15435 42708 553 680 29075
24482 4657
50304 42708
4230 262757 6939
8896 174
48526 5511
12874 15605 3303
701 174 23148
59891 136620
263702
33891 47692
9304 4635
47692
29691 13030
262317 6939
2914 12637 174 16347 15562 25091 30781 7575 2497
20932
52720
25220 29551
29140 3257
7575
3333 1257
12637
3257 31122 29636 174 29680 31742 12586 12779 29551 31463
6774 174
29680
1836 20612 13030
262757
30844 6762
20612
1239 6939 1257
6830 174 513 6830
12586 12586 57821
680
15562
7018 174
553
5511 174
29075
4635 6939
12859 57111
2613 6939
57111 12654 51405 6939 174
15685 6881
52863
57821
286 174
39392 29504 174
28571
22548 6939
31463 6762
16735
37989
6461 8218 174
28634 22356
52873
62240 136620
34288 13030
59414 13030
35369 13030
25091
8426
202194 13030
29504
136620 136620
6939 8607 13030 12654 37239 263508 53067 31424
1257
198385 15576
50877 174
14061
513
15605
3303 34019
30781 59689
8218
5400
6881
31122
39122
21232 13030
4657
16347
8758
198290
53070 10429
8607
13030
52888
64463 174
12654
34019
37271
15435
31424
12779
42708
10429 23106
8283
6762 174
29551
2497
23106
2857 174
51405
29636
59689
174 15576
20495
37239
263508
31742
22356
15576
53067
8447
23148
