#src/zombie.py
# GMT Mon Oct  1 05:03:26 2018
# 
52873 18881 52720
1916 2914
22548 16735
14061 2914
7018 174
34781 13030
8447 3320 6720
53070 10429
37239 4809
29075 58308 174
5396 3257
6453 3356 174 8468 6453 29608
701 3356 1280 174 2497 702
8468
25220 3320
3252 702
48039 8596 3320
16735 262757 12956 28138
57821 12586
3491 174
24785 1136 6939 24785
35054 3303
174 3356 19151 51185 4637 6461 3257 12779 286 6762 45896 2914 12350 1299 12956 12637 50620 1273 24482 174 64396 1836 5392 9304 6661 20932 29140 38930
35699 2914
2895 3267
29691 15576
3356 3356 3320 3549 680 5511 41095 19151 8426 12956 8359
51405 24611
1853 1764
58299 13030
4777 2497
13030 51395 19151 1299
9189 8422
30132 12859
45896
8220 3320 15547
12956 18881 10429 28220
52720
12859 3257 2914
3216 20764 1273
5511 48526
6939 19151 25152 12654 1299 30844
1273 6667 1299
15435 1299
37271 4809 327995
24482
24611 6661
262757
52863 6762
198385 202194 41562
8426
12874 3303 15605
327995
59689 30781
12350
15547
29680 3257
3333 1136
59891 51395
5392
25933 3549
31463 6762 56730
263321 263584 7738
1103 286
2613 6893
31424 33891
42708 50304 1299
513 6730
57118 196621
50763 8943
41562 15576
12779
41095
2914 7575 2497 47872 9002 50300 8455 20080 34177 25160 30781 29686 8607 14361 62567 16347
553 33891
7738 3320
1299 49605 8943 2603 8732 13237 8422
2603 3267
198249 15576
8732 20764
2497
263584
4637 1221
6762 28329
4608 1221
15576 196621 3303 34288 8758
14361
62567
25160
8943
47872
30844
34288
56730
7575
30781
3320 8222 4809 33891 1764 3303 6730 13193 6661
8455
34177
1836
6893 6730
680
13002 20764 25091
8607
8758 20612
48526
8422
20764
1221
49463 13193
28917 8359
286
20080
6461 8218
28220
12637
39821 9002
41497 3257
25152 3257 19151 12654
18881
50300
8222
6720
4589 3257
9304
33891
202194
8359
13193
50304 57381
20932
3549
51185
19151 19151 9002
13237
49605
29140
8596
6661 198290
28329
9002
12586 3257
3303 29222
22652 3257
57381
6730 6730
29686
702
29608
198290
28138
38930 8283
15605
8218
51395
3257 31122
1136
6667
4809
29222
10429
196621
12654
64396
20612
16347
58308
31122
50620
8283
25091
3267
1764
1280
