#src/zombie.py
# GMT Mon Oct  1 05:20:19 2018
# 
52873 18881 52720
1916 2914
22548 16735
14061 1299
7018 2914
34781 13030
198545 29152 174
8447 3320 6720
53070 10429
37239 4809
29075 174 50620
5396 3356
6453 22652 2914
701 3356 2497 1280 702
8468 13101 3549 12654 20562 34019 37497
3252 702
48039 12586 8596
29551 25220 3257
16735 1299 28138
57821 12586
3491 28513 2914
24785 1136 174 24785
35054 3303
6730 513 174 6730
35699 174
2895 3267
29691 15576
3356 1853 3549 51185 8426 3257 286 41095 2914 12956 6762 8607 3320 9002 1299 5511 49605 174 37271 29222 8422
1853
263321 263584 7738
4777 2497
13030 31424 51395 1299 58299
9189 8422
30132 12859
45896 3549
8220 5511 15547
1239 4637 2914
12956 18881 10429
41497 3257
12859 9002
37497
5511
29152 58308
1273 6667 1299
15435 3257
37271 327995 174
24482 174
47872 6762
4230 28513 262757
52863 6762
198385 202194 41562
8426
12874 3303 15605
31424
59689 30781
12350 174
15547
29680 174
3333 1136
59891 51395
5392 174
25933 3549
31463 50300 56730
28917 39821 174
1103 3257
20562
58299
2613 6893
327995
42708 57381 50304 1299
513
57118 196621
4637 1221
4589 3257
41562 15576
41095
2914 7575 30781 3320 4713 9002 20080 3257 6762 12654 8607
553 680
7738 3320
1299 3267 38930 62567 8943
8607 30844 12654
198249 15576
2497
263584
19151 174
29222
15576 196621 3303 34288 8758
14361 3257
62567
25160 174
8943 50763
30844
262757
34288
56730
7575
30781
3320 4809 3303 8222
8455 3257
34177 174
1836 174
6893 25091
680 174
13002 20764 25091
8758 20612
8422
20764 174
1221 4608
28513
49463 174
286
13101 12586
20080
25220
28220 6762
34019
12637 174
39821
52720
4713 25152
25152
18881
50300 174
8222
6720
9304 174
202194
4608
50304
20932 174
50763
3549 16397
51185
16397 263075
13237 3257
49605
29140 174
8596
28329 6762
9002 12654
12586
22652
57381
174 12779 64396 29608 174 8218
29686 3257
702
29608
28138
38930 8283
15605
8218 16347
51395
263075
3257 31122
1136
6667
4809
6762
10429
196621
12654
64396
20612
12779
16347
58308
31122
50620
8283
25091
3267
3303
1280
