#src/zombie.py
# GMT Sat Sep 29 09:34:31 2018
# 
41497 174
6667 57111
23106 52320
57463 57111 29686
16245 174 205206
41722 20764
20080 2914
7473 1299 4844
49605 57111
263152 6939
198249 13030
29686
49463 13193
38001 4657
202032 6939
52320 57111 52863 22548
1273 1299
328145 328206 6774
263075 6939
12307 59414
264911 6939
39351 57111
37640 6939
2110 39122 5400
59689 30781
29208 15685 57111
50300 31463
58299 13030
1251 1916 28571
28917 57111
1916 174 52888
4844 37989
56730 31463
266534 16735
25160 174
6720 8447
29608 57111
20764 8359
13193 57111
6453 3257
37468 57111 52720
15547 57111
57111 12637 136620 20676 198385 50763 9002 31025 8220 6939 50877 8218 30781 30844 50620 31122 20932 6894 47147 16347 13101 60501 553 24482 6695 2613 50304 35266 286 48526 12874 31424 29140 33891 31463 2857 8359 6661 52873 12779 31742 25091 8447 43100
9002
1103 8758 12654 286 3333
3491 3257 4657 22356
5396 6939
57381 50304
8455 12654 20495 13030 3356 8283
328206
50620
1280 6939
196621 15576
43100
47147
3356 286
13101 34549
22652 3257
1299 15435 3257 14061 680
6730 174 513 6730
24482
50304
8896 174
48526
12874 15605
701 3257 2497
59891 136620
263702 18747
33891 33891 47692 39392
9304 6939
47692
29691 13030
262317 6939
2914 15562 14907 3257 5400 7575
8359
52720
25220 29551
12779
7575
3333
12637
3257 8928 12859 174 6774 7018 6762
136620 136620
20676 12586
6774
29680 8928
31025 29551
8283
1836 20612 13030
262757 16735
30844
205206
20612
20932
7018
680
15562
12586 57821
206356 199714
60501
29075 174
12859 12654 286 6939
2613
50763
553
15685 6881
52863
57821
19151 174
39392 29504
28571
22548
31463
16735 174 6939
37989
25152 23148
28634 22356
52873
4777 2497
34288 13030
59414 13030
35369 13030
25091
8426 6695
202194 13030
29504
14907
6695
198385
50877
14061
513
15605
8220 15576
6939 13030 8607 12654 263508 53067 23148
30781 34019
8218
5400
6881
31122
39122
35266
21232 13030
4657
18747 174
16347
8758
198290 6661
8607
13030 199714
52888
64463 174
12654
34019
37271 174 37239
15435
31424
29140
286
24611 51405 6661
199714
34549
6762
29551
2497
8928
2857
51405
29636 174
6661
174
20495
37239
263508
31742
22356
15576
53067
6894
8447
23148
