#src/zombie.py
# GMT Mon Oct  1 04:55:40 2018
# 
1916 1251 52888 174
14061 2914
7018 1299
34781 13030
8447 6939 6720
30844 6939
53070 12989
25160 174
263152 6939
47872 12713
37989 4844
1836 20612 174
5396 6939
701 2497 1280 1299 1273 703
6461 7575 1299 8218
20932 174
2613 6893
21320 174 1853
3320 3303 6939 1299
16735 12956
59891 6939
12713 1273
8455 2914
3549 3356 24611 52720
57821 12586
57866 174 8283
8763 5539
6893 25091
680 553 3356
8426 6939
174 35369 198385 49463 12779 6667 29075 19151 10026 1299 2857 41497 31122 29140 174 64396 9304 6730 198290 37271 48526 29636
13002 20764 25091
16347 8218
8758 13030
48526
8422 6939 9189
3356 20676 9002 29608 6939
263651 6939
52888
1853
28917 6939
29075
8943 13030 50763
29608
49463
9189
286 1299 1103
20676 12586
202032 6939
19151 25152
29691 15576
6453 1299 62567 29686
25220 6939
37239 37271
4844 2914
12956 1299
34019 3303
13030 12654 31025 50620 1299 8607
29636
41497
25152
12859 6939 3333
50300 5580 31463
24482 4657
6720
703 6939
9304
6939 31424 52863 263075 262317 3257 22652 37640 12654 1299 4657 264911 28329 29680 15547 58299 15435 12989 29208
202194 198385
12989
12654 21385
50763
5580 3257
15435
52720
37271
29208 15685
8928 10026
15685 6881
50304 42708
24611 51405
52863
20764 8732
64396
35369
3333
12874 3303 15605
15547
49605 3257
29140
59689 8218
8596 48039
34288 15576
4657
264911
28329
29680
9002
12586
20080 2914
22652
56730 31463
57381 42708
263075
31463
6730 513 6730
29686
58299
1103
1251 28571
198290
15605
8218
7575
262317
31424
42708 1299
48039 31025
1273
5539 21385
513
57118 196621
4589 2914
3257 1299
12779
8732 1299
6667
10026
37640
196621 15576
2914 1299
553
20612
1299 1299 6762
8607
198249 15576
2497
6881
51405
31122
50620
31025
198385
21385
8283
25091
6762
28571
15576 3303
3303
1280
2857
62567
