#src/zombie.py
# GMT Sat Sep 29 12:52:16 2018
# 
41497 3257
6667 1273
16245 205206 1299
41722 20764
20080 2914 1251
1853 6720 3356
49605 3257
263152 262375
8943 50763 1299
198249 13030
29686 3257
49463 13193
38001 4657
8732 20764 1299
3320 174 33891 47147
202032 57111
45896 9002
52320 23106 52863 16735
1273 1299
328145 328206 6774
263075 6939
12307 59414
264911 6939
39351 42708
37640 6939
2110 39122 5400
59689 30781
29208 15685 2914
50300 174
58299 13030
1251 28571 52888
28917 1299
1916 2914
25152 2497
4844 37989 2914
56730 31463
266534 18881
25160 174
6720
29608 3356
20764
13193 1299
6453 174 29075 37271
37468 3257
15547 3356
8607 6939
50763
9002 12654 8758 3356
1103 3257
18881 12956
3491 174 4657
5396 6939
57381 50304
8455 20495 13030 8283
328206
50620 174
3549 16735 24611 22548 52720 52873 6774 3356 262375
1280 2914
12956 174 10429
6894 2516
47147
3356 22652 553 8426 174 8896 20676
22652
1299 50304 62240 174 14061 15435 48526 31742 42708 680 29075
24482 174
47692 33891
50304
34019 30781
48526
12874 15605 3303
701 174 2516 2497
59891 136620
263702 18747
33891 34549 39392
9304 3257
59414 13030
29691 13030
2914 5400 35266 174 16347 15562 25091 30781 7575 2497
22381 16735 53070
52720
25220 29551
12779 3257
7575
3333 12859
12637 3257
3257 31122 29636 174 29140 29680 29551 60501
136620 136620 62240
20676 12586
6774
29680
8283
1836 20612 13030
262757 6939
30844 6762
205206
20612
20932 174
6830 174 513 6830
7018 174
680
15562
12586 57821
553
14840 262375
60501
29075 15576
12859 35266
2613 6939
57111 174 12654 6939
15685 6881
52863
57821
19151 174
39392 29504
28571
22548
31463 6762
16735 263508
37989
6461 8218 174
62240
28634 22356
52873
4777 2497
34288 13030
35369 13030
25091
8426
202194 13030
29504
14907 13030
3303 174
27715 22356 10429
198385 15576
50877 6762
14061
513
15605
6939 262317 13030 31424 53067
30781
8218
5400
6881
31122
39122
35266 12654
21232 13030
4657
18747 174
16347
8758
198290 6661
53070
262317
13030
52888
64463 174
12654
8896
2516
37271 174 37239
15435
31424
29140
42708
24611 51405
10429
34549
6762 174
29551
2497
23106
2857 174
51405
286 174
29636
6661 174
174
20495
37239
263508
31742
22356
15576 196621
262375
53067
196621
