#src/zombie.py
# GMT Mon Oct  1 04:42:48 2018
# 
52873 18881 52720
1916 52888 174
22548 16735
14061 1299
7018 174
34781 13030
8447 3320 6720
53070 10429
37239 4809
29075 58308 174 1299 50620
5396 6762
6453 174
701 3356 2497 174 702 1280 23148
8468 3549
6461 7575 174 8218
3252 702
16735 12956 28138 2914
57821 12586
4589 3257
30844 9002
35054 3356
35699 2914
2895 29076
29691 57118 15576
3356 3356 30781 3320 9002 51185 680 3549 34177 5511 31463 6762 174 41095 29608 8426 12956 8607
51405 24611
52888
1853 1764
263321 263584 7738
4777 2497
13030 51395 1299 1836 58299
9189 25074
30132 12859
19151 174 12654
8220 3320 15547
12956 10429 18881 174 28220
41497 3257
12859 9002
262589 28329 1299
3216 20764 1273
5511 48526
1273 6667 1299
5580 50300 174
15435 1299
37271 4809 327995
8222 3320
24611 6661
198385 202194 41562
8426
3491 174
12874 3303 15605
327995
59689 30781
12350 1299
15547
29680 174
3333 1136
59891 51395
5392 174
25933 26615
31463 56730
58299
1103 3257
29076 12389
20562 9002
2613 25091
262317 10429
31424 33891
42708 50304 1299
513 3320
57118
50763 8943
41562 15576
12779 174
41095
2914 12637 29686 47872 174 9002 20080 25160 16347
553 33891
7738 3320
1299 20932 8455 8943 22652 49605 174 28917 13237 38930 25074 62567
8607
198249 15576
2497
263584
4637 1221 209
26615 6762 16397 26615
29222 174
4608 1221
15576 196621 3303 34288 8758
14361 209
62567
22652
25160
12389 9002
34177
47872
34288
56730
7575
30781
3320 3320 4809 33891 1764 3303 25220 13193 6661
8455
8943
1836
680
13002 20764 25091
8758 20612
48526
20764
1221
49463 13193
28917
286 174
13101 12586 174
20080
25220
28220
23148 25152
34019 3303
12637
39821 9002
52720
25152
18881
50300
24482 174
6720
9304 3549
33891
202194
13193
50304 57381
20932
3549
51185
16397 263075
13237
49605
29140 174
8596 8596 1764
6661 198290
28329
9002 1136 12654
12586
3303
209 174
25074
57381
174 3257 64396 6762 174
29686
702
29608
198290
28138
38930 8283
15605
8218
51395
263075
3257 31122
1136
6667
4809
6762
10429
196621
12654
64396
20612
16347
58308
31122
50620
8283
25091
1764
1280
