#src/zombie.py
# GMT Sat Sep 29 12:46:36 2018
# 
12637 174
41497 174
3257 31122 12779 49605 174 50300 9304 9002 29551 29680
4657 3491 38001
64463 174
20676 12586 6939
34019 29075
16245 174 205206
41722 20764
29680
20080 2914
16347 2914
13101 174 34549
263702 3549
1836 20612 13030
262757 6939
8943 50763 1299
12956 6939 10429
29686 6453
15562 2914
49463 13193
9304
39351 174
20932 174
1273 6667 1299
27715 22356 10429
38001
12586 57821
47692 33891
20612
3320 174 3303
7018 174
202032 6939
31463 56730 50300
553 33891
5511 174 29608 5511
51395 59891 174
29636 174
59689 30781
29075 174
52320 52863 16735
4635 9002 6939
12859 6939 3333
2613 6939
50763
5400 2110 1299
12307 59414
14061 1299
264911 6939
15685 1299 6881
52863
57821
19151 174 25152
37640 6939
2110 39122
680 1299
51405 6939
6461 8218 174 7575 14907
22548 6939
50300 6939
58299 13030
1251 28571 6939 52888
28917 1299
37989 4844
1916 174
25152
4844 2914
3491 174
56730
198290 6661
52873 3549
263152 6939
34288 13030
25160 174
59414 13030
6720 8447
25091 2914
28634 22356
29608
20764 12654 6939 174 57111 3356
13193 1299
25220 29551
202194 13030
37468 6939
14907
15547 3356
6939 263075 13030 8607 12654 286 31424 6939 33891 30844 262317 53067 52720 3356 263508 5396 24482 266534 8447
50877 174
198385 15576
57111
9002 8758 2914 12654 3356
1103 286
513 174
15435 1299
5396
3303 12874
8455 20495 13030 8283
8218
263075
15605 12874
50620 174
6881
31122
39122
3549 3356
30844
1280 2914
21232 13030
198249 13030
196621 15576
6667
47147 1299
3356 22652 1299 8426 174 30781
8758
22652
1299 50304 174
205206
24482
266534
4777 2497
53070 10429
34549
8607
29504 39392
50304
13030 29691 35369
52888
35369
12654
8426
8896 174
37271 174 2914 37239
262317
48526 174
12874
31424
29140 174
286
10429 23106
59891
8283
33891 39392
6762 174
39392
29551
29691
2497 2914
23106
2857 174
28571
2914 174
16735 174
49605
6661 174
174 31742 15576 174 6894 6453
20495
52720
37239
6453
263508
31742
7575
22356
15576
30781
12779
53067
6894
8447
3333
