#src/zombie.py
# GMT Mon Oct  1 05:40:06 2018
# 
37468 174
198385 29075
2857 174
12989 22548 16735
22548
24785 20562 1299
264911 6939
57821 6939
62567 6453
174 6762 701 29680 174 12956 6453 50300 3356 19151 51395 286 3257 31133 5511 22652 64396 29140 20932 12637 7018 6667 1299 41497 25160 16347 9304 25512 29636 29075 6461 2914 553 50620 21320 12779 1916
43100 49605
286
12874 3303 15605
198249 13030
28917 6939
22652
1273 1299
198290 6661
56730 31463
41722 20764
2914 4844 50300 20080 6661 9002 7575
15435 1299
8455 8283 13030
12859 6939
1280 1299
25074 3356 9189
29608 3356
31133 31261
20080
16347
31463 50300
25512 6881
15547 6939
1257 3333 1239
41497
50300
8218 6461
16735 1299
2497 701
12779 31025 3257 6939 12654
5539 8763 21385
8607 6939
3320 3303 3257
51395 59891
7018
3356 49605 1239 6939 9002 1299
37271 1299
4844 37989
8763
50620
49463 13193
6939 49605 37640 263152 25220 263075 30844 263651 1299 262317 37497 37239 29686 5396 21385 53067 202032 12654
6661
29140
37239
3257 4589 31122 1103
47872 44217
6881
52863 6762
44217 6762
262317
8596 48039
48526 5511
18881 52873 12956
12637
15576 6772 196621
34019 3303
34288 13030
15605
37989
50304 42708 57381
58299 13030
29680
680 1299
5511 30781
1103
50763 8943
23106 52320
34781 13030
31261 41617
20612 1836
1251 28571 1916
52320 1299
42708 1299
28571
14061 1299
31424 49605
9002 49605 9002
30781 59689
7575
64396
6762 1299 12956
1836 13030
49605 1299 8758 20562 12654 51405
13030 1299 35369 202194 6772
8758
12956 10429
8283
41617
3333
8732 20764 1299
8928 10026
9189
263075
13193 1299
20932
37640
263651
59689
25160
4589
29686
9304
51405
29636
29075
23148 701 25152
1916
21385
25220
202032
21320 1853
5396
701
6893 25091 2613
25091 13002
59891
2613
10026 1299
263152
20562
57381
25152
19151
53067
1299 8943
1239
8426 6453
196621
31025 48039
6720 1853
30844
202194
13002 20764
6667
24482 6453
48039
37497
4230 262757 6453
1853
6772
6453
262757
52720 52873
35369
8943
6461
53070 10429
553
20764
3303
52873
12654
31122
10429
