#src/zombie.py
# GMT Mon Oct  1 05:33:17 2018
# 
52873 18881 52720
1916 2914
22548 3549
14061 1299
7018 174
34781 13030
198545 29152 174
8447 3320 6720
53070 10429
37239 4809
29075 174 50620
5396 6762
6453 174 29686
701 4134 2497 4230 702 1280 1299
8468 3549
6461 7575 1299 8218
3252 702
48039 12586 8596
16735 52320 28138 12956
57821 12586
3491 174 12389
30844 12779
35054 3303
174 20764 50304 3356 25160 3257 12779 286 6762 1764 19151 2914 12350 7738 1299 16347 12637 29140 29680 31122 50300 24482 64396 5392 9304 680 174 28917 38930 35699
35699
2895 29076
29691 57118 15576
3356 20932 3549 51185 8426 49605 22652 12956 5511 6762 41095 3303 1299 8607
51405 24611
1853 1764
58299 13030
4777 2497
13030 31424 51395 1299 1836
9189 8422
30132 12859
202032 12779
19151 25152
8220 3320 15547
1239 4637 1299
12956 47872 10429 18881 28220 1299
41497 3257
12859 12779
37497 49605
5511 48526
29152 58308
50300 31463 49605
15435 1299
37271 4809 327995
8222 3320
24611 6661
4230 262757
52863 6762
198385 202194 41562
8426
12874 3303 15605
327995
59689 30781
12350
15547
29680
3333 1136
20080 2914
5392
25933 3549
31463 56730
263321 263584 7738
1103 286
29076 12389
20562 12779
2613 6893
31424
42708 50304 1299
513 6730
57118
50763 8943
41562 15576
12779 6661 28929 3257 12779 49605 12654 34019
41095
2914 4589 30781 9002 8455 14361 1299 6762 34177
553 680
7738
1299 1273 52320 8943 286 49605 13237 3320 62567
8607
198249 15576
2497
263584
4637 1221
45896 3549
29222 3303
4608 1221
15576 196621 3303 34288 8758
14361
62567
28929
25160
12389
8943
47872
262757
34288
56730
7575
30781
3320 6730 3257 3303 25220 8422 13193 6661
59891 51395
8455
34177
1836
6893 6730
680
13002 20764 25091
8758 20612
48526
8422
20764
1221
49463 13193
28917
286 1136
13101 12586 49605
25220
28220
34019
12637
39821 49605
52720
25152
18881
1273 6667
24482
6720
4589
9304
202194
13193
50304 57381
20932
3549 16397
51185
52320
16397 263075
4134 4809
13237
49605 43100 9002 29608 12654
29140
8596
6661 198290
28329 6762
9002
12586
3303
22652
57381
6730 6730
29686
702
29608
198290
28138
38930 8283
15605
8218
51395
263075
3257
1136
6667
4809
6762
10429
196621
12654
64396
20612
16347
58308
31122
50620
8283
25091
43100
1764
1280
