#src/zombie.py
# GMT Mon Oct  1 04:43:02 2018
# 
37468 174
50620 174
8422 9189 174
2857 6939
12989 22548 16735 22381
37640 6939
22548
52720 52873
57821 12586
62567 3356
174 6762 64396 1836 37271 10026 12956 52320 19151 29680 29140 174 20932 12637 6667 25160 1280 6730 12779 48039 9304 25512 29636 29075 41497 553 20764 16735 1916 31122
58299 6939
12874 3303 15605
198249 15576
28917 6939
22652 6939
198290 6661
56730 31463
41722 20764
2914 20080 12956 6661 4844 6939
8447 6720 3320
15435 6939
8455 13030
12859 6939
1280
513 6730
29608 6939
31133 6762 31261
20080
16347 6939
31463 3356
25512 6881
15547 3356
1257 3333 1239
41497
50300 3356
12586 20676
8218 6461
16735 6762 262757 1299 6939 14840 4809
2497 701
12779
5539 8763 21385
8607 6939
7018 6939
3356 6762 49605 44217 680 14061 20676 6939 25220 9002 30781
264911 4809
37271 37239 6939
4844 37989
8763
34288 15576
49463 13193
21385 6939
6661
16265 38930 6939
3257 6939
47872 44217
6881
202032 6939
44217
50304 42708 6939 57381
8596 48039
48526 5511
18881 52873 4809
12637
15576 3303 196621
34019 3303
1916 1251
37989
12307 57118
286 1103 6939
23106 52320
5511 6939
1103
50763 8943
48166 9002
57118 196621
38930 8283
15605
1251 28571
52320
53067 6939
28571
31424 6939
9002
30781 59689
7575 6939
64396
701 12956
1836 20612
49605
13030 6939
8758 6939
12956 6762 1239 6939 10429
20612
8283
14061
3333
8928 10026
9189
263075 6939
13193 3320
20932
22381 53070
263651 6939
1764 35369 3320
20676
59689
25160
262317 4809
4589 6939
29686 6453
9304
51405 6939
29636
29075 198385
31261 41617
3320 6762 1299 6939 3303
6939 6453 42708 59891 8426 37497 6762 30844 24482 8943 6461 5396 1273
25220
52863 12654 4809
41617
5396
4809 4809 10429
6762
6893 25091 2613
25091 13002
59891
2613
10026
14840
198385 202194
553
25152 19151
29680
19151
42708
1299
1239
196621
29140
6720
30844
202194
13002 20764
6667
24482
48039
37497
1273
6730 6730
680
8426
6453
262757
31122
35369
8943
6461
53070
57381
20764 20764
3303
52873
12654
37239
10429
