#src/zombie.py
# GMT Mon Oct  1 04:01:28 2018
# 
8387 3320 1764 12654
1916 2914
22548 3549
14061 3356
7018 1299
34781 13030
8447 3320 6720
53070 10429
37239 4809
29075 174 50620
5396 3356
6453 24482 174
701 4134 2497 3320 702 174 1280 1299
8468 3549
25220 3320
3252 702
48039 12586 8596
16735 28138 3549
57821 12586
3491 174
30844 13237
35054 3303
35699 2914
2895 3267
29691 57118 15576
3356 3356 1853 19151 3549 51185 8426 25160 34177 8732 41095 1764 20932 30781 3320 9002 680 22652 1836 31463 33891 174 14361 8422
51405 24611
1853
263321 263584 7738
4777 2497
13030 51395 1299
9189 8422
30132 12859
202032 1764
19151 25152
8220 3320 15547
1239 4637 174
12956 18881 3320 7738 10429
52720 52873
12859 13237
5511 1299 48526
6939 47872 12654
50763 8943
15435 1299
37271 4809 327995
24482
24611 6661
52863 4809
198385 202194 41562
8426
12874 3303 15605
327995
59689 58308 30781
13237 6667 3320 8359 12654 1299 6661
15547
48526
3333 1136
59891 51395
5392 3549
25933 3549
31463 56730
58299 174
1103 3257
20562 1764
7575 6461
262317 10429
31424 33891
42708 50304 1299
52873 18881
513 3320
57118
4637 1221
4589 2914
41562 15576
41095
2914 12637 9002 50300 8455 20080 29140 29686 174 8607
553 680
7738
1299 8943 3267 6762 174 3320 6461 62567 8218
6762 28329 3320
8607
198249 15576
1136 286
2497
263584
29222 3303
15576 196621 3303 34288 8758
14361
62567
25160
8943
47872
34288
56730
2613 25091
30781
3320 3320 8222 3257 286 174 3303
8455
34177
1836
680
13002 20764 25091
8758 20612
8359 28917
8422
20764 8732
1221 4608
49463 8218
28917 39821
286 174
13101 12586 1764
20080
6461 174 8218
28220 3549
34019 3303
12637
39821
41497 3257
25152
18881
50300
8222
64396 174
9304 3549
33891
202194
57866 8283 9002
4608
50304 57381
20932
3549 16397 4809
51185
16397 263075
4134 4809
12350 174
49605 9002
29140
8596
6661 198290 174
28329
9002
6720
12586
3303
22652
57381
174 29680 31122 29608 1764 12779
29686
702
29608
198290
28138
15605
8218 1764 16347 8218
51395
263075
3257
8732
6667
4809
29680
10429
196621
12654
20612
12779
16347
58308
31122
50620
8283
25091
3267
1764
1280
