#src/zombie.py
# GMT Fri Sep 28 22:09:11 2018
# 
50620 174
6881 15685
12874 3303 15605
31463 50300 56730
680 1299
196621 15576
1239 1257 3356
202032 6939
37989 4844
2613 6893
42708 1299 50304 57381
21385 20764 5539
30844 6939
12989 16735 22548
20676 1299 12586
57381
1251 6939 28571
7575 2914
13193 3320 49463
6667 1273
8607 6939
25160 174
202194 13030
29686 57463
262757 4230
12637 174
25220 6939
20612 1836
34288 13030
9189 25074
52863 6762
37640 6939
12586 57821
6772 13030 15576
15547 1299
29636 174
34781 13030
16347 2914
12654 20764 41722
50763 8943
52873 52720 18881
64396 174
59689 30781
8943 1299 8943
49605 174
23106 10429
1103 3257
35369 13030
1764 8596 174
57463 6939
28917 1299
41497 174
22548
37468 174
15435 174
50304
6461 174 8218
15576
25074 3356
8447 6939 6720
2857 174
29680 174
10429 12956 53070
53067 6939
8928 10026
3320 1299 3303 6939
3303 34019
24785 1299 20562
10026 1299
1916 174
262317 6939
37239 37271
8763 5539
59891 6939
264911 6939
20080 2914
12859 9002
701 2497 3356
44217 1299 47872
28329 3549
4589 2914
8218
6893 25091
1299 1273 62567 174 14061 16735 3356 20485
25091 13002
6720
31133 174 31261
14061
286 174
29140 174
31261 41617
15605
31424 6939
198385 29075
8426 3356
56730
37271 6939
49463
5396 6939
50300 174
1273
553 174
51405 20764
4230 6453
1257 3333
13030 1836 198249 6939 58299 8455
37497 6939
25152 2497
15685 29208
62567
41617
47872
3333
30781 5511
6453 174 3356
22652 174
48526 5511
41722 20485 20764 9002
7018 174
24482 174
13002 174
5511 174 3356
174 12956 12779 198290 20764 3356 19151 29075 174 6762 1280 31122 9304 3257 2914
43100 20764
34019
9002 3356
198249
12956 3356 18881
58299
263152 6939
8283 8455
18881
198290
20562 20764
20764 3356 6939 29208
5539
29208
3356 2914 3549 6939 29608
4844 2914
12779
52720
29608
1836
263651 6939
57821
29075
8596
28571
6762
8758 6939
53070
8455
1280
31122
9304
3257
3549
2914
20485
6939 263075 2497
263075
19151
16735
2497
