#src/zombie.py
# GMT Fri Sep 28 18:07:06 2018
# 
50620 6939
6881 15685
31463 21396 56730
680 3356
196621 15576
1239 1257 174
202032 6939
37989 4844
2613 6893
37468 6453
21385 5539 3356
30844 6453
12989 16735 53070 22548
20676 12586 3356
25152 2497
1251 28571 1916
7575 2914
13193 1299 49463
13030 1299 1836 34781 35369 58299 6772 8455
8607 2914
6453 62567 174 29686 29608 21396 24482 6453
56730
202194 198385
6830 6830 174 513
12637 2914
25220 2914
20612 1836
9189 8422
52863 6762
37640 6939
12586 57821
6772 15576
15547 3356
59891 51395
34781
35369
12654 6939 49605 12779
50763 8943
64396 174
59689 30781
264911 10429
49605 20562 43100 3356 12779 8758 5396
29691 15576 198249
8365 2857 2914
23106 10429
1103 286
16347 174
37497 6939
48526 1273
28917 1299
41497 3257
22548
42708 1299 50304 57381
15435 1299
50304
6461 174 8218
15576 34288
15605 3356
29680 8928
10429 12956 53067
53067
8928 1299
8943 1299
20932 1299
262317 6939
37239 37271
8763 5539
29636 2914
28329 3549
20080 2914
12859 2914
8732 1299 20764
701 174 2497
44217 47872 3356
513
4589 2914
8218
6893 25091
1299 24785 1273 174 29075 31133 14061 8422 37271 553 6939 16735 15685
25091 13002
31261 41617 31133
6720 1853
31133
14061
286 8596 174
29140 2914
8422
553
1916 2914
31424 12779
198385 29075
34288
37271
49463
5396
50300 2914
1273 6667
51405 24611
29075
1257 3333
6667
22652 3356
2857
57381
15685
62567
41617
47872
3333
30781 34019 2914
25160 174
1853 3356
7018 174
24482
24611 3549
13002 20764
24785 20562
174 19151 6762 1280 3257 3356 2914 12779 16735
43100
34019
2914 9002 4844 6661
51395 3257
198249
12956 6762
8426 3356
263152 6939
58299
198290 6661
20562
20764
5539
3356 3549 6939
4844
12779
262757 16735
21396
52720 3549
29608
1836
263651 6939
57821
29686
8596
28571
6762
8758
53070
8455
1280
31122 3257
9304 3257
3257
3549
9002
6939 263075
263075
19151
16735
2497
6661
