#src/zombie.py
# GMT Fri Sep 28 16:45:42 2018
# 
57118 29691 12307
59891 51395
33891 31424 553 3356
28220 12956
2613 6893
30844 6939
12989 23106 22381 1916 22548
12350 174
25152 6939
1251 52888 20080
1221 4608 4637
5392 3549
8943 50763 1299
8607 2914
52863 263651 4809 6762 12654
12637 174
25220 2914
12586 3257 57821 48039
12654 28329 1916 52720
50763
3303 174 12874 34019
59689 30781
8455 2914
29691 174 15576 198249
1103 3257
45896 3356
51185 3356
22381 53070
198290 2914
22548
37468 1299 6453 37239
6461 7575 174 8218
680 3356
8447 3257 6720
10429 12956 4809
3252 9002
263584 263321
59414 13030
30132 12859
1916 174 2914 263152 14840 1916
28329 6939 6762
20080 6762 2914
8732 20764 3356
198545 3356 29152
4589 2914
24611 51405 6661
6893 25091
9304 3257
6720
14061 3356
286 174
28513 3257 4230
31261 41617 3216
4777 2497
327960 327782
34288 15576
37271 174 327995 2914
5396 6762
202194 198385
1273 24785 3216 174 6667
8283 38930
13030 1299
13237 2914
198249
57381 50304
62567 3356
25074 9189 3356
47872 2914
25160 3356
48526 3356
14361 3356
25435 47176
7018 174
24482 6453
174 1299 15623 51395 12956 29222 3491 3356 15576 12779 37100 64396 6453 19151 29075 6762 47176 3257 20932 2914 6661 701 49605
34019
41095 3356 13002
22652 3257
48039 8596
263152
58299 15623
29222
35699 2914
3356 35054 15576 8426 3356 34177 1836 8359 29608 15547 3549 8222 31463
12779
14840
29608
1836
327995
15605 12874
8596
58308 29152
6762 1239 41497 2914 7738
53070
56730 31463
1280 701
263321 7738
8218 49463
9002 2914
1136 24785 3333
19151
16735 3549
2497 2914
29686 2914
35054
4134 4809 4637 6453
196621 15576
37239
42708 1299 50304
3491
31463
6667
6453
41722 20764
262757 4230
20612 8758
12874
15547
2603 3267 1299
264911 52720
25227 20764
1299 6939
23106
8426
12307
263651
28917 8359 39821
9189
15435 3257
50304
64396
15576 8758
57821
29680 3257
7738 8167 1239
2895 3267
20932
553
12859 2914
701
8222
1239
25091 13002
327782 37100
29140 2914
39821
4637
198385 29075
31424
8359
49463
50300 2914
7575
16347 2914
4230
25933 8167
41617
3333
30781 2914
8167
3257
3216 20764
13002
24785 24785
51395
12956
52888
6939
20764
51405
4608
52720 3549
37100
41497
29075
29152
15623
8758
34177
47176
38930 2914
3549
2914
3267
49605
4809
6661
