#src/zombie.py
# GMT Mon Oct  1 05:00:11 2018
# 
1916 52888 6939 174 12654
22548 3549
14061 3356
7018 174
34781 13030
8447 3320 6720
53070 10429
37239 4809
29075 174 50620
5396 3356
701 4134 2497 174 702 1280 23148
8468 3549
6461 7575 174 8218
3252 702
48039 12586 8596
29551 25220 3257
16735 28138 3549
57821 12586
3491 174 12389
30844 6939
35054 3303
6730 513 3356 6730
35699 174
2895 29076
29691 57118 15576
3356 20764 47872 1853 20932 3549 3356 8426 25160 8732 4809 41095 553 6453 680 12956 6762 8607 30781 50300 34177 1836 31463 29222 48526 29608 174 8359
263651 52863
52888
1853
28917 39821 8359
4777 2497
6830 174 15547
13030 51395 1299 58299
9189 8422
30132 12859
19151 174
6453
1239 4637 174
12956 10429
52720 3549
12859 3257
6939
50763 8943
15435 3257
37271 4809 327995
24482 174
24611 51405 6661
52863 14840 4809 6762 12654 262317 263584
198385 202194 41562
8426
12874 3303 15605
327995
59689 58308 30781
12350 174
15547
14840
29680 3257
3333 1136
59891 51395
5392 3549
25933 3549
31463 56730
58299
1103 3257
29076 12389
2613 6893
262317
31424 3257
42708 50304 1299
513
57118
4637 1221
4589 3257
41562 15576
41095
2914 51185 20080 174 62567 9002
553
12779 174
1299 174 38930 8943
8607
198249 15576
8732 20764
2497
263584
26615 6762 16397
29222
15576 196621 3303 34288 8758
14361 3257
62567
25160
12389
8943
47872
34288
56730
7575
30781
3320 3303 8422 6762 8222
8455 3257
34177
1836
6893 25091
680
13002 20764 25091
8758 20612
8359
8422
20764
1221 4608
49463 8218
286 1136 174
13101 12586 174
20080
25220
28220 3549
23148 25152
34019 3303
12637 3257
39821
41497 3257
25152
50300
8222
6720
9304 3549
202194
48526
4608
50304 57381
20932
3549 28329
51185
16397 263075
51405
4134 4809
13237 3257
49605 3257
29140 3257
8596
6661 198290 174
28329
9002
12586
22652 3257
57381
174 64396 3257
29686 3257
702
29608
198290
28138
38930 8283
15605
8218 16347
51395
263075
3257 31122 6667
1136
6667
4809 4809
6762
10429
196621
12654
64396
20612
16347
58308
31122
50620
8283
25091
3303
1280
