#src/zombie.py
# GMT Mon Oct  1 04:31:02 2018
# 
37468 174
198385 29075 202194
29691 57118 15576
24611 3549 51405
12989 22548 16735
24785 20562 1299
264911 6939
57821 12586
62567 3356
29208 15685 49605
174 6762 3356 2857 19151 3257 1239 50620 64396 20932 12637 6667 1916 1299 1280 25160 4230 6730 9304 2914 29636 29075 41497 52320 3303 16735 12779
286 1299
12874 3303 15605
198249 15576
28917 6939
22652 3356
8359 20764 3356
52863 6762
56730 31463
41722 9002
2914 3356 1299 37271 4844 2497 16347 20080 6661 7575
8447 6720 3320
15435 6939
34019 3303
12859 6939
1280
513 6730
37497 6939
1299 7018 13030 8943 9009 14061 6453 6461 38930 3320 6939 42708 1273
20080
16347
6777 49605 8426
31463 50300 3356 21396
15547 3356
1257 3333 1239
41497
50300
12586 20676
8218 6461
16735
2497
12779 49605 12654 9009
5539 33891 8763
8607 6939
51395 3257 59891
7018
3356 1836 49605 37271 44217 48526 680 25074 3549 29608 9002 30781
37271 37239
4844 37989
8763
50620
49463 13193
6661 198290
43531 8596 6939
25074 9189
42708 50304
3257 8455 4589 29686 31122 1103 29140
47872 44217
6881 15685
202032 6939
44217
50304 57381
8596
48526
18881 52873 12956
12637
15576 8220 196621
34288 9002
1916 1251
37989
12307 57118
58299 6939
23106 52320
1103
21396 6939
50763 8943
48166 9002
29608
57118
38930 8283
15605
1251 28571
52320
53067 6939
28571
31424 49605
9002 49605 6939 9002 41617
30781 59689
7575
64396
1836 13030 20612
49605 8758 6939 20562 12654 5396
13030 35369
8758
9009
8283
14061
3333
8928 29680 6939
3549
9189
263075 6939
198290
12956 10429 6939
13193 3320
20932
37640 6939
263651 6939
20676 6939
59689
25160
262317 6939
4589
29686
9304
51405
8220 6939
29636
29075
3320
6939 263152 30844 13002 24482 33891 25220 12654
25220
20612
41617
5396
33891 553
6762
6893 25091 2613
25091 13002
59891
2613
263152
20562
553
25152 19151
29680
19151
22548
2857
8455
1239
196621
29140
37239
6720
30844
202194
13002
6667
24482
8426
4230 262757
6730 6730
680
15685
6453
1273
262757
52720 52873
35369
8943 8943
6461
53070 10429
57381
20764
3303
52873
12654
31122
10429
