#src/zombie.py
# GMT Mon Oct  1 05:11:37 2018
# 
37468 37239 174
24611 6661 51405
8447 6720 3320
57821 12586
61568 3549 263321
198249 15576
28917 8359
22652 3356
198290 6661
34177 3356
8455 8283 2914
8426 3356
4230 262757 3356
20080 1251 2914
13101 12586 9002
50300 3356
8218 174
16735 22548 3549
12779 174
8607 9002
37271 327995 9002
12350 174
7738 701 8167
9044 59622 20612
3257 1103 174
47872 2914
263584 263321
1836 13030
15576 34288 47176 8758 196621 29691 8220 41562
51185 3356
286 9002
23106 3549
50763 8943
28329 6762
20612
22548
1136 24785 3333
30781 3356 59689
2895 3267
7575 2914
64396 174
701 3356 174 2497 1280
47176 25435
8758
41722 20764
3333
3549 3356 4809 28220 5392 52720
4637 1221 1239
41617 31261
37100 9002 327782
2613 6893
25160 9002
9304 174
25074 3356 9189
29075 198385 174
1916 2914
20562 9002
52863 6762
6893 25091
25091 13002
59891 51395
4713 25152 2914
15605 12874
29680 174
25152
34019 3303
1239 174
12389 3491 31261
25435
9189
13002 20485
327782 327960
30132 12859
5392
41497 174
4608 1221
53070 22381
553 3356
20764 8359 25227
3303 3320
4777 2497
37239
15547 6830
20940 37497 9002
29691
25933 8167
35054 3356
3252 9002
24785 24785 41095
59622 6830
58299 15623
12874 3356
174 6762 3356 49605 19151 2914 6667 1299 24482 15623 6661 6830
3491 3356
8359 3356
45896 3356
56730 51945
2914 6762 62567 16347 14361 29686 14061 35699 25220 4589 13237 19151 29140 9002 12637
20485 9002
15435 1299
1299 8943 50304 42708 13030
12859 9002
1280
513 6830
37497
48039 12586 8596
3267 3356
8167
12586
263321
6830 6830
51395 6939
262757
3356 3356 680 6453 48526 41095 29222 20932 3320 29608 9002
49463 13193
29222
29140
327995
13237
8596
48526
12637
2497
34288
50304 42708 57381
28220
1221
15623
1103
34781 13030
31261
1251 52888
680
42708
9002 30844 8468 8220 39821 51945 6661 12654
62567
49605
13030 31424
16347
8283
14061
13193 3320
20932
41095
41562 198385
202194 198385
327960
29686
51405
8220
3320 8222
6939 12654
25220
29608
6661
52888
5396 6762
8222
6762
31424
35699
25227
198385
57381
19151 12654
39821
51945
196621
6720
30844
59689
6667
24482
8468
14361
12654
6453
8943
4809 22381
4589
22381
52720
