#src/zombie.py
# GMT Mon Oct  1 05:55:35 2018
# 
8387 3320 1764 12654
1916 2914
22548 16735
14061 1299
7018 3356
34781 13030
8447 6720 1299
53070 10429
37239 4809
29075 58308 16347 1299 50620
5396 3356
701 2497 3320 702
8468 3549
6461 20562 8218
3252 702
48039 12586 8596
28220 28220 12956
16735 52320 1299 12956 28138
57821 12586
3491 3257
24785 1136 1273 24785
50300 2914
35054 3303
35699 2914
2895 3267
29691 57118 15576
3356 3320 41095 1764 3549 174 29608 34177 8359
1853 1764
263321 263584 7738
4777 2497
26592 16397 26615
6830 513 6830 3320 15547
13030 31424 1299 1836 58299
9189 8422
30132 12859
202032 8218
45896 3549
6453 3320 29686 8426 24482 22652 5392
12956 18881 10429 3320
52720 52873
12859 13237
37497 13237
3216 20764 1273
6939 3320 51395
50763 8943
15435 1299
37271 4809 327995
24482
47872 6762
4230 3320 262757
52863 6762
198385 202194 41562
8426
12874 3303 15605
327995
59689 30781
19151 174
15547
29680 174
3333 1136
59891 51395
5392
25933 3549
31463 56730 2914
58299
1103 3257
13237 3320 12654 1299 3257
20562
24130 4608 7545
2613 6893
31424
42708 57381 50304 1299
52873 18881
513
57118
41562 15576
12779 174
41095
2914 12637 30781 3320 9002 51185 29140 20080 25160 30844 4589 6762 1764 174 14361 8607 7575
553 680
7738 1299
1299 20932 3257 12350 4809 49605 52320 8422 29551 3320 7545 1273 8455 8943 3267 13193 1280 38930 62567 8218
8607
198249 15576
2497
263584
7545
26615 6762
34177
29222 3303
4608
15576 196621 3303 34288 8758
14361
62567
25160
4589
30844
262757
34288
56730
7575
30781
3320 8222 680 3303 34019
8455
8943
1836
6893 25091
680
13002 20764 25091
8758 20612
8359 28917
8422
20764
49463 13193
28917
286 174
13101 12586 1764
20080
25220 29551
29551
34019
12637
39821 9002
41497 174
25152 1273
18881
1273 6667
8222
64396 174
9304 3549
202194
13193
50304
20932
3549
51185
52320
16397 263075
12350
49605
29140
8596
28329 6762
9002
6720
12586
3303
22652
57381
174 31122 6762 1764 8218
29686
702
29608
28138
38930 8283
15605
8218 1764 8218
51395
263075
3257
1136
6667
4809
6762
10429
196621
12654
20612
16347
58308
31122
50620
8283
25091
3267
1764
1280
