#src/zombie.py
# GMT Fri Sep 28 19:18:47 2018
# 
50620 6939
6881 15685 12654
12874 3303 15605
31463 21396 56730 50300
680 1299
196621 15576
1239 1257 5511
202032 6939
37989 4844
2613 6893
42708 20562 50304 12859 16347 1299
21385 6939 5539
30844 50304
3320 13193 5511 3303 8422
20676 12586 3356
25152 23148
1251 28571 1916
7575 2914
13193 49463
8426 6939
6667 1273
8607 6939
6453 62567 5511
56730
202194 13030
262757 16735
29608 5511 43100 20562 6939 31424 12654
25220 6939
20612 1836
34288 13030
9189 8422
52863 6762
37640 6939
12586 57821
6772 13030 15576
15547 6939
59891 6939
34781 13030
16347
12654 50304
50763 8943
52873 52720 18881
64396 174
59689 30781
8943 1299
49605 3356
23106 52320
1103 3257
35369 13030
1764 6939 1853
48526 5511
28917 6939
1836 13030
22548 12989
37468 37271
15435 1299
50304 6939 57381
6461 5511 8218
15576
15605
29680 174
10429 12956 264911
53067 6939
8928 1299
12989 6939 16735 53070
3303 174 34019
24785 1299 20562
20932 174
262317 6939
37239 37271
8763 5539
29636 174
264911
20080 2914
12859
8732 1299 20764
701 1299 2497
44217 47872 6762
28329 3549
513 174
4589 2914
8218
6893 25091
1299 1273 5511 31133 14061 286 3257 13030
25091 13002
31261 41617 31133
6720 1853
31133
14061
286
29140 6939
8422
553 3356
1916 174
198385 29075
31424
48039 8596 174
8455 8283 13030
37271 6939
15685 6939 29208
5396 6939
50300 174
1273
51405 29208
29075 174
57821
1257 3333
13030 198249 58299
37497 6939
57381
49463
62567
41617
47872
3333
30781 2914
25160 174
22652 3356
1853
41722 20764
7018 5511
24482 174
13002 20764
5511 174 12956 5511 6762 3356 2914 6939
174 174 198290 12779 41497 2857 12637 52320 1280 31122 9304 19151
43100
34019
2914 4844 29208 9002
198249
12956 16735 18881
8283
263152 6939
58299
18881
198290
20562
20764
5539
29208
3356 3549
4844
12779
21396 6939
52720
12637
23148 6939
41497
263651 6939
2857
29686 6939
8596
28571
6762
8758 6939
53070
52320
1280
31122
9304
3257
3549
9002
6939 263075 16735
263075
19151
16735
2497
