#src/zombie.py
# GMT Mon Oct  1 04:47:06 2018
# 
1916 20080
22548 3549
14061 3356
7018 2914
34781 13030
8447 3320 6720
53070 12989
37239 4809
29075 6762 50620
5396 6762
6453 24482 62567 2914
701 2497 23148 1280 702 2914
8468 3549
25220 3356 3320 12654 29551 1299 3257
3252 702
48039 12586 8596
29551 31025
16735 52320 28138 6762 262757
57821 12586
3491 3356 12389
30844 5413
35054 3303
35699 2914
2895 29076
29691 57118 15576
3356 3356 20932 3549 51185 8426 25160 49605 24785 19151 2914 8607 30781 9002 680 34177 1836 31463 29152 174 41095 8359
51405 24611
1853 1764
263321 263584 7738
4777 2497
13030 5413 58299
9189 8422
30132 12859
45896 3549
8220 3320 15547
1239 4637 7738 2914
52720 3549
12859 3257
3216 20764 1273
5511 48526 2914
29152 58308
50300 5580
5580 3257
15435 3257
263584
8222 3320
24611 6661
262757
52863 6762
198385 202194 41562
8426
12874 3303 15605
327995 37271
59689 30781
12350 174
15547
59891 51395
3333 1136
20080 6762 11096
5392 3549
25933 3549
31463 56730
58299
1103 3257
202194
13237 3257
20562 5413
2613 6893
31424 33891
42708 57381 50304 5413
513 3320
57118
50763 8943
41562 15576
12779 3257
41095
2914 3320 1273 2828 5413 6461 8943 3257 6762 12654 14361 1299
553 680
7738
1299
8607
198249 15576
2497
37271 4809
8218 6461 16347
4637 1221
31025 13101
34177
29222 3303
4608 1221
15576 196621 3303 34288 8758
14361
62567
2828 52320
25160
12389 29076
4589 3257
47872 6762
24785 1136 24785
34288
56730
7575 6461
30781
3320 3320 33891 4809 3303 1764 8422 13193 6661
8455 3257
8943
1836
6893 25091
680 20965 680 174 12654
11096 11537
13002 20764 25091
8758 20612
48526
8422
20965 11537
20764
1221
5413 16265 12654 34019 6661
49463 13193
28917 8359
286 174
13101 12586
16265 38930
6461
28220 6762
23148 25152
34019
12637 3257
39821 9002
41497 3257
25152
1273 6667
24482
64396 174
9304 3549
33891
29076
8359
13193 13193
50304
20932
3549
51185
19151
52320
49605
29140 3257
11537
8596
6661 198290
28329 6762
9002
6720
12586
3303
22652 3257
57381
174 29608
29686 3257
702
29608
198290
28138
38930 8283
15605
12989 6762
51395 3257
3257 29680 31122
1136
6667
4809
6762 12654
196621
12654
20612
16347
58308
31122
50620
8283
25091
29680
1764
1280
