#src/zombie.py
# GMT Mon Oct  1 05:55:35 2018
# 
52873 18881 52720
1916 2914
22548 16735
14061 1299
7018 174
34781 13030
8447 3320 6720
53070 10429
37239 4809
29075 174 50620
5396 3356
6453 3356 6453 29608
701 3356 2497 702
8468 3549
6461 7575 3356 8218
3252 702
48039 12586 8596
16735 12956 28138
57821 12586
4589 3257
24785 1136 6939 24785
35054 3303
174 3356 7738 25160 3491 24482 64396 13101 3257 12956 3267 29680 19151 12350 13002 5392 35699 1299 12779
35699
2895 3267
29691 57118 15576
3356 3356 4230 19151 3549 51185 8426 286 41095 2914 1299 6762 8607 3320 9002 680 34177 12956 3216 5511 6939 8359 8422
1853 1764
28917 39821 1299 8359
4777 2497
1103 3257
13030 1299 1836 58299
9189 8422
30132 12859
45896 3549
8220 3320 15547
12956 47872 10429 18881 28220
263321 263584 7738
12859 9002
3216 20764
5511 30781
6939 51395 25152 1280 7545 30844
24130 4608 7545
5580 50300 3257
15435 3257
37271 4809 327995
24482
47872
4230 262757
52863 6762
198385 202194 41562
8426
3491
12874 3303 15605
327995
59689 58308 30781
12350
15547
29680
3333 1136
59891 51395
5392
25933 3549
31463 50300 56730
58299
52720
20562 9002
7575
31424 33891
42708 57381 50304 1299
513 3320
57118
50763 8943
41562 15576
12779
41095
2914 3320 9002 20080 16347
553 33891
7738
1299 31122 38930 8943 62567 20932
8607
198249 15576
2497
263584
7545
26615 6762 16397
6762 28329
4608
15576 196621 3303 34288 8758
14361 3257
62567
25160
8943
30844
262757
34288
56730
2613 6893
30781
3320 3320 8222 6730 4809 33891 1764 3303 25220 13193
8455 3257
34177
1836
6893 6730
680
13002 25091
8758 20612
8359
8422
20764
16397 263075
49463 13193
286
13101 12586
20080
25220
28220
12637 3257
39821
41497 3257
25152
18881
50300
8222
6720
9304 3257
33891
202194
13193 13193
50304
20932
3549
51185
19151 12654
13237 3257
49605 3257
29140 3257
8596
28329
9002 12654
12586
3303 29222
22652 3257
57381
6730
29686 3257
702
29608
28138
38930 8283
15605
8218
51395
263075
3257 6667
1136
6667
4809
29222
10429
196621
12654
64396
20612
16347
58308
31122
50620
8283
25091
3267
1764
1280
