#src/zombie.py
# GMT Mon Oct  1 05:00:11 2018
# 
8387 1764 12654
1916 52888 174
22548 16735
14061 1299
7018 1299
34781 13030
8447 6720 1299
53070 10429
37239 4809
29075 58308 1299
5396 3356
701 4134 1280 174 2497 702
8468 3549
25220 29551
3252 702
48039 12586 8596
28220 12956
16735 1299 28138
57821 12586
3491 174
24785 1136 1299 24785
35054 3303
174 3356 25160 12779 286 6762 1764 19151 2914 6461 1299 12956 6661 12637 29680 41497 31122 50620 50300 24482 174 64396 5392 9304 3267 6730 29608 29140 35699
35699
2895 3267
29691 57118 15576
3356 47872 1853 28917 30781 9002 51185 8426 3549 34177 12956 41095 1764 2914 20932 14361 1239 1299 8607
51405 24611
52888
1853
263321 263584 7738
4777 2497
26592 16397 3549
13030 31424 3320 58299 51395 1299 1836
9189 8422
30132 12859
202032 1764
19151
8943 1299 50763
6453 1299 29686
1239 4637
12956 10429 18881
52720 52873
12859 13237
262589 28329 1299
6939 1299 25152
50300 31463
15435 1299
37271 4809 327995
8222 3320
24611 6661
198385 202194 41562
8426
12874 3303 15605
327995
59689 30781
13237 13101 49605 3320 30844 12654 1299 3257
15547 1299
29680
3333 1136
20080 2914
5392
25933 26615
31463 56730
28917 39821 1299
1103 3257
20562 1764
58299
7575 6461
262317 10429
31424
42708 50304 1299
52873 18881
513 6730
57118
50763
41562 15576
12779
41095
2914 16347 4589
553 680
7738 1299
1299 3257 8732 12350 29551 1273 22652 20485 13193 38930 62567 8218
8607
198249 15576
8732 20764
2497 3257
263584
4637 1221
26615 6762 26615
6762
4608 1221
15576 196621 3303 34288 8758
14361
62567
25160
4589
47872
30844
34288
1764 6661 8218
56730
2613 6893
30781
3320 680 3320 3303 8422
59891 51395
8455 3257
34177
20485 13002
6893 25091
680
13002 25091
8758 20612
48526 1273
8422
20764
1221
49463 13193
286
13101 12586
6461 8218
29551
34019 3303
12637
39821
41497
25152
18881
1273 6667
24482
64396
9304
202194
13193
50304 57381
20932
3549
51185
16397 263075
4134 4809
12350
49605
29140
8596
6661 198290
28329
9002
6720
12586
22652
57381
6730 6730
29686
702
29608
198290
28138
38930 8283
15605
8218 8218
1836
51395
263075
3257
1136
6667
4809
29222 3303
10429
196621
12654
20612
16347
58308
31122
50620
8283
25091
3267
3303
1280
