#src/zombie.py
# GMT Mon Oct  1 05:26:52 2018
# 
328206 328145
6762 31463 174 30844
6720 8447
15605 12874
18747 174 263702
14907 13030
29075 15576 198385 1299
202032 6939
3333 12859
1103 20965
20612 1836
4657 38001 3491
6894 2516
328145 6774
3491 22356 174
22652 3356
3356 15576 8426 3549 15547 1836 8896 174 2516 20676
29608 5511
680 20965
49605 3257
3549 52720 16735 52873
20495 8455
29686 2914
20932 1299
8732 20764 1299
37468 3257
53067 6939
47692 33891
205206 42525
8896
11537 10764 293 20965
28634 22356
39392 3257 29504
51405 24611
12654 513 25091
1273 6667 1299
38001
39351 42708
29680 3257
2603 21320 12859
559 553 20965
513 6830 513 293 20965 174 21320 6939
12874 3303
52873
62240 136620 1299
8607 6939
28571 1251
264911 6939
29208 2914 15685
50300 2914
28917 1299
263702
42525 3320
196621 15576
9304 3257
56730 31463
6830 6774
15576 29691 3257 21232 34288
6461 174 8218
35266 2914
6667
263152 6939
23106 52320
34019 30781
25091 2914 6939
20965 27750 24490
29636 2914
3257 31122 41497 60501 31742 12779 174
30781 2914 59689
4844 2914 37989
198290 6661
13101 34549 174
1299 8943 13030 15435 42708 38930 13193 14061 52320 5400 50304 174
33891 3320
198385 202194
50620 174
31463
12859
38930 8283
53070 10429
21232
1251 1916
174 12956 37271 7018 25160 16735 701 6661 57111 3320 5511 50877 2914 286 6453 64463
6939 263075 31424 16735 262317 21320 2613 37640 5396 6939
8943 50763
59891 136620
16735 262757 12989 263508 266534
31742
39540 57118 12307
1916 52888 27750
59414 13030
13193 49463
14061
3320 47147 3303 8447
12779
35369 13030
58299 13030
25160
29691 57118
136620 136620
553 2857
59689
60501
12637 2914
262317
266534
263075
52720
25220 2914
16347 2914
20764 41722
24490 24490 7575
8426
6774
20080 2914
9002 2914
50877
2914 2497 19151 29140 1280 15562
50304
42708 57381
286
50763
8455 13030
202194
25152 2497
2516
49463
57821 12586
29504
7018
15562
52888
5511 48526 10764 5511
6881 15685
198249 13030
31122
24611 6661
701 2497
21320 6661
47147
37640
27750
5396
48526
4777 2497
12956 10429
293
34549
37271 6453 37239
31424
22356
3303
37239
19151
8283
8218
12307
10764
262757
15547
2110 39122 5400
6453 24482
64463
20676 12586
41497
13030 1836
12586
24482
57118
22548 12989
57381
7575
34288
30844
15685
5400
8447
39122
52863 52320
2497
37989
41722
15435
1280
29140
57111
12989
2613
263508
52320
1836
10429
2857
6661
