#src/zombie.py
# GMT Mon Oct  1 05:18:29 2018
# 
52873 18881 52720
1916 2914
14061 1299
7018 174
34781 13030
59891 51395
6730 513 3356 6730
25160 174
12389 1299 48166
37239 37271
553 680
37989 4844
1836 13030 20612
5396 6939
34288 13030
6461 7575 174 8218
263674 28329
20932 174
2613 6893
21320 3356 1853
30781 34019 2914 59689
16735 6939 262757 3549
12713 1273 47872
8455 13030 8283
57821 12586
263152 6939
8763 5539
6893 25091
264911 6939
680 3356
8426 3356
174 3356 29680 198385 24482 64396 3257 12956 9304 286 6762 19151 2914 6453 1239 1299
13002 20764 25091
16347 8218
8758 6939
8359 20764 6939
29636 2914
20764
8365 2857 2914
1251 20080 28571
1853 6720 3356
28917 3356
29075 1299
8943 1299 50763
29608 3356
49463 13193
53070 10429
286
8422 9189 1299
6881 15685
202032 6939
19151 3356 6939 12654
29691 13030
6453
25220 3356
6772 13030 15576
4844 2914
12956 18881 6762 10429
34019
13030 198249 35369 58299 51395 1299
15685 29208
41497 3257
25152 2497
12859 6939
50300 31463
24482
6720
48166
1239 1257
5511 48526 2914
6939 262317 31424 51405 3356 263075 29208 50620 30844 37640 12654
202194 198385
48526
12654 6762 2914
1273 1299
15435 1299
52720
8218
29208
8928 10026
13193 1299
50304 42708
47872
262757
52863 4809
3549 3356 4809 28329
64396
8596 48039
51405
10026 1299
18881
49605 9002
29140 2914
59689
51395
20676 3356 12586
15547 3356
6661 198290 2914
9304
28329
29680
9002 3356 2914
3333 1257
12586
20080 2914
22652 3356
56730 31463
57381 42708
263075
31463 3356
9189
35369
30844
58299
1103 3257
198290
15605 12874
1257
7575
262317
31424
42708 1299
48039 3257
5539 21385
513
57118 196621
50763
4589 2914
3257 31122 12779
12779
6667 3356
4809
37640
10429
3356 12874 2914 21385 37271
2914 2497 29686 8607 62567
196621 15576
20612
1299 1280
8607
198249
2497
37271
31122
50620
29686
198385
21385
8283
25091
6762
28571
15576
1280
2857
12874
62567
