#src/zombie.py
# GMT Fri Sep 28 17:51:28 2018
# 
1273 12713 1299 12389
16735 12989 52320
4230 2914 262757
3549 52720 3356 28329 4809
6453 29686 3356
513 6730
50300 6939
29208 6939 15685
56730 31463
1280 701
20676 12586 3356
6661 198290 6939
15435 1299
31122 6939
29075 174
52720
58299 6939
1103 286
263075 6939
12859 9002
6461 7575 3257 8218
13002 25091 20764
31424 6939
21320 3356 1853
202194 198385
12586 57821
8455 2914
30781 3356 59689
29140 174
7575
59689
9304 174
8422 1299 9189
13030 1299 34781
9002 43100 12654 3356
19151 3356
3303 3320 12874 15576 34019
1239 3356 1257
21385 5539 6939
8607 2914 12654 3356 6939 3257
7018 3356
28329 263674 6939
5539 8763
59891 6939
57118 196621
14061 1299
20932 174
2613 6893
30844 42708
34288 15576
5396 6939
48039 31025 8596
20764 8359
8283 38930
202032 6939
12874 15605
8758 6939
2497 25152 701
6762 3356
48166 12389
12989 53070
62567 1299
29680 174
8447 3320 6720
25091 6893
8426 6939
50304 174 57381 42708
31025 42708
174 2857 3356 41497 6730 24482 64396 2914 3257 12779 25160 29636 174 1836 1299 35369 49463 198385
263651 6939
8359 3356
52320 2914
5511 2914 29608 5511
263674
198385
20612 1836
553 680
6893
8763
15576 29691 198249 196621
28917 3356
15685 6881
12654 2914 6939 42708
3356 680 31463 25220 37271 6667 2914 1299 3257 15547 701 48526 6939 286 22652
6720
29691
31463
1251 28571 20080
15547
198290
6881
6730 6730
196621
1853
50763 8943
64396
37239 6939
9189
3257
20080 2914
701
25152
48526
8928 10026
680
6939 50620 2914 51405 42708 37640 4844 264911 263152 262317
47872 12713
57821
50620
10026 1299
57381
1836
28571
22652
35369
8596
49463
4809 52863
29686
29608
34781
262317
51405
2857
34019
38930 1299
42708 1299 49605
8218 16347
53070
37271
198249
1916 2914
4844 37989
37640
264911
6667
24482
15605
2914 3320 4589 1299 8943
41497
25220
12779
1257 3333
263152
3320
12713
37989
25160
29636
16347
8943
286
4589
3333
43100
1299
262757
49605
12389
52863
