#src/zombie.py
# GMT Mon Oct  1 05:11:33 2018
# 
52873 18881 52720
1916 2914 174 12654
22548 16735
14061 1299
7018 174
34781 13030
198545 29152 174
8447 3320 6720
1251 52888 20080
53070 10429
37239 4809
29075 1299 50620
5396 6762
701 4134 2497 174 1280 702
8468 3549
6461 3356 8218
3252 702
48039 12586 8596
29551 25220 1299
16735 52320 28138
57821 12586
4589 2914
30844 6939
35054 3303
174 3356 6830 49463 25160 3257 12779 13101 6762 29140 19151 2914 12350 6453 1239 1299 12956 6661 12637 3320 41497 50300 24482 174 64396 3491 24785 5392 9304 5511 680 6730 28917 20932 29076 35699 20764
35699
2895 29076
29691 198249 57118 15576
3356 3356 30781 1853 9002 51185 680 3549 34177 3257 286 4809 6939 41095 2914 6453 31463 1299 6762
263651 52863
52888
1853
263321 263584 7738
4777 2497
6830 15547
13030 31424 1299 1836 58299
9189 8422
30132 12859
19151
8943 1299 50763
6453 8426 6453 29608
1239 4637 7738
12956 18881 10429 28220
52720
12859 3257 2914
262589 28329 1299
5511 48526
6939 51395
1273 6667 1299 25152
15435 1299
37271 4809 327995
24482
24611 51405 6661
52863 264911 4809 6762 12654 14840 263152
198385 202194 41562
8426
3491
12874 3303 15605
327995
59689 30781
52320 2914
15547
14840
29680 3257
3333 1136
20080 2914
5392
25933 26615
31463 56730
29152 58308
58299
1103 3257
29076
13237 1299
2613 25091
31424
42708 50304 1299
513 6730
57118
50763
41562 15576
12779
41095
2914 7575 47872 8455 6762 29686 14361 8607 16347
553 680
7738
1299 8732 4809 38930 62567
8607
198249
8732 20764
2497
263584
4637 1221
26615 6762 26615
29222 3303
15576 196621 3303 34288 8758
14361
62567
25160
34177
47872
24785 1136 24785
34288
56730
7575
30781
3320 6762 3303 8222 8422
59891 51395
8455
263152
1836
680
13002 20764 25091
8758 20612
48526
8422
20764
1221 4608
49463
28917 39821
286
13101 12586
25220
28220
34019 3303
12637
39821
41497
25152
18881
50300
8222
6720
9304
202194
4608
50304 57381
20932
3549
51185
51405
4134 4809
12350
49605 9002
29140
8596
6661 198290
264911
28329
9002
12586
22652 3257
57381
6730 6730
29686
702
29608
198290
28138
38930 8283
15605
8218
51395
3257 31122
1136
6667
4809 4809
6762
10429
196621
12654
64396
20612
16347
58308
31122
50620
8283
25091
3303
1280
