#src/zombie.py
# GMT Mon Oct  1 06:27:39 2018
# 
52873 18881 52720
1916 27750
22548 3549
14061 1299
7018 6830
34781 13030
59891 51395
559 20965 513
53070 10429
37239 4809
27750 11537
29075 58308 50620 1299 16347
5396 3356
6453 3320
8468 3549
6461 3320 8218
3252 702
48039 12586 8596
16735 28138 12956 3549
57821 12586
3491 3356
30844 21320
35054 3303 43100 6730 202032 12654
174 12637 3320 41497 64396 3303 6830 35699 24482 12779
35699
2895 3267
29691 57118 15576
3356 3356 1853 19151 3549 51185 8426 6830 25160 41095 8220 25220 8607 30781 3320 9002 50300 8222 34177 31463 680 29608
51405 24611
1853 20965 6720
263321 263584 7738
7660 22388 2500 9270
4777 2500
6830 513 14361 1239 12956 4589
13030 31424 51395 58299 1299 1836
9189 8422
30132 12859
202032
19151 25152
8220 15547
24785 1136 1299 24785
1239 4637
12956 47872 10429 18881 3320 28220
52720
12859 2603
6939 21320 1280
50300
15435 1299
37271 4809 327995
24482
24611 6661
24489 24490 24489 9270
8426
12874 3303 15605
327995
59689 30781
12350 1299
15547
2613 6893
29680 8928
3333 1136
20080 2914
5392 3549
25933 3549
31463 56730
58299
1103 20965
20562 2603
198385 202194 41562
262317 10429
31424
42708 50304 1299
513 20965 21320 3320 12654 513 6730
57118
50763 8943
41562 15576
12779
41095
2914 3320
553 680
7738 3320
1299 3320 20932 31122 1273 8455 2603 8943 8732 13237 4809 49605 62567 22652 13193
8607
198249 15576
1136
2497 2603
263584
4637 1221
8928 2603
26615 6762 16397
6762 28329 3320
4608 1221
15576 196621 3303 34288 8758
14361
62567
22652
25160
34177
47872
8943
34288
56730
52863 4809
7575 24490
21320 16265 2603 6661
30781
3320 3303 3257 286 702 8422
8455
2603 3267 13101 8359
1836
6893 25091
680
13002 20764 25091
8758 20612
8359 28917
8422
20965 11537
20764 8732
1221
49463 13193
28917 39821
286
13101 12586
16265 38930
25220
28220
34019 3303
12637
39821
41497
25152
18881
1273 6667 48526
8222
6720
4589
9304 3549
202194
48526
9270 9270
13193
50304 57381
20932
3549 4809
51185
16397 263075
13237
49605
29140 3257
11537 22388
24490
6661 198290
28329
8596
9002
12586
3267
57381
6730 6730
29686 3257
702
29608
198290
28138
38930 8283
15605
8218
51395
2500 2500
263075
3257
8732
6667
4809
29222 3303
10429
196621
12654
64396
20612
16347
58308
31122
50620
22388
8283
25091
43100
3303
1280
