#src/zombie.py
# GMT Mon Oct  1 04:41:11 2018
# 
52873 18881 52720
1916 20080
22548 16735
14061 1299
7018 3320
34781 13030
198545 3356 29152
8447 6720 1299
53070 10429
37239 4809
29075 50620 1299 16347
5396 6762
701 4134 6830 2497 702
8468 3549
25220 29551
3252 702
29551 1299
16735 52320 1299 12956 28138
57821 12586
3491 3356 28513
30844 6939
35054 3303 6730 202032 12654
6730 513 6730
35699 174
2895 3267
29691 57118 15576
3356 3356 1853 3549 8426 6830 25160 8732 41095 1764 8607 30781 3320 9002 50300 34177 51185 31463 680 29608 8359
51405 24611
1853
28917 39821 8359 3257
7660 22388 9270
4777 2497
6830 513 6762 174
13030 31424 51395 58299 1299 1836
9189 8422
30132 12859
202032
45896 3549
6453 3320
1239 4637 3320 7738
12956 47872 10429 18881 3320 28220
263321 263584 7738
12859 2603
3216 20764 1273
6939 1299
1273 6667 1299 48526 25152
15435 1299
37271 4809 327995
8222 1299
24611 6661
4230 28513 262757
52863 6762
198385 202194 41562
8426
19151 174
327995
59689 30781
52320 1299
15547 1299
29680 174
3333 1136
20080 6762 11096
5392 3549
25933 3549
31463 56730
29152 58308
58299
1103 11537
13237 1299
20562 2603
2613 6893
31424
42708 50304 1299
513 20965 21320 3320 12654 513
57118
50763 8943
41562 15576
12779 174
41095
2914 3320
553 680
7738
1299 20932 22652 12350 49605 1280 12586 3320 8455 8943 3267 13193 38930 62567 8422
8607
198249 15576
1136 2603
2497
263584
4637 1221
26615 6762 16397
29222 3303
4608 1221
15576 196621 3303 34288 8758
12874 3303 15605
62567
25160
2603 21320
47872
8943
262757
34288
56730
24489 24490 24489 9270
7575 24490
21320
30781
3320 3257 286 6762 174 3303 6461 34019
59891 51395
8455
34177
1836
6893 25091
680
11096 11537
13002 20764 25091
8758 20612
48526
9270 9270
20965 11537
20764 8732
1221
28513
49463 13193
286
6461 8218
28220
34019
12637 174
39821
41497 3257
25152
18881
50300
24482 174
6720
4589 3257
9304 3549
202194
8359
52720
8422
13193
50304 57381
20932
3549
51185
16397 263075
4134 4809
12350
49605
29140 174
11537 22388
8596 8596 1764
6661 198290 174
28329 6762
24490
9002
12586
3303
22652
57381
174 64396 174
29686 3257
702
29608
198290
28138
38930 8283
15605
8218
51395
263075
3257 31122
8732
6667
4809
6762
10429
196621
12654
64396
20612
16347
58308
31122
50620
22388
8283
25091
3267
1764
1280
