#src/zombie.py
# GMT Mon Oct  1 05:43:45 2018
# 
37468 174
50620 174
8422 9189 3320
2857 174
8447 6720 3320
37640 6939
59689 30781
24785 20562 1299
264911 6939
57821 12586
62567 1299
24611 3549 51405
174 64396 3356 49605 52320 29680 19151 51395 12637 13002 6667 15435 1280 25160 9304 2914 29636 29075 41497 50300 20764 1916 31122
286 1299 1103
12874 3303 15605
198249 13030
29551 25220 3320
28917 6939
22652 6939
198290 6661
56730 31463
41722 20764
2914 29208 3356 1299 20080 8943 3320 6661 12654 5539 8607 1239
15435
8455 8283 13030
12859 6939
1280
513 6730
37497 6939
31133 6762 31261
20080
16347 8218
31463 21396
15547 3356
1257 3333 1239
41497
50300
12586 3320
8218 6461
16735 22548 12956
2497 701 25152
12779 6939
5539 8763
8607 3356 12654 6939
51395 59891
7018 3356
3356 701 1299 9002 553 6453 3549 3257 6939 48526
37271 37239 6939
4844 37989 6939
8763
34288 13030
49463 13193
6661
29140 6939
15685 29208 6881
3257
47872 44217
6881
52863 6939
50304 42708
8596 48039
48526
18881 52873 12956
12637
15576 6772 196621
4589 9002
34019 30781
1916
37989
12307 59414
58299 13030
23106 52320
5511 29608 1299 5511 30781 6939
1103
50763 8943
48166 6939
31261 41617
20612 1836
15605
1251 28571 6939
52320
22548
28571
31424 6939
9002 6939 20562 20932 12654 6453 30844
30781
7575 6461
64396
701
1836 13030
49605
13030 35369 202194 6939 29691 6772 59414
29691
8758 6939
12956 10429 6939
8283
14061 1299
3333
8928 1299
3549
9189
263075 6939
21396 6939
13193 3320
20932
29208
198385 29075
59414
263651 6939
52720 52873
44217 1299
25160
262317 6939
29608
29686 6939
9304
51405
29636
29075
3320 1299 6730 3303
6939 263152 42708 202032 31025 24482 8426 262757 6461 680 53067 12654 5396
25220
202032
41617
5396
6762 1299
6893 25091 2613
25091 13002
59891
2613
263152
20562
553
25152
29680
19151
42708 57381
1299 6453 1273
1239
8426
196621
31025 48039
53067
6720
30844
202194
13002
6667
24482
48039
1273
6730 6730
680
6772
6453
262757
31122
35369
8943 8943
6461
53070 10429
57381
20764
3303
52873
12654
37239
10429
