#src/zombie.py
# GMT Fri Sep 28 18:04:18 2018
# 
17579 7660 24489
3549 16735 52720 3356 28329 24611 4809
513 3320 12654 6830 6730 513
50300 5580
56730 31463
1280 1299
20676 12586 3356
44217 3356 47872
15435 1299
30844 21320
58299 6939
6730 2603 6730
6461 3320 8218
13002 25091 20764
25220 29551
22388 7660 11537
9304 3257
8422 2603 9189
9002 3356
21385 5539 2603
8607 6939
7018 6939
11537 27750 10764 7575 1103 20965
5539 8763
14061 1299
20932 1299
2613 6893
34288 15576
41497 3257
2603 21320 2914 6762 12859 286
202032 6939
12874 1299 15605
8758 6939
202194 198385
263152 6939
37497 6939
9189
59689 30781
49605 3356
25152 19151
553 680
10764 5511
15576 29691 196621 3303
28917 3356
15685 1299 6881
3356 48166 3320 15547 19151 1836 37271 6830 1764
6720 1853
1273 701
15547
198290 197264
1853 20965
64396 174
37239 37271
3257 29686 29140 3320 29636 31122 4589 5580 6667 8928 22652
20080 2914
48526 5511
6939 6453 31424 4844 37640 5396 263075 264911 21396 21320 703 262317 8426 53067 263651 6830
47872
2497 701
4230 262757 701
16347 29075
49463 13193
198385 174
29686
29608 5511
51405 24611
34019 30781
38930 1299 8283
24611
28329 263674
37271
4844 37989
6881
264911
29680 8928
703 701
5511 5511 30781
29551 1299
37989
8732 1299 20764
29636
43100 25091
262757
6830 2914 174
16735 12989 1299
6453
28571 1251
8283
31122
29075 1299
5580
1103 3333
263075
12859
24489 24490
21320 559 13193
12586 57821
8455 13030
29467 197264 1299
29140
7575
13193
7660
53067
197264
19151
3303 3320 559
12654 559 25091
1764 8596
50620 174
559 20965
57118 196621
12779 174
37640
50763 8943
20764
24490 20965
13030 51395 198249 1299 35369 1836
21396 31463
48166
12989 53070
62567 1299
6762
25091 34781 6893
8426
50304 57381 42708
262317
174 25160 24482
263651
20612 1836
6893
8763
680 20965
31424
29691
31463
1251 1916
196621
27750 1916
701
8943 1299
263674
57821
286
57381
1836
30781
22652
8928 10026
8596
4809 52863
34781
2857 8365
8365 1299
42708 1299
8218
53070
198249
1916
35369
1299 3320 10026
24482
15605
2914
5396
59891 51395
52720
3320
20965
25160
51395
10026
4589
3333
6667
52863
