#src/zombie.py
# GMT Fri Sep 28 17:37:01 2018
# 
15435 1299
1273 701
16735 52320
3549 52720 3356 4809
6453 1299
513 6730
50300 5580 31463
56730 31463
1280 701
8607 6939
44217 3356 47872
6661 3320 198290 24611
680 3356 553
31122 174
30844 13030
5580 3257
13030 6772 51395 8455 1836 12654 34781 29691 198249 34288 58299 1299 202194 8758 35369 8359
58299
6730 3320 6730
263075 6939
12859 6939
6461 1299 8218
13002 25091 20764
31424 6939
21320 3356 1853
12586 57821 3320
8455 8283
29140 174
5396 6939
9304 174
13193 1299 49463
8422 3320 9189
9002 2914
19151 3356 25152
3303 3320 12874 34019
1239 1299 1257
21385 5539 12654
20612 1836
7018 1299
28329 6939
5539 8763
53067 6939
59891 51395
57118 196621
14061 3356
20932 174
2613 6893
37640 6939
41497 174
50763 8943
20764 8359
8283
198385 174
202032 6939
12874 15605
8758
2497 701
8447 3320 6720
48166 3356
51395
62567 2914
29680 174
6762 1299
35369
25091 6893
8426 6939
50304 57381 42708
37497 6939
262317 6939
174 50620 12779 2857 25160 29636 10026 174 48039 29075 52320 1299 6667 24482 64396
263651 6939
8359
52320
5511 48526 6939
263674 6939
48039 8596
49605 3356
25152
553
6893
6772 15576
8763
15576 196621
28917 3356
15685 6881 6939
12654 6939
3356 29608 6939 15547 30781 37271
6720
29691
31463
1251 1916 28571
15547
198290
6881
1103 3257
196621
8943 2914
52720
64396
37239 37271
9189
3257 1299 4589
29075
20080 2914
701 703
1853
8928 10026
6939 4844 53070 1916 264911 1299 703 263152 3320 22652 262757
47872
57821
50620
10026
57381
1836
30781 59689
22652
202194
8596
49463
4809 52863
29686 2914
29608
34781
59689
51405 24611
2857
34019
16347 2914
24611
42708 1299
8218
53070
37271
198249
1916
4844 37989
34288
264911
6667
24482
15605
2914 7575 1299
703
25220 29551
28571
12779
1257 3333
263152
3320 29551
29551
37989
25160
29636
7575
48526
286 1299
4589
3333
1299
262757
52863
