#src/zombie.py
# GMT Mon Oct  1 04:04:14 2018
# 
37468 174
50620 174
29691 15576
2857 174
12989 22548 16735
37640 6939
264911 6939
57821 12586
62567 6453
24611 3549 51405
174 64396 41497 198385 19151 29140 37271 174 12637 6667 15435 1299 25160 1280 6730 9304 29636 29075 1916 50300 20764 12779 31122
286 1299
12874 3303 15605
198249 13030
28917 6939
15685 6881 6939
198290 6661
56730 31463
61157 25074 3320
2914 20080 1299
8447 6720 3320
15435
34019 3303
12859 6939
1280
513 6730
29608 5511
1299 6762 7018 3356 13030 12956 5511 6453 3257 6461 1239 6939 1273 3320
20080
16347 8218
31463 50300
15547 3356
1257 3333 1239
41497
50300 3356
12586 20676
8218 6461
16735 12956
2497 13030
12779
5539 33891 8763
8607 13030
7018
3356 3549 680 8426 44217 6939 14061 20932 30781
37271 37239 6939
4844 37989 6939
8763
49463 13193
6661 3320
43531 8596 6939
25074 9189
42708 50304 6939
3257 4589 8455 1103
47872 44217
6881
52863 6762
44217
50304 57381
8596
48526 5511
18881 52873 12956
12637
15576 8220 196621
34288 9002
1916 1251
37989
12307 59414
58299 13030
23106 10429
5511 5511
1103
50763 6939
48166 9002
22652 6939
38930 8283 6453
15605
1251 28571
22548
28571
31424 6939
9002 49605 6939 41722 41617
30781 59689
7575 6461
64396
1836 20612 13030
49605
13030 35369 202194 8758 12654 59414
8758
12956 10429 6939
20612
8283
14061
3333
41722
8928 29680 6939
3549
9189
263075 6939
13193 3320
20932
59414
263651 6939
52720 52873
20676 6939
59689
25160
262317 6939
4589
29686 6453
9304
51405
8220 6939
29636
29075
3320 6939 3303
6939 263152 25220 30844 13002 24482 37497 262757 59891 6461 53067 202032 12654 5396 33891
25220
202032
41617
5396
53070 10429
6762
6893 25091 2613
25091 13002
59891
2613
263152
198385
553 33891
25152 19151
29680
19151
53067
8455
1239
196621
29140
6720
30844
202194
13002
6667
24482
8426
1273
6730 6730
680
6453
262757
31122
35369
37497
6461
33891
57381
20764
3303
52873
12654
37239
10429
