#src/zombie.py
# GMT Sat Sep 29 10:41:35 2018
# 
12637 3257
41497 6939
3257 31122 29636 174 1103 29680
4657 24482 6939
6661 3320 198290
34019 3303
6774 328145 13030
41722 20764
29680
20080 1916 6939
49375 6939
16347 6939
263702 3549
1836 20612 13030
262757 16735
30844 6939
12956 52873 6939 10429
29686 6939
49463 6939
9304 4635
39351 6939
20932 6939
27715 22356 10429
38001 6939
12586 57821 6939
59414 13030 12307
15562 2914
3320 174 47147 3303
7018 174
202032 6939
31463 56730 50300 6939
553 3356
19151 174
29636
45896 9002
29075 6939 15576
52320 52863 16735
1273 6667 1299
328145 328206
2613 6939
50763 6939
5400 2110 1299
12307
14061 1299
264911 6939
5511 174 29608 5511
52863
57821
286 174
37640 6939
2110 39122
680 1299
51405 57111
22548 6939
50300
58299 13030
1251 1916 28571 52888
28917 6939
37989 4844
1916
6461 8218 174
25152 23148
3491 174
56730
28634 22356
52873 52720
263152 6939
34288 13030
25160 6939
6720 8447
25091 6939
8426 6939
29608
20764 6939
6453 174
202194 13030
37468 6939
4635 9002 6939
15547 6939
3303
12859 57111 3333
198385 15576
57111 12779 6939 12654 43100
9002 12654 2914
1103
513 6730
5396 6939
6939 59891 6939 6881 262317 1280 50620 22652 6730 8607 263075 13030 64463 12654 8896 15435 48526 12874 31424 29140 29504 49605 47692 2857 16735 59689 37239 31742 8447 53067 25220 7575 23148
8455 20495 13030 8283
8218
328206
15605 12874
50620
6881
31122
39122
3549 3356
1280
21232 13030
198249 13030
196621 15576
6667
47147
3356 174
8758 13030
22652
1299 42708 174 37271
6730 6730
43100
198290
4777 2497
35369 13030
8607
29504
50304 42708
262317
13030 29691 12654
52888
64463
12654 12779
8896
37271
15435
48526
12874
20612
12779 174
42708
263075
10429 23106
59891
8283
6762 174
50877 174
47692
29691
2497 2914
23106
2857
28571
2914 174 4844
16735 263508
49605
59689
174
20495
24482
52720
37239
25220
263508
31742
31424
7575
22356
15576
29140
3333
53067
4844
8447
23148
