#src/zombie.py
# GMT Mon Oct  1 05:27:56 2018
# 
263321 263584 28329
6894 2516
7018 174
6720 1853
15605 3356
14907 1299
29075 1299
202032 35054
3333 1257
1103 286
57866 8283 1299
15935 29504 1299
3491 38001 174
22652 3257
3356 33891 1853 60501 37271 8896 41095 2516 29222 51185 6730 25220 174 35054 39122 15576 24611 20764 8426 37497 49605 3549 15547 1836 34177
680 1299
37497
49605
3549 28220 22548 25933 52873 52720 263702 5392 23106
29686 6453
6939 51395 1299
20932 1299
37468 37239 6453
47692 33891
205206 42525
8896
28634 22356
29222
34549 1299
51405 24611
12552 39351 1299
35699 2914
12654 35054 513
38001
39351
1257 1239
29680 8928
2603 21320 20562
513 6830 513 6730 174 21320
52873
8607 2914
327782 37100 327960
39821 9002
34177
28917 47441 1299
263702
42525 1299
5392
196621 8758
209 19151 174
9304 3257
4637 1221 1299
6830 8758 174 21232 59414
15576 29691 198385 3257
1221 4608
50629 206356 2914
47441
20562
43578 1299
6461 174 8218
35266 2914
20612 1836
23106
16347 2914
3267 2895 1299 3267
25091 2914
1239 174
6893 2613 6730
3257 31424 41497 8455 12586 12637 8928 5396 12779 174 6667
4844 2914 37989
35054 6730
198290 2914
1299 40191 13030 34288 15435 12350 174 553 8943 51945 16735 30132 31742 15685 8222 12389 1299 47147 52320 48526 50304 13760
33891
198385 202194
40191 395766
51395 59891
12859 2914
206356
21232
51945 56730
1251 52888 20080
174 6327 701 6762 50877 2914 6453 64463 286
286
8943 50763
2895
16735 262757 266534
31742
4777 2497
8222
59414 12307
14061 6453
12779
35369 2914
58299 13030
13760
25160 2914
12350
263584
553
59689 8218
60501
12637
266534
395152 63297
52720
25220
6327 63297
25227 12389
29691
8928
20764 41722
12389
8426
20080 2914
9002 2914
202194
2914 28329 29140 7575 15562 2497 19151 1916 13237 50300
50304 57381
56730
50763
63297
8455
50877
25152 19151
25933
49463 8218
15435
29504
6762
15562
52888
6881 15685
198249 13030
24611
701 1280
59891
21320
4608
47147
5396
48526
13237
1916
37271
41095
51185
31424
22356 6453
28220 28220
37239
19151
30132
327960
8283
8218
12307
6667
262757
15547
395766
6453 6453 30844 24482 37100
8758
64463
50300
28329
41497
13030
1853
12586 57821
24482
2516
22548
57381
37100
7575
34288
30844
15685
39122
52863 52320
2497
37989
41722
57821
1280
29140
2613
52320
1836
6730 6730
