#src/zombie.py
# GMT Fri Sep 28 18:27:28 2018
# 
50620 6939
6881 15685
37640 6939
31463 50300 56730
15576 6772 196621
196621
1299 8928 1273 3356 680 14061 6939 6762 8943 42708 6453
202032 6939
37989 4844
2613 6893
42708 50304 57381
21385 5539 680
30844 25220
3320 13193 2914 61157 3356 25220
57381
1251 28571 1916
13193 49463
8426 6453
13030 1836 202194 35369 198249 6939 34288 58299 6772 8455
8607 6939
6453 62567 29686 3356 9002 24482
202194
262757 4230
12637 174
25220 6939 12654
20612 1836
34288
9189 25074
52863 6762
37239 37271
12586 6939 57821
6772
15547 6939 34781
59891 51395
34781
16347 2914
12654 6939 6762 680 9002
50763 8943
52873 52720 18881
64396 174
59689 30781
8943
49605 3356
23106 10429
1103 3257
35369
37497 6939
198385 29075
28917 6939
41497 174
22548 12989
37468 174
15435 174
50304
6461 7575 6939 8218 3356
61157 25074
680
25074
8447 6939 6720
15605 3356
29680 174
10429 12956 53070 264911
53067 6939
8928
12989 16735
3303 174 34019
20932 174
262317 6939
29686
8763 5539
29636 174
264911
20080 2914
12859 9002
701 2497 3356
44217 47872 3356
4589 3257
8218
6893 25091
1239 1257 3356
25091 13002
31261 41617 31133
6720
31133 174
14061
286 3356
1273
553 174
1916 174
29140 174
31424 6939
48039 8596 174
56730
37271 174
49463
5396 6939
50300 174
7575
51405 6939
29075 174
1257 3333
6667 174
198249
2857 174
25152 2497
15685 29208
62567
41617
47872
3333
30781 2914
25160 174
48526 174
41722 20764
7018 3356
24482
13002 20764
5511 5511 6762 29608
174 51395 4230 12779 198290 20764 3356 174 6762 1280 9304 19151 16735
43100 9002
34019
2914 9002 3356 4844 29208
51395
22652 3356
12956 6762 18881
8283 8455
263152 6939
58299
18881
198290
8596
20764 20764
5539
29208
3356 9002 6762 3257 6939
4844
12779
52720
29608
1836
263651 6939
57821
4230
28571
6762
8758 9002
53070
8455
1280
31122 3257
9304
3257
9002
6939 263075
263075
19151
16735
2497
