#src/zombie.py
# GMT Fri Sep 28 19:31:26 2018
# 
28138 16735
3549 3356 16735 8468 9304 28329 22548 5392
14361 3356
513 20965 6730 513 2603 3320 12654 6830 21320
50300 3356
56730 31463
1280 701
1273 6667 1299
30844 21320
58299 13030
6730 35054 6730
6461 6830 8218
13002 25091 20764
29222 3320
1221 4608 4637
22388 7660 11537
9304
8422 3320 9189
9002 2914
1136 24785 3333
6453 29686 3320
62567 1299
8607 2603
7018 3320
1836 13030
14061 1299
20932 1299
2613 25091
34288 15576
5396 3356
6661 3320 198290 24611
2603 3267 6830 1103 20562 12859 21320
202032 35054
12874 15605 3303
8758 15576 20612
8447 3320 6720
26615 26615 16397 6762 25933
58308 29075
34177 3356
15435 1299
59689 30781
49605 1299
25152 4713
553 680
3491 3356
3267 2895
15576 3303 198249 196621 29691 41562
28917 174 3257 39821
702 3252 701
16397 263075
41095 3356
3356 29608 3320 8426 47872 31463 6830 51185
6720
8222 3320
15547 8220
198290
20562
8943 1299 50763
64396 174
37239 4809
9189
3257 3320 22652 31122
20080 6762
7738 174 263321
48526 6830
47872
34019 3303
2497 3320 4777 701
202194 198385
16347 29075
49463 13193
198385 41562
29686
29608
3252
35699 174
38930 1299 8283
2895
24611 51405
28329
37271 327995 4809
29680 174
263321 263584
39821
5511 6830 30781
34781 13030
263584
52888 1916
9270 24490 9270 7660
16735 12956
8220 3320
35054 43100 12654 3303
8283
4713 2914
31122
29075 50620 1299
1103
263075
12859 30132
21320
12586 57821 1299
8455 1299
2914 1916 3320 6830
29140 174
7575 24490
12956 28220 3320 18881 10429
13193 3320
51185
52873 52720 18881
7660
19151 174
3303 3320 6830
1239 4637 6830
4777
12654
1764 3320 1853
50620
4637
12637 174
57118 29691
12779 174
4608
50763
20764 8732
24490 24490
13030 51395 1299
5392
13237 6830
51395 59891
6762 3320
4134 3320 4809
25091
8426
50304 57381 42708
52720
174 3320 25160 41497 174 12350 6830 24482
48039 3320 8596
20612
30132
59891
28220
680 6830 20965
31424 33891
29691
31463
12350
41562
196621
8468
701 6830
1853
57821
22548
57381
11537 20965
30781
22652
6830 3320 4589
8596
4809
25933
42708 1299
8218
43100
53070 10429
198249
1916
24785 24785 1299
10429 262317
1299 3320 8732
24482
15605
327995
41497
25220 3320
262317
3320 286 33891
20965
51405
25160
8732
33891
286
4589
3333
6667
18881
