#src/zombie.py
# GMT Sat Sep 29 14:05:49 2018
# 
41497 174
64050 3491
29222 3356
41722 12654 3216 9002
12637 174
20080 6762 1251
1853 6720 3356
4134 4809 701
49605 3356
263152 6939
8943 8943 50763 2914
198249 29691
29686 6453
49463 174
3216 1273
38001 41095
3320 174 8222 47147
202032 6939
25512 174 6881
45896 41095
59689 30781
52320 174 52863
1273 1299
263321 263584 28329
5400 2110 3356
12307 57118
264911 6939
39351 12552
37640 6939
2110 39122
12389 174 25227
4777 2497
50300 174 31463
58299 13030
1251 52888
28917 8359
1916 174
20562 20764
25152 19151
56730 31463
198290 6661
25160 3356
12586 57821 1299
42525 205206 3356
6720
29608 20764
20764 12654 30844 6939 174
6453 1299
37468 3356
15547 8220
20485 3356 29226
50763
9002 3491 2914 39821 12654 3252 3356
1103 286
3491 174 41095
5396 3356
50877 174
57118 29691
4608 1221
263075 6939
1764 35369 3356
3549 23106 5392 16735 174 28220 9304 52720 28513 3356
1280 701
196621 15576
47147
3356 16347 6939 8455 1836 20932 34177 3356 11478 22652 553 6730 37100 15576 51185 8607 37497 14061 4230 8896 35054 37271 48526 12874 33891 680 41095 8359 62240 174 25091 8426 12552 25220 8220
22652
1299 50304 2914 13030 6461 174 286 4637 7018 6939 701 2497
6730 513 6893 6730
24482 174
43578 174
263508 6939
4809 22381
50304
30132 12859
35369
4230 262757 16685 28513
34019 6939
7738 174 8167
48526
12874 15605
13237 2914
701 174 2497
59891 136620
33891 34549 31424 47692
9304
47692
29691 15576
2914 15562 28329 49375
20932
266534 16735
22381 53070
52720
327782 37100 327960
25220
16685 16685 22356
12552
12779 174
7575 6461
3333 12859
19151 174
3257 174
136620 62240
29680 174
57111 6939
34549
1836 20612
63297 395152 6939
30844
205206
25933 8167
15562
20612
35699 174
39821
6830 174 59414
28513
680
11478 395766
34177
7018
553
5511 174 30781 29075
327960
12859 41095
2613 6893
15605
37497
52863
57821
286
39392 29504 174
28929 6939
8167
31463
41095 12654
8359
6461
28634 22356
62240
34288 15576
29226 2895
59414
29075 15576
25091
8426
202194 198385
29504
14907 38930
6893
8222
4637 1221
198385 15576
8455
14061
513
8220
6939 262317 13760 53067
30781
13760
395152
25227
6881
262317
39122
21232 15576
49375
6667 174
16347
8758 15576
2895
37100
263584
262757
51185
53070
8607
13030
52888
64463 174
12654
28329
8896
37271
15435 174
31424
29140 174
35054
24611 51405 6661
8283 38930
6762 174
12350 174
2497 6894
23106
51405
16735
6661 174
174 8218 174 38930 31742
38930
3252
395766
31742
8218
5392
1221
22356
15576
28220
53067
6894
