#src/zombie.py
# GMT Mon Oct  1 04:12:21 2018
# 
328206 328145
6762 60501 2914
6720 8447
15605 12874
18747 174 263702
14907 13030
29075 174
202032 6939
3333 12859
1103 3257
20612 1836
4657 38001 4637 24482 3491
6894 174
3491 2497 22356
22652 3356
3356 8426 2497 553 29608
29608
680 1299
49605 6939
20495 8455
20932 174
37468 52720 174
6730 513 174 6730
53067 6939
47692 33891
205206 16245
8896 6939
28634 22356
39392 174 29504
51405 6939
12654 2497
38001
199714 206356 13030
198290 6661
29680 3257
8220 15576 3320
513
12874 3303
52873 12956
1299 8943 2497 1273 13030 4637 14061 7473 5400 50304 42708 2914
8607 6939
28571 1251
206356
264911 6939
28917 6939
263702
196621 15576
9304 6939
56730 31463
15576 198385 174
6461 2914 8218
35266 2914
6667 174
263152 6939
23106 52320
34019 3303
25091 2914
29636 174
3257 2914
30781 2497 59689
4844 37989 7473
39351 42708
51395 59891 174
33891 3320 34549
198385
50620 174
29686 6939
12859 2914
21232 13030
7473
1251 1916
174 41497 16245 12637 16735 174 25160 31122 2857 19151 29140 25512 31742 6661 1916 20764 50877 12779 2914 50300
6939 263075 12956 12586 31463 262317 37239 15435 7575 30844 25220 6939 2497 57111 20080 2613 8447 15547 64463 37640
8943 50763
59891
16735 52320 2497 262757 263508
31742
1916 52888
59414 13030 12307
13193 3320 49463
14061
3320 2497 47147 3303
12779
35369 13030
58299 13030
25160
29691 13030
553
59689
60501
12637
262317
266534 18881
263075
52720
25220
16347 2914
20764 41722
8426
6774 328145 3303
20080
9002 2914
202194 13030
2914 2497 37271 1280 7018 15562 2914 286
50304 57381
42708
4637
286
50763
8455 8283 13030
50877
25152 19151
49463
57821 12586
29504
7018
15562
52888
328145
6881 25512
198249 13030
31122
1273 48526
47147
37640
48526
4777 2497
12956 18881
16245
34549
37271
22356
3303 2497
37239
19151
25512
8283
8218
12307
262757
15547
2110 39122 5400
6453 2497
64463
50300 31463
41497
13030 34288 1836
31463
12586
24482
22548 52320
57381
7575
34288
30844
5400
8447
39122
52863 52320
2497
37989
41722
15435
1280
29140
57111
2613
263508
52320
1836
2857
6661
18881
