#src/zombie.py
# GMT Fri Sep 28 19:42:43 2018
# 
50620 174
29686 6453
57118 29691 12307
31463 50300 56730
680 1299
196621 15576
1299 1273 174 13030 28917 42708 52320 15435 38930 13193 8943 3356
202032 6939
37989 4844
2613 6893
42708 50304
59891 6939
30844 6939
3320 3303 3356
20676 6939 12586
38930 8283
1251 28571 1916
8220 6939 15576
13193 49463
48166 9002
35369 13030
6667 174
8607 6939
25160 174
56730
37640 6939
202194 198385
9189 25074
262757 4230
12637 174
25220 6939
20612 1836
34288 9002
20485 8732 41722
52863 4809
33891 6939 5539 553
12586 57821
15547 3356
25152 23148
12307
12654 20764 41722
50763 8943
52873 52720 18881
3303 12874 34019
59689 30781
264911 6939
49605 9002
29691 15576
23106 52320
1103 286
16347 8218
37497 6939
28917
41497 174
22548 16735
37468 6453
15435
50304 57381
6461 7575 174 8218
15576 198249
8447 20764 6720
15605 12874
29680 8928
10429 12956 53070
53067 6939
43531 6939 8596
8928 6939
6881 15685
8943
25074 3356
64396 174
59414 13030
1273
1916 174
262317 6939
37239 37271
8763 5539
29636 174
57821
20080 2914
12859 9002
8732 20764
701 23148 174 2497 3356
44217 47872 6762
513 6730
4589 3257
8218
6893 25091
1239 1257 174
25091 13002
6720
14061 3356
286 174
29140 174
553
20932 174
198385 29075
31424 6939
8426 3356
52320
37271 3356
49463
5396 6939
50300 174
7575
51405 20764
12874
29075 174
1257 3333
13030 1836
4809 16735
22652 6939
57381
15685 29208
62567 3356
41617 9002
47872
3333
30781 3356
6453 174
48526 5511
3257 31122 174 8455
7018 174
24482 6939
13002 174
5511 174
174 174 12779 20764 3356 19151 2857 6730 6762 1280 9304 2914
34019
9002 41722 6939
198249
12956 16735 3356 18881
8283
263152 6939
58299 6939
18881
198290 6661
8596
20764 3356 6939
5539
29208 2914
3356 29608 4230 2914 6939
4844 2914
12779
52720
29608
23148
1836
263651 6939
2857
4230
28571
6730 6730
6762
8758 6939
53070
8455
1280
31122
9304
41722
2914 6661
6939 263075 16735
263075
19151
16735
2497
6661
