#src/zombie.py
# GMT Mon Oct  1 04:54:11 2018
# 
1916 1251 52888 2914
14061 1299
7018 2914
34781 1299
29636 174
12654 12859 6939
25160 174
37239 37271
29686 6453
24611 51405 6661
37989 4844
1836 174
5396 6939
34288 15576
6461 2914 8218
20932 174
2613 6893
21320 174 1853
30781 5511 59689
3320 3303 8422 2914
16735 1299
59891 6939
12713 1273 47872
8455 2914
3549 52871 52720 3356
57821 12586
263152 6939
8763 5539
6893 25091
680 553 680 174
8426 6695
174 20764 50304 12779 6667 29140 19151 2914 1280 29680 41497 31122 24482 174 64396 9304 35369 58299 15435 13002 37271 48526
13002 25091
16347 8218
8758 6939
48526
8422 9189
3356 6939 22652 2914
51405
52888
1853 6720
28917 1299
29075 12859
21385 12859 5539
6830 513 6830 1299
29608 5511
49463 13193
53070 10429
286 12859 6939 1103
6881 15685
202032 6939
19151
8943 2914 50763
6453 2914
25220 29551
29551 31025
4844 2914
12956 10429 2914
34019 3303
13030 12859
15685 29208
41497
25152 2497
12859 198385 2857 9002 31025 49605 6939 6695 2914
50300 5580 31463
24482
10026 8928 1299
6720
9304
5511 5511 2914
6939 263651 31424 263075 262317 37640 20612 8607 7575 264911 28329 50620 30844 29208
202194 198385
29691 15576
1273 1299
5580 3257
15435
52720
37271
29208
8928
13193 1299
50304 57381 42708
47872
52863 52871
20764
52871
64396
263651
12874 3303 15605
49605
29140
59689
8596 48039
15547 1299
6661 198290 6695
264911
28329
29680
3333 1103
12586 31025
20080 2914
22652
56730 31463
57381
263075
31463
9189
35369
30844
58299
1103
1251 28571
198290
38930 8283 1299
15605
8218
7575
262317
31424
42708 1299
48039 31025
5539
513
57118 196621
50763
4589 2914
3257 2914
12779
6667
701 2497 2914
37640
10429
196621 15576
2914 2497 6762 1299
553
20612
1299 62567
8607
198249 15576
2497
6695
31122
50620
31025
198385
9002
8283
25091
6762
28571
15576 3303
3303
1280
2857
62567
