#src/zombie.py
# GMT Mon Oct  1 05:29:02 2018
# 
328206 328145
6762 174 31463 41497
6720 8447
15605 12874
29075 15576 198385 1299
12307 39540
3333 12859
1103 20965
20612 1836
4657 38001 3491
328145 6774
3491 22356 174
22652 1299
3356 8426 30781 3549 15547 8896 174
29608 6453
680 20965
49605 174
3549 16735 52873 263702
20495 8455
29686 6453
6939 263075 513 25091 262317 16735 53067 21320 202032 22548 31424 2613 37640 5396 8607 264911 58299 263152 6939
20932 1299
8732 20764 1299
37468 52720 6453 1299
53067
47692 6453
8896
11537 293 27750 20965
28634 22356
39392 3257 29504
51405 24611
12654 513 25091
38001
39351 42708
29680 3257
2603 30844 21320 12859
559 553 20965
513 6830 513 293 174 21320 20965
12874 3303
52873
62240 136620 6461
8607
28571 1251
264911
50300 31463
28917 1299
263702
136620 136620 59891
196621 15576
9304 3257
56730 31463
6830 174 59414
15576 29691 198385 21232 34288 198249
6461 174 8218
6667 1273
263152
23106 52320
34019 3303
25091 2914
50620 174
29636 2914
3257 31122 31742 12779 174
30781 59689
4844 2914 37989
198290 6661
1299 8943 1273 29551 42708 49375 38930 15435 25512 14061 52320 13030 20676 5400 50304 174
198385 202194
29551 25220
20965 21320 24490
31463
12859
38930 8283
53070 10429
21232
1251 1916
174 12956 37271 7018 5511 286 16735 6661 57111 6774 3320 50877 2914 25160 6453 64463
286
8943 50763
59891
16735 262757 263508
31742
39540 57118
1916 52888 27750
59414
13193 3320 49463
14061
3320 3303 47147 8447
12779
5400 2110
58299
25160
29691 57118
553 2857
59689
12637 2914
262317
263075
52720
25220
16347 2914
20764 41722
24490 24490 7575
8426
6774
20080 2914
9002 2914
50877
2914 2497 19151 29140 8455 1280 15562
50304
42708
50763
8455
202194
25152 2497
49463
57821 12586
29504
7018
15562
52888
5511 48526
6881 25512
198249
31122
24611 6661
1273
21320
47147
37640
27750
5396
48526
4777 2497
12956 10429
293
37271 37239
31424
22356
3303
49375
37239
19151
25512
8283
8218
202032
262757
15547
2110 39122
6453 6453 24482
64463
20676 12586
41497
13030 1836 35369
12586
24482
57118
22548
7575
34288
30844
35369
8447
39122
52863 52320
2497
37989
41722
15435
1280
29140
57111
2613
263508
52320
1836
10429
2857
6661
