#src/zombie.py
# GMT Mon Oct  1 03:47:42 2018
# 
52873 18881 52720
1916 52888 2914
22548 16735
14061 1299
7018 174
34781 13030
8447 6720 1299
53070 10429
37239 4809
29075 58308 1299 50620
5396 6762
701 702 2914
8468 5413
25220 3356 12654 12859 2914 1299 3257
3252 702
48039 8596 174
16735 52320 1299 28138
57821 12586
3491 2914
30844 5413
35054 3303
29467 197264 1299
174 12637 12779 41497 31122 24482 64396 3257 5392 680 174 19151 29608 12350 3303 6661 29140 1299 12956
35699 5413
2895 29076
29691 57118 15576
3356 1299 3549
51405 24611
52888
1853 1764
58299 13030
4777 2497
13030 31424 51395 2914 1299 1836
9189 8422
30132 12859
19151
6453 1299
12956 18881 28220 10429 2914
52720
12859
1273 6667 12389 24785 25152 1299 48526
15435 1299
37271 4809 327995
24482
24611 6661
52863 4809
198385 202194 41562
8426 5413
12874 3303 15605
327995
59689 8218
12350
15547 1299
29680 3257
3333 1136
20080 2914
5392
25933 26615
31463 50300 21396
51945 39326 56730
263321 263584 7738
1103 5413
29076 12389
13237 1299
20562 5413
24130 4608 7545
2613 25091
262317 10429
31424
42708 57381 50304 1299
513 6730
57118
50763 8943
41562 15576
12779
41095 5413
2914 47872 5413 4589 4134 286 6762 12654 1299 2497 3320 9002 8455 34177 29686 62567
553 680
39326 5413
7738 1299
1299 20932 22652 8732 6762 52320 6461 7545 12586 8943 20485 49605 28917 6730 1280 38930
8607 5413
198249 15576
8732 20764
2497
263584
7545
26615 6762 26615
34177
29222 3303
15576 196621 3303 34288 8758
14361 3257
62567
25160 5413
12389
4589
47872
24785 1136 24785
34288
56730
7575 6461
3320 3303 8222 680
59891 51395
8455
8943
20485 13002
1764 8218
680 680 12654
13002 25091
8758 20612
48526
8422 5413
20764
5413 51185 12654 9304 21396
49463 8218
28917 39821
286
6461 8218
28220
34019 3303
12637
39821
41497
25152
18881
50300
8222
64396
9304
202194
4608
50304
20932
3549 16397
51185
16397 263075
4134 4809
52320
49605
29140
8596
21396
6661
28329 6762
9002
6720
12586
22652
57381
6730 6730
29686
702
29608
198290 197264
28138
38930 8283
15605
8218 16347
1836
51395
263075
3257
1136
6667
4809
6762 12654
10429
196621
12654
20612
16347
58308
31122
50620
197264 197264
8283
25091
3303
1280
