#src/zombie.py
# GMT Fri Sep 28 21:00:28 2018
# 
15435 174
25512 174 6881
16735 6939
701 2497 3356
3549 52720 3356
6453 62567 3356
513 6730
50300 5580 31463
56730 31463
1280 174
20676 12586 3356
51395 13030 59891
6661 174 198290
680 174 680 553
31122 6939
30844 6939
5580 3257
58299 6939
6730 174 6730
263075 6939
12859 6939 3333
6461 174 8218
13002 25091 174
31424 6939
21320 174 1853
202194 198385
29680 174
8455 2914
29140 174
7575 6939
9304 174
13030 1299 34781
9002 20764
19151 174 25152
3303 34019 174 15576 12874
21385 5539 6939
8607 6939
7018 3356
28329 6939
5539 8763
59891
57118 196621
14061 1299
20932 1299
2613 6893
37640 6939
5396 6939
50763 8943
20764 174 49605 20764 8426 12654 3356 6939
8283 38930
202032 6939
12874 15605
25074 9189 6939
2497
50620 6939
12989 53070 6939
62567
6762 174
25091 6893
8426
50304 42708
262317 6939
174 12779 2857 3356 198385 41497 48039 1916 6667 24482 2914 3257 29075 29636 25160 47872 64396 174 286 1836 1299 35369 49463
263651 6939
2857
59689 30781
48039 8596
49605
20612 1836
553
6893
8763
15576 3356 198249 196621 29691 34288
28917 6939
12654
3356 2914 29608 5511 30781 37271 1299 22652
6720 1853
29691
31463
1251 1916 28571
15547 6939
198290
6881
1103 3257
196621
8943 1299
52720
64396
37239 6939
9189
3257
29075
20080 6939
34781
25152
1853
8928 1299
6939 29686 51405 45896 264911 25220 263152 16347 52863
47872
57821 12586
57381 42708
1836
1273 1299
30781
22652
35369
8596
49463
198385
29686
29608
51405
45896
34019
38930 1299
3333
12586
42708 1299
8218
53070
37271
198249
1916 52888
4844 2914 37989
34288
264911
1299
24482
15605
2914 4589
41497
25220
28571
12779
263152
5511 48526
37989
25160
29636
16347
286
4589
48526
52888
6667
52863
