#src/zombie.py
# GMT Mon Oct  1 05:51:35 2018
# 
6762 1299
6720 8447
35699 174
15605 12874
29075 15576 198385 174
202032 47692
3333 1136
52888 1251
20612 1836
29226 2895 20485
8167 7738 25933
3491 64050 41095 1299 3356
22652 6453
3356 33891 8359 16347 25091 47692 41095 3356 1299 680 3549 9002 5396 25220 14007 14061 34177
29608 13237
680
49605 174
3549
29686 6453
20932 174
31424 33891
47692 33891 12654
8758 15576 196621
8896 174
28634 22356
14007 395152
39392 174 29504
51405 24611
20485 1299
12654 47147 6730 8387 12654 13237
1136 24785
8359 28917
38001 41095
39351 42708
29680 174
513 6730
12874 3303
52873 52720 12956
8607 2914
327782 37100 327960
39821 9002
34177
50300 174
28917
33891
5392 174
196621
9304 174
56730 51945
6830 15547 1299 59414
15576 29691 198385 21232 34288 198249
1221 4637 4608
4608
20562 13237
198545 174 29152
43578 174
6667 174
23106 10429
23148 25152 701
34019 8218
25091
6893 2613 6730
3257 12586 13237 12956 1299 8455
30781 5511 59689
3252 174
35054 1764
198290 6661
1299 12956 13030 4637 12389 7018 5511 174 5400 286 8732 701 42708 47147 3320 2914 6453
1764 174 8218 8387
198385 202194
51395 59891 174
12859 13237 30132
38930 8283 174
53070 10429
21232
51945 174
1251 20080
174 12779 553 12350 24785 37271 12637 51185 24482 3303 19151 25512 6661 8218 1836 37497 50877 64463 37468 41497 37100 29140 49463 6730 174 25160 16735 15435 31742 1916 48526 58299 13760
286 1103
8943 2914 50763
25933
16735 262757
31742
13237 57111
1916
59414
14061
3320 3303 8222 8447
12779
5400 2110
58299
13760
25160
12350
29691 57118
553
59689
37497
12637
395152
52720
25220
16347
25227 12389
20764 8732 41722
12389
8426 6453
20080 2914
9002
202194
2914 15562 30844
50304 42708 57381
42708
4637
50763
8455
50877
25152
2895
49463
7738 12956
6730 6730
7018
15562
1103
5511
6881 25512
198249
8732
24611 6661
701 2497
59891
15435
47147
5396
48526
58308 29152
4777 2497
57821 12586
12956 28220 10429
24785 24785
8222
37271
41095
51185
37468 6453 37239
22356 27715
3303 29222
28220 28220
37239
19151
30132
25512
327960
8283
8218
12307 57118
262757
15547
27715 10429
2110 39122
6453
64463
29152
41497
13030
64050
12586
24482
57118
57381
37100
34288
30844
29222
8447
39122
2497
41722
8387
29140
57111
2613
1836
10429
6661
29504
