#src/zombie.py
# GMT Mon Oct  1 05:51:35 2018
# 
16685 22356 16685 4230
6762 1299
6720 8447
15605 12874
29075 15576 198385 174
12389 174 25227
3333 1136
1103 2603 3257 12654
22381 53070 4809
20612 1836
29226 2895 31133
8167 7738 25933
3491 64050 7738 41095 28513 1299
22652 6453
3356 680 33891 30781 3549 5396 41095 1299 3356
680
49605 174
3549 28220 16735 52873 9304 23106
4809 4134
29686 6453
4230 262757 28513
20932 174
37468 52720 37239 174
47692 35054 12654 6453 202032
8758 15576 196621
8896 174
28634 22356
29222 3303
39392 174 29504
51405 24611
35699 174
12654 5413 6730 8455 12859
29680 174
38001 41095
39351 174
1136 24785
8220 3320 15547
2603
513 174
12874 3303
52873
8607 2914
327782 37100 327960
39821 28917
34177 174
50300 174
28917 174
5392 174
196621
31133 1299
56730 31463
6830 1299 59414
15576 29691 198385 21232 34288 198249
1221 4637 4608
4608
20562 12859
198545 174 29152
43578 174
6667 174
23106
23148 25152 701
25091 2914
6893 2613 6730
3257 31742 12586 1299 12859
30781 59689
3252 174
35054
198290 6661
1299 8943 5400 8455 701 174 4637 7018 3320 42708 13030 2914 6453 1299 6939 286
33891 31424
198385 202194
31463 2914
12859 2914 57111
38930 8283 174
53070
21232
1251 52888 20080
174 12779 24785 37271 12637 51185 8218 553 24482 3303 19151 25512 6661 20764 1836 37497 50877 64463 41497 51395 15435 12350 174 25160 1916 48526 58299 13760
25160
8943 50763
2895
16735
31742
13237 2914
39540 57118 12307
8222 3320
59414
5413
3320 47147 3303 8447
51395 59891
12779
5400 2110
58299
13760
12350
29691 57118
553
59689
202032
37497
12637
395152 63297
52720
25220 2914
16347 8218
25227
9304
20764 41722
8426 6453
20080 2914
9002 2914
202194
2914 29140 15562 30844
6939 63297 30132
42708 50304
4637
286
50763
63297
8455
50877
25152
25933
49463 8218
7738
29504
7018
15562
52888
6881 25512
198249
50304 57381
24611 6661
701 2497 4134
59891
4134
47147
5396
48526
58308 29152
4777 2497
57821 12586
14061 6453
24785 24785
1916
37271
41095
51185
31424
22356
3303
28220
37239
19151
30132
327960
8283
8218
12307
262757
15547
2110 39122
6453 37100
64463
29152
41497
13030
64050
12586
24482
57118
57381
37100
34288
30844
8447
25512
39122
2497
41722
15435
29140
57111
2613
1836
28513
6661
6730
