#src/zombie.py
# GMT Fri Sep 28 19:26:25 2018
# 
28138 16735
3549 3356 16735 8468 25933 16397 9304 5392
14361 2914
513 3320
50300 174
56730 31463
1280 701
1273 6667 1299
30844 20764
58299 13030
6461 174 8218
13002 25091 20764
29222 3303
1221 4608 4637
10429 262317 53070 12956
9304
8422 3320 9189
9002 2914 3356 20562 12654 12859 12956
1136 286 3333
35054 3303
13101 12586 20764
62567 1299
8607 2914
7018 174
14061 1299
20932 1299
2613 25091
34288 15576
41497 174
6661 174 20764 198290 24611
12874 15605 3303
8758 15576 20612
4230 262757 701
8447 3320 6720
35699 174
58308 59689
34177 3356
15435 3257
8359 1299 3356 20764 28917
59689 30781
49605 3257
25152 4713
553 680
3491 174 12389
15576 198249 196621 29691 41562 3303
28917 39821
702 3252 701
16397 263075
41095 3356
3356 6453 31463 5396 2914 3257 6762 701 5511 12956 3216 8426 47872 51185 174 286 3320 1299
6720
8222 3320
15547 8220
198290
20562
1853 1764
64396 174
37239 36937
9189
3257 29686 12637 12779 8455 29140 174 31122 4589 1103
20080 2914
7738 3320 263321
48526 174
47872 3320 12654
2497 2914 4777
202194 198385
16347 2914
49463 13193
198385 41562
29686
29608 6453
3252
34019 3303
38930 1299 8283
2895 29076
24611 51405
28329 6762
37271 327995 4809
29680 174
36937 6453
263321 263584
39821
3216 20764 3216
5511 30781
29140
263584
262757
16735 12956 22548
8220 3320
6453 6453 174
8283
4713 2914
31122
29075 50620 174
1103
263075
12859 30132
12586 57821 48039
8455
7575 2914
12956 28220 174 18881
13193 3320
51185
52873 52720 18881
19151 174
3303 3320
327995
4777
12654 20764
1764 174
50620
4637 174
12637
57118 29691
12779
4608
48039 8596
20764 174 20764
13030 51395 1299 34781 1836
13237 3320
51395 59891
6762 174
4134 174 4809
25091
8426
50304 42708
286
262317
174 12350 24482 2914 3320 25160
20612
30132
59891
28220
680 3320
31424 33891
29691
31463
12350
41562
196621
8468
701
8943 1299 50763
29076 12389
57821
22548
57381 42708
1836
30781
22652 1299
8596
4809 1299 52863
34781
25933
42708 1299
8218
53070
198249
1916 2914
5392
1299
24482
15605
2914
5396
25220 3320
52720
3320 3320 33891
51405
25160
33891
50763
4589
3333
6667
18881
12389
52863
