#src/zombie.py
# GMT Mon Oct  1 06:33:41 2018
# 
37468 37271
2857 174
12989 53070 6939
264911 6939
57821 12586
8455 3257
198249 29691
28917 6939
22652 3356
198290 6661
41722 20764
34019 30781
8426 3356
29608 5511
20080 6939
10764 11537 5511
31463 56730 50300 21396
559 3303 20965 12654 21320
15685 29208 6881
8218 6461
16735 22548 4809 6939
12779 3257
5539 8763 21385
8607 6939
37271 2603 37239
22388 11537 7660 7575
12874 3303 15605
3257 6667 15435 9304 29680 174 29636 41497 4589 31122 12637
47872 44217
17579 24489 7660
202032 6939
18881 52873 12956
41497
15576 34288 29691 8220 196621
262317 6939
58299 6939
23106 52320
50763 8943
28329 3549
38930 8283 6453
52320 6939
53067 10429
30781 5511 59689
7575
64396 174
6762 52863 174 12956
20562 2603 24785
20965 24490 11537 680 1853 1103
8758 6939
8928 10026
3333 1103
3549 3356
21396 6939
11537 27750
41617 8359
2603 42708 21320 12859
2613 6893
25160 174
9304
25074 3356 9189
29075 198385 5511 16347
23148 701 25152
1916 1251 27750
21385 3356
52863
21320 6939 6661
6893 25091
25091 13002 43100 34781 6939 12654
59891 6939
27750
263152 6939
25152
15605
28571 1251
9189
20676 12586 3356
7018 174
6881
6730 6730 6939 513
1273 1299
262757 28666
53070
57381 50304
20764 13002 20764 3356 8359
3303 3320
52873 52720
1853 6720
37239
15547 3356
24489 24490
22548
24785 1299
1836 20612 3356 13030
174 701 3356 1299 513 49463 19151 6453 29140 286 6461 174 2914
43100
286 8596
8359 3356
56730
2914 29208 4844
15435
1299 8943 13030 6939
12859
1280 6939
513 6939 513 6830 12654
37497 6939
29691
24490
16347
12586
6830 3356 3320
29208
3356 49605 44217 20932 14061 25220 9002
37640 6939
8763
49463
50300
28666 4809
29140
8596
48526 5511
12637
2497 701
34288
37989 4844
50304 42708 6939
29680
5511 5511 8220
1103
34781
1251
42708
9002
62567 6453
49605
13030 35369
7660
12956 10429
20612
8283
14061
263075 6939
20932
4844
263651 6939
59689
29686 6453
51405 6939
8220
29636
3320
6939 31424 10026 30844 5396 50620
25220
50620
6661
31122
5396
701
31424
44217
10026
198385 202194
553 680
19151
196621
6720
30844
202194
6667
24482 6453
680
6453
52720
35369
8943 8943
6461
4809
4589
12654
13002
10429
