#src/zombie.py
# GMT Mon Oct  1 03:50:45 2018
# 
52873 18881 52720
1916 52888 2914
22548 16735
14061 1299
7018 2914
34781 13030
198545 29152 174
8447 3320 6720
53070 10429
37239 4809
29075 174 50620
5396 3356
701 3356 2497 6939 286 6762 174 702 2914 6453 701 12956 23148
8468 3549
6461 2914 8218
3252 702
48039 8596 3320
16735 174 12956 28138
57821 12586
4589 2914
24785 1136 41095 24785
35054 3303
35699 174
2895 3267
29691 57118 15576
3356 3356 2497 47872 3549 51185 8426 9002 680 8732 3267 41095 29608 15547
51405 24611
52888
1853 21320
263321 263584 7738
4777 2516
13030 2497 31424 58299 1299 1836
9189 8422
30132 12859
19151 174
6453 2497 22652
1239 4637 2914
12956 10429 2914 18881 28220
52720
12859 2914
262589 28329 174
5511 30781 48526 2914
6939 2497 51395 1280 1299 30844
50763 8943
15435 1299
37271 4809 327995
8222 3320
24611 6661
198385 202194 41562
8426
3491 2497
12874 3303 15605
327995
59689 30781
12350 174
15547
29680 174
3333 1136
20080 2914
5392 174
25933 26615
31463 50300 56730
29152 58308
58299
1103 286
2613 25091
262317 10429
31424
42708 50304 1299
513 21320
57118
4637 1221
41562 15576
12779 174
10026 7575 2497
41095 13002 2497
2914 2497 8943 1299 6762 174 29686 2914 8607 16347
553 680
7738 3320
4837 2497 4809 4837
8607
198249 15576
8732 20764
2497 3320 2603 3257 12654 14361 2516
263584
26615 6762 16397 26615
29222 3303
13193 3320 49463
15576 196621 3303 34288 8758
14361
62567 1299
30844
25160 174
34177 174
47872
8943
34288
56730
7575
21320 2603
30781
3320 3303 25220 4809 8422
59891 51395
8455 1299
2603
1836
1299 49605 13237 38930 12586
680 174
13002 25091
8758 20612
48526
8422
20764
1221 4608
49463
28917 39821 174
286
25220
28220
23148 25152
34019 3303
12637 174
39821
41497 174
25152
18881
50300 174
24482 174
6720
9304 174
202194
4608
50304 57381
20932 174
3549
51185
16397 263075
13237
49605
29140 174
8596
6661 198290 174
28329
9002
12586
22652
57381
174 6667 31122 64396 174
29686
702
29608
198290
28138
38930 8283
15605
2516
8218
51395
263075
3257
1136
6667
4809
6762
10429
196621
12654
64396
20612
16347
58308
31122
50620
8283
25091
3267
3303
1280
