#src/zombie.py
# GMT Mon Oct  1 04:50:20 2018
# 
1916 2914 28571
14061 1299
7018 2914
34781 13030
8447 3320 6720
30844 6939
51945 174 56730
25160 174
12389 1299 48166
8943 1299 50763
24611 51405 6661
37989 4844
1836 13030 20612
25091 6893 13002
4230 3356 262757
701 1280 2914
6461 2914 8218
53067 6939
20932 174
2613 6893
21320 174 1853
6772 13030 15576
3320 2497 3303 6730 12713 8422
16735 1299 12989
59891 51395
12713 47872
8455 13030 8283
3549 3356 52720
57821 12586
263152 6939
8763 5539
6893
264911 6939
680 553 680 174
8426 3356
35369 13030
13002 20764
16347 2914
8359 20764 2497
29636 174
3356 2497 21385 9002 29608 20676 49605
51405
1853
28917 1299
29075 174
48526 174
29608
49463 13193
53070 12989
286 1103 2914
6881 15685
1764 8596 174
202032 6939
19151 174 25152
29691 13030
6453 2914
25220 29551
37239 6939
4844 2914
52720
13030 198249 58299 51395 34288 1299
15685 6939
41497 174
25152
12859 2914
50300 31463
29551 1299
50620 174
6720
48166
1239 2914 1257
9189 8422
15830 9304 2914
202194 198385
12989
50763
15435 1299
8218
24482 174
13193 1299
50304 42708
47872
262757
52863 4809
20764
64396 174
8596
198385 174
34288
12874 3303 15605
15547 1299
34019 3303
49605
29140 174
59689 30781
51395
20676 12586
21396 31463 6939
2914 7575 2497 8928 3257 6939 174 2914 1299 6762
6661 198290 174
9304
28329 6939 263674
29680 8928
9002
3333 1257
12586
20080 6939
22652 1299
56730
57381 42708
263075 6939
31463
6939 2497 31122 29686 37640 262317 8607
174 12779 6667 37271 174 2857
29686
58299
1103
198290
15605
1257
7575
262317
42708 1299
1273 1299
5539 21385
513 6730
57118 196621
4589 2497
3257
12779
6667
4809 1299
37640
196621 15576
12654 2497
553
20612
1299 8928 62567
8607
198249
2497 30781
37271
31122
8422
30781
8928
21385
8283
263674
6730 6730
6762
28571
15576
3303
1280
2857
62567
