#src/zombie.py
# GMT Fri Sep 28 22:26:05 2018
# 
50620 6939
6881 15685
12874 3303 15605
31463 6939 50300 56730
680 1299
196621 15576
1239 1257 1299
202032 6939
5511 5511 29608 3356
37989 4844
2613 6893
42708 1299 50304
21385 6939 5539
30844 6939
12989 6939 16735 53070 22548
20676 12586 3356
57381 50304
1251 28571 1916
7575 6461
13193 3320 49463
8426 6939
28666 4809 262757
13030 1299 1836 202194 34781 35369 198249 34288 58299 6772 8455
8607 6939
6453 1299 29686
202194
9189 25074
262757
12637 174
25220 3356
20612 1836
21320 174 1853
52863 6762
37640 6939
12586 57821
6772 15576
15547 3356
59891 51395
34781
16347 8218
12654 6939 12779 49605
50763 8943
25074 61157
64396 174
59689 8218
264911 10429
49605 1299 43100 3257 3356 20562 6939 31424 8758
15605
23106 10429
1103 3257
35369
37497 6939
48526 174
28917 1299
41497 174
22548
37468 174
15435 6939
50304
6461 1299 8218
61157 3320
15576
57821
29680 3257
10429 12956
53067 6939
8928 1299
3320 1299 31133 3303
8943 1299
3303 34019 3356
41722 20764
1916 174
262317 6939
37239 6939
8763 5539
29636 174
28329 3549
20080 2914
12859 6939
8732 20764 3356
701 2497 3356
44217 47872 3356
513 6730
4589 3257
8218
6893 25091
1299 1273 174 6762 12956 24785 3257 3356 2914 7018
25091 13002
6720 1853
31133 31261
14061 3356
286 3356
29140 174
31261 41617
20932 3356
31424
198385 29075
48039 8596 174
56730
37271 174
49463
5396 6939
50300 174
1273 6667
553 174
34288
29075 174
1257 3333
6667
4809 16735
198249
25152 19151
15685 29208
62567 3356
41617
47872
3333
25160 174
1853
52873 52720 18881
7018
24482 174
13002 20764
24785 20562
174 174 51395 3356 12779 2857 6730 1280 31122 9304 3257 19151 16735
43100
34019
2914 4844 29208 3356 6661
51395
22652 3356
12956 3356 18881
58299
263152 6939
8283 8455
18881
198290 6661
51405 6939
20562
20764
5539
29208
3356 3257 3549 9002 6939
4844
12779
52720
29608
1836
263651 6939
2857
29686
8596
28571
6730 6730
6762
8758
53070
8455
1280
31122
9304
3257
3549
9002
6939 263075 16735
263075
19151
16735
2497
6661
