#src/zombie.py
# GMT Fri Sep 28 18:11:35 2018
# 
50620 174
6881 6939
37640 6939
8359 20764 3356
680 3356
196621 15576
1239 1257 1299
202032 6939
37989 4844
2613 6893
42708 1299 50304
21385 5539 12654
30844 6939
12989 16735 22548
50300 174
25152 19151
1251 28571 1916
6667 174
8607 6939
6453 1299 8426 22652
3320 1299 3303
262757 6939
12637 174
25220 6939
20612 1836
9189 6939
52863 6762
37239 37271
12586 6939 57821
6772 13030 15576
15547 6939 34781
59891 6939
34984 286 44217
34781
16347 6939
12654 6939 13030
50763 8943
52873 52720 18881
64396 174
59689 30781
8943 1299
49605 3356
23106 10429
1103 286
35369 13030
37497 6939
198385 29075
51945 174 56730
41497 174
22548
37468 174
15435 174
50304 57381
6461 7575 1299 8218
15576
8447 6939 6720
57821
29680 174
10429 12956 53070
53067 6939
8928 10026
1764 8596 174
3303 34019
28917 6939
10026 174
1916 174
262317 6939
8763 5539
29636 174
264911 6939
20080 6939
12859 6939
44217 47872
4589 3257
8218
6893 25091
1299 1273 174 5511 286 14061 6762 37271 3257 2914 6939 7018 13030
25091 13002
6720
31133 174 31261
14061
286
1273
31261 41617
34019
20932 6939
29140 47872
31424 6939
8426
56730
37271
49463 174
5396 6939
202194 13030
7575
34288 13030
29075 174
1257 3333
13030 1836 6939 198249 58299 8455
198249
2857 174
57381
62567 6939
41617
47872 6939 24482
3333
30781 5511
25160 174
48526 174
41722 20764
7018
24482
13002 174
5511 6939 29608 5511
174 198290 20764 12779 1280 31122 9304 19151 16735
553 3356
2914 4844 9002 2497
22652
12956 6939 18881
8283 8455
263152 6939
58299
18881
198290
51405 6939
8596
20764
5539
3356 15605 6939
4844
12779
52720
29608
1836
263651 6939
15605
29686 6939
28571
6762
8758 6939
53070
8455
1280
31122
9304
3257
9002
6939 263075
263075
19151
16735
2497
