#src/zombie.py
# GMT Fri Sep 28 16:37:10 2018
# 
28138 16735
3549 22548 8468 25933 35054 16397 3356
14361 2914
513 6730
50300 2914 174 31463
56730 31463
1280 701
1273 6667 1299
30844 6939
58299 13030
6730 174 6730
6461 7575 3356 8218
13002 25091 20764
29222 3303
1221 4608 4637
9304 174
8422 1299 9189
9002 2914
1136 286 3333
35054
13101 12586 174
62567 1299
8607 2914
7018 3356
14061 1299
20932 174
2613 25091
5392 174
41497 174
6661 174 198290 24611
2603 3267 1299
12874 15605 3303
8758 20612 196621 15576
8447 3320 6720
35699 174
58308 29075
34177 2914
15435 1299
8359 3356 28917
52320 174 16735
25091
49605 1299
25152 23148
553 680
3491 3356
3267 2895
15576 3303 41562 196621 29691 198249 34288
28917 39821
702 3252 701
16397 263075
41095 3356
3356 2914 3257 6762 701 6453 5511 6939 22652 174 286 3320 1299 1239 4809
6720
8222 3320
15547 8220
198290
1853 1764
64396 174
37239 4809
9189
3257 31122 174 12859 4589
15605
7738 3320 263321
48526 5511
6939 1916 51395
47872 2914
2497 4777 701
202194 198385
16347 2914
49463 13193
198385 41562
29686 2914
29608 174
59689 30781
3252
34019 3303
38930 174 8283
2895
24611 51405
37271 327995 4809
29680 174
263321 263584
39821
5511 30781
29140 174
263584
262757 1916
16735 2914
8220 3320
6453 8426
8283
31122
29075 174
1103 286
263075
12859 30132
14840 1916
12586 57821 48039
8455 2914
7575
12956 28220 174 18881
13193 3320
51185 2914
52873 52720 18881
19151 174
1764 3320
1239 4637
4777
12654 1916 52863
3303 3320
50620 174
4637
12637 174
57118 196621
12779 174
4608
48039 8596
20764 8732
13030 1299 34781 1836
13237 1299
12989 53070 6762
6762 5396 174 3320 28329 52863
4134 701 4809
28329
8426
50304 57381 42708
286
262317 1916
174 680 1916 12350 24482 701 25160 174 1299
20612
30132
59891 51395
28220
680
31424 33891
29691
31463
12350
41562
196621
23148 701
8468
701
8943 1299 50763
263674 1916
57821
22548
57381
1836
30781
22652
327995
8596
4809 4809 52863
34781
25933
42708 1299
8218
53070
198249
1916 2914
34288
6667
24482
20080 2914
2914
5396
25220 3320
52720
3320 33891
51405
25160
51395
8732 1299
33891
50763
4589
3333
1299
18881
52863
