#src/zombie.py
# GMT Mon Oct  1 05:05:52 2018
# 
263584 263321
16685 22356 16685 4230
6762 8732 3356 57111
6720 8447
22356 28634
15605 12874
14907 6908
29075 15576 198385 1299
12389 25227 1273
3333 12859
1103 3257
22381 53070 4809
57866 8283 701
6894 2497
8167 7738 25933
3491 64050 41095 174 28513
22652 3257
3356 8359 553 25091 37497 8896 41095 51185 29222 8426 8607 30781 3549 35054 6730 9002 34177 16347 174 4230
29608 20764
680 1299
49605 3257
3549 28220 16735 52873 9304 5392 23106
4809 4134
29686 3257
4230 28513 262757
6939 34019 53067 51395 262317 20764 28929 1299 52720 264911 37640 263075 202032 58299 45896 263152 263508
20932 1299
28634
37468 3257
6730 6893
53067
47692 33891
205206 16245
8896
37100 327782 6453
29222
39392 3257 29504
51405 20764
35699 174
12654 9002 41095 20764 41722
701 174 1280 2497 23148
8359 28917
38001 41095
198290 6661
29680 174
8220 3320 15547
5392
12874 3303
52873
8607
327782 327960
39821 28917
264911
34177
28917 1299
1764 35369 1299
513 6830
196621 8758
8222 3320
9304
56730 31463
6830 174 6830 59414
15576 29691 198385 21232 8758 34288 198249
1221 4637 4608
4608
20562 20764
43578 1299
6461 174 7575
20612 31424
263152
23106
23148 25152
34019
25091
6893 2613
3257 12779 12586 41497 8455 29551 13237 31463 12637 29140 5396 31742 174 48526
30781 59689
3252 174
35054
39351 42708
1299 13030 16245 37271 15435 174 49375 8943 1273 7738 13760 1299 14061 15685 4637 52320 50304 42708
33891 31424 3320 34549
198385 202194
40191 174 395766
29551 25220
31463
12859 41095 30132
28929
53070
21232
1251 52888 20080
174 12956 20764 19151 12350 7018 3303 2914 25160 24482 4134 1916 8218 3320 50300 50877 5400 286 6453 64463 6661
25160
8943 8943 50763
25933
16735
31742
13237
39540 57118 12307
1916
59414
13193 3320 49463
14061
3320 47147 8447
51395 59891
12779
5400 2110
58299
13760
263321 28329
29691 57118
553
59689
202032
37497
12637
262317
266534 18881
395152 63297
263075
52720
25220
16347
25227
45896
20764 8732 41722 30844
8426
20080 2914
9002 2914
50877
2914 28329 15562 6908
286
42708
4637
50763
63297 11404
30132
202194
25152
2895 41722
49463
7738
29504
7018
15562
52888
6881 15685
198249
8732
50304
1273 6667
59891
4134
47147
37640
5396
48526
4777 2497
57821 12586
12956 18881
16245
6908
34549
37271
41095 11404
51185
31424
24482
3303
49375
28220
19151
8455
327960
8283
8218
12307
6667
262757
15547
395766
2110 39122
6453
8758
64463
50300
28329
41497
13030 1836
64050
12586
57118
12350
7575
34288
30844
15685
35369
8447
39122
52863 52320
2497
41722
15435
1280
29140
57111
2613
263508
52320
1836
11404
28513
6661
18881
