#src/zombie.py
# GMT Mon Oct  1 04:37:03 2018
# 
52873 18881 52720
1916 52888 2914
22548 16735
14061 1299
7018 174
34781 13030
8447 3320 6720
53070 10429
37239 4809
29075 58308 174 50620
5396 3257
6453 3356
701 3356 2497 174 702
8468 3549
6461 7575 174 8218
3252 702
16735 52320 1299 28138
57821 12586
3491 174 12389
30844 2914
35054 3303
35699 2914
2895 29076
29691 57118 15576
3356 47872 3320 28917 9002 51185 8426 3549 34177 1299 5511 31463 41095 174 19151 29608 12956 8359
51405 24611
52888
1853 1764
263321 263584 7738
4777 2497
13030 51395 1299 1836 58299
9189 8422
1764 3320 8596
19151 174 12654
8943 1299 50763
8220 3320 15547
1239 4637 174
12956 18881 28220 10429
41497 3257
12859 30132 9002
262589 28329 1299
5511 30781 48526
50300 5580
5580 174
15435 1299
37271 327995 2914
24482 174
24611 6661
198385 202194 41562
8426
12874 3303 15605
327995
59689 30781
12350 174
15547
29680 3257
3333 1136
20080 2914
5392 3549
25933 26615
31463 56730
28917 39821 8359
1103 3257
29076 12389
13237 1299
20562 9002
58299
7575
262317 10429
31424 33891
42708 50304 1299
513 3320
57118
50763
41562 15576
12779 3257
30132
41095
2914 8607 174 9002 25160 6661
553 33891
7738 3320
1299 1273 8455 24785 8732 49605 174 52320 38930 62567 8422
8607
198249 15576
8732 20764
2497
263584
4637 1221
26615 6762 26615
6762 174
4608 1221
15576 196621 3303 34288 8758
14361 209
62567
25160
12389
4589 3257
47872
24785 1136 24785
34288
56730
2613 25091
30781
3320 3320 8222 4809 33891 3303 25220 13193
59891 51395
8455
34177
1836
680 174
13002 20764 25091
8758 20612
48526
8422
20764
1221
49463 13193
286 174
13101 12586 174
25220
28220
34019 3303
12637 3257
39821
52720
25152 1273
18881
1273 6667
8222
64396 174
9304 174
33891
202194
8359
209 174
13193
50304 57381
20932 174
3549 16397
51185
16397 263075
52320
49605
29140 3257
8596 8596
6661 198290
28329
9002 12654
6720
12586
22652 3257
57381
174 3257 174 1280 16347
29686 3257
702
29608
198290
28138
38930 8283
15605
8218
51395
263075
3257 31122
1136
6667
4809
29222 3303
10429
196621
12654
20612
16347
58308
31122
50620
8283
25091
3303
1280
