#src/zombie.py
# GMT Mon Oct  1 05:16:11 2018
# 
37468 37271
50620 174
24489 24490 17579
2857 174
12989 22548 16735 53070
22548
24785 20562 1299
264911 10429
57821 12586
62567 6453
174 6762 64396 29680 49605 25512 12956 5511 19151 29140 6453 22652 174 20932 12637 6667 1299 701 1280 25160 513 6730 12779 9304 2914 29636 29075 41497 50300 20764 3356 31122 1764
286 1299
12874 3303 15605
198249 13030
28917 6939
22652
2613 6893
198290 6661
56730 31463
49605
2914 1299 4844 4589 20080 6661 9002
15435 1299
8455 8283 13030
12859 2603
1280
513 6939 513 6730 6830 12654
37497 6939
31133 31261 6939
20080
16347 8218
31463 50300
25512 6881
15547 6939
24490 20965
41497
559 3303 20965 21320 12654
12586 6939
8218 49463 6461
16735 262757 6939 12956
2497 701
12779
5539 8763 21385
8607 6939
6830 3356 3320
262757
3356 25074 3549 44217 8426
37271 2603 37239
4844 37989
8763
34288 13030
49463
6939 1916 59891 37640 12956 263152 4657 263075 30844 263651 1299 262317 29686 51405 1251 25220 202032 21320
4657 24482
6661
29140
25074 9189
37239
3257 1299
47872 44217
6881
17579 7660
52863 6762
262317
8596 1764
48526 5511
18881 52873 12956
12637
15576 6772 196621
34019 3303
22388 11537 7660 7575
1916
37989
50304 42708 57381
58299 13030
23106 10429
5511 30781
1103 11537 3333
50763 8943
34781 13030
31261 41617
20612 1836
15605
1251 28571
680 20965 553
42708 1299
28571
14061 1299
9002
30781 59689
7575
64396
701
1836 13030
20965 1853
13030 1299 35369 202194 6772
7660
12956 10429
8283
41617
3333
41722 20764
8928 1299
3549 28329
9189
263075
11537
52873 52720
20932
198385 29075
37640
2603 20562 21320 21385
1764
51405
59689
25160
50300
4589
29686
9304
7018 1299
29636
29075 1299
28329
3320 3303 1299
21385
25220
202032
21320
6762
263651
25091 13002 6893
59891
44217
263152
20562
553
25152 19151
29680
19151
53067 10429
1299 8943 6453 6461 1273
196621
6720 1853
30844
202194
13002 20764
6667
29608 6453
24482
8426
1273
6730 6730
1853
6772
6453 6453
52720
35369
8943
6461
53070
57381
20764 20764
3303
6893
12654
31122
10429
