#src/zombie.py
# GMT Mon Oct  1 04:01:07 2018
# 
6762 174 31463 41497 50877
6720 8447
15605 12874
14907 13030
29075 1299
202032 6939
3333 12859
52888 1916
20612 1836
4657 38001 3491
6894 2516
3491 174
22652 1299
3356 8426 30781 3549 174
29608 5511
680 1299
8365 2857 1299
49605 1299
3549 52873 263702
20495 8455
29686 3257
20932 1299
31122 3257
37468 1299
53067 6939
47692 33891
205206 16245
8896 1299
28634 22356
39392 33891 29504
51405 24611
12654 513
1273 48526 25152 6667 1299
38001
198290 2914
29680 3257
2603 30844 21320 12859
513 513 174 20965 21320 6830 6939
12874 3303
52873
62240 136620 1299
8607 6939
28571 1251
264911 6939
50300 31463
28917 1299
263702
136620 136620 59891
196621 15576
9304 3257
56730 31463
6830 1299
15576 29691 198385 21232 34288 1299
6461 174 8218
6667
263152 6939
23106 52320
34019 3303
25091 2914
20965 21320
29636 3257
3257 31742 12637 15435 29140 1103 12779 174
30781 59689
4844 2914 37989
39351 42708
13101 34549 174
1299 33891 20676 29551 16245 37271 15547 553 13030 174 49375 8732 38930 16735 15685 8943 13193 14061 8455 52320 47147 5400 50304 42708
33891
198385 202194
29551 25220
50620 174
31463
12859
38930 8283
53070 10429
21232
1251 20080
174 5511 12956 7018 57111 286 701 3320 2914 6453 64463 25160
6939 16735 12956 262317 21320 2613 37640 263075 6939
8943 50763
59891
16735 262757 263508
31742
39540 57118 12307
1916 2914
59414 13030
13193 49463
14061
3320 3303 8447
12779
35369 13030
58299 13030
25160
29691 57118
553
59689
12637
262317
266534 18881
263075
25220
16347 2914
20764 8732 41722
8426
20080 2914
9002 2914
50877
2914 2497 19151 1280 7575 15562
50304
42708
286
50763
8455
202194
25152
2516 701
49463
15435
29504
7018
15562
1103
5511 5511
6881 15685
198249 13030
8732
24611 6661
701 2497
21320 6661
47147
37640
48526
4777 2497
12956 10429 18881
16245
34549
37271 37239
22356 27715
3303
49375
37239
19151
8283
8218
12307
262757
15547
2110 39122 5400
6453 24482
64463
20676 12586
41497
13030 1836
12586 57821
24482
57118
7575
34288
30844
15685
5400
8447
39122
52863 52320
2497
2857
37989
41722
57821
1280
29140
57111
2613
263508
52320
1836
10429 27715
18881
6661
27715
