#src/zombie.py
# GMT Fri Sep 28 15:29:59 2018
# 
28138 16735
3549 3356 8468
14361 2914
513 6730
50300 2914 174 31463
56730 31463
1280 701
25074 9189 3356
15435 1299
30844 12859
58299 13030
6730 174 6730
6461 2914 7575 8218
13002 25091 20764
25220 29551
29222 3303
1221 4608 4637
9304 174
9002 2914 12859 39821
1136 286 3333
35054 3356
62567 1299
8607 3356
7018 2914
14061 1299
20932 174
2613 25091
34288 15576
5396 6762
6661 174 198290 24611
2603 1103
12874 15605 3303
8758 15576 20612
8447 3257 6720
35699 174
58308 29075
34177 174
9189
8359 3356 28917
59689 30781
49605 1299
25152 4713
553 680
3491 2914
50763 8943
15576 3303 198249 196621 29691 41562
28917
702 3252 701
16397 26615 263075
41095 3356
3356 2914 29608 51185 1853 47872
6720
8222 3320
15547 8220
198290
20562 12859
1853
64396 174
37239 4809
327995 37271
3257 2914 12586 4589 1103 22652
20080 6762
7738 12956 263321
48526 5511
6939 1299 30132
47872
2497 4777 701
202194 198385
38930 1299 8283
49463 174
198385 41562
29686 6453
29608
3252
34019 3303
16347 8218
2895 29076
24611 51405
28329 262589
6695 12859 8426
37271 4809
8218
29680 174
263321 263584
39821
26615 26615 6762 25933
29551 1299
34781 13030
263584
52888 1916
16735 1299 22548 174
8220 5511
6453 2914
8283
4713 2914
31122 174
29075 50620 174
1103 12654 286
263075
12859 2914 29076 286 12654
12586 57821
8455 1299
29140 174
7575
12956 28220 2914 18881 10429
51185
52873 52720 18881
19151 174
3303 2914 3320
1239 2914 4637
4777
12654 5413
1764 174 8596
50620
4637
12637 174
57118 29691
12779 174
4608
262589 174
20764 174
13030 51395 1299
5392 174
13237 1299
51395 59891
6762 2914
25091
8426
50304 57381 42708
286 2914
262317 10429
174 680 41497 12350 1916 24482 2914 25160 174 6667 1836
5511 2914 30781
20612
30132
28220
680
31424 33891
29691
31463
12350
41562
196621
8468
701 2914
8943 1299
57821
22548
57381
1836
30781
22652
8596
4809 3320 1299
25933
42708 1299
5413
53070 10429
198249
1916
10429
1299 2914
24482
15605
2914 3320
41497
59891
52720
3320 33891
51405
25160
33891
29076
4589
3333
6667
18881
