#src/zombie.py
# GMT Mon Oct  1 06:33:41 2018
# 
37468 37239 1299 174
24611 8218 51405
8447 6720 3320
57821 12586
263584 263321
198249 15576
28917 8359
22652 3257
198290 6661
34177 2914
8455 2914
48039 12586 8596
1299 15435 1299 13030 7738 680 3356 174 4637 8943 6939 42708 1273
20080 1251 2914
31463 56730 3356
13101 12586 1764
50300 3356
8218 6461 1764 174
16735 22548 262757 12956
12779 174
8607 2914
37271 327995 174
12350 174
7738 8167
3257 174
47872 2914
202032 1764
61568 6762 263321
50304 42708
41497 174
15576 34288 47176 8758 196621 3303 29691 41562
51185 3356
3491 2914
23106 10429
50763 8943
28329 3549
38930 8283 174
22548
1136 24785 3333
30781 5511 59689
2895 29076
7575 2914
64396 174
701 23148 5511 3320 2497
53070 10429
47176 25435
8758 20612
41722 20764
1221 4637 4608
41617 31261
3333
3549 3356
12859 13237 30132
4637
59414 6830
37100 6453 327782
2613 6893
25160 3356
9304 174
25074 9189 61157
29075 6762 5511 58308 198385
31261 31133
23148 25152
1916 2914
20562 6461
52863 6762
8426 3356
6893 25091
25091 13002
59891 51395
25152
29680 174
15605 12874
34019 3303
9189
7018 174
327782 327960
30132
9002 39821 49605 2914
5392 174
4608
33891 31424 3320
553 3356
20764 8359 25227 174
3303 3320 35054 48526 12874 29222
52873 52720 12956
4777 2497
37239
15547 8220
29691
25933 8167
35054
3252 174
24785 24785 2914
58299 1764
12874
174 6762 3356 35699 51395 286 6661 12637 24482 12956 6453 2914 6830 1764 3320
286 1103
8359 3356
45896 3356
56730
61157 3320
2914 62567 16347 14361 29140 29686 14061 19151 4589 25220 13237
15435
31133 6762
25435
1280 6939
513 6830
37497 13237
16347
8387 12654 3320 1764
8167
12586
263321
6830 6830
51395
262757
3356 3320 29608 20932 41095 1764
49463 13193
29222
29140
327995
13237 29076 12654 3320
8596
48526
12637
2497
34288
12307 57118
29076
28220 12956
5511 8220
1103
57118 196621
1251 52888
42708 57381
1273 6667
62567
49605
13030
12956 3320 10429
20612
8283
14061
13193 3320
20932
41095 13002
41562 198385
202194 198385
327960
29686
51405
8220
3320 6453 8222
6939
25220
29608
6661
52888
5396 6762
8222
6762 6762
31424
35699
25227
198385
57381
19151
39821
58308
196621
6720
30844 1764
59689
6667
24482
14361
680
6453
52720
8943 8943
6461
1764
4589
12654 12654
13002
10429
