#src/zombie.py
# GMT Mon Oct  1 05:01:02 2018
# 
52873 18881 52720
1916 52888 174
22548 16735
14061 3356
7018 174
34781 31025
59891 51395
53070 10429
37239 4809
29075 31025 25220 58308 50620
5396 6762
701 4134 174
8468 31025
3252 25220
48039 12586 8596
29551 31025 25220
37179 41095 327984
57821 12586
3491 2914
30844 5413
35054 3303
35699 2914
2895 29076
29691 57118 15576
3356 3356 6762 174 3549 51185 680 25220 14361 22652
51405 24611
52888
1853 6720 1764
58299 13030
7660 22388 9270
4777 2497
6830 513 6830 5413
13030 5413 51395 1836
9189 6695
30132 12859
19151 174
6453 174 62567 5392
12956 6695 10429 16735 7738 18881 28220
52720
12859 25220 3333
262589 28329 1299
6939 31025 1280 5413 25152
50763 8943
15435 1299
263584 263321
8222 3320
24611 6661
52863 4809
198385 202194 41562
43531 31025 24482
8426 6695
12874 3303 15605
327995 37271
59689 30781
52320 31025 16735
15547 31025
29680 8928
3333
20080 2914
5392
25933 26615
31463 50300 56730 21396
263321 7738
1103 3257
29076 25220
13237 31025
20562 25220
2613 25091
262317 10429
31424 33891
42708 50304 25220
16735 28138
513
57118
4637 1221 5413
4589 2914
41562 15576
41095 13002 5413
2914 12637 2497 47872 3320 9002 8455 5413 25160 8943 174 29686 12654 25220
553 31025
7738
1299 3320
8607 5413
198249 15576
2497
6695 31025 25220 6661
31025 30781 31122 29140 33891 49605 12779 16347 1764 48526 8218
8928 5413
26615 6762 26615
6762 174 12654
15576 196621 3303 34288 8758
14361
62567
25160
8943
47872
34288
56730
7575 24490
30781
3320 680 174 3303 25220
8455
34177 25220
1836
1764 25220
680 20965 680 12654 174
13002 25091
8758 20612
48526
9270 24490 9270
20965 11537
20764 8732
327984
1221 4608
5413 9002 6667 8359 12654 16265 21396
49463 8218
28917 8359
286 174
13101 12586 25220
16265 38930
25220 20932 8732 12654 6661
28220
34019 3303
12637
39821 9002
41497 3257
25152
18881
50300
24482
64396 174
9304 3549
33891
202194
8359
4608
50304 57381
20932
3549
51185
4134 4809
12350 174
49605
29140
11537 22388
24490 24490
21396
6661 198290
28329
8596
9002
6720
12586
22652
57381
174 29608 3257
29686
29608
198290
28138
38930 8283
15605
8218
51395
3257
8732
6667
4809 37271
29222 3303
10429
196621
12654
37271
20612
12779
16347
58308
31122
50620
22388
8283
25091
3303
1280
