#src/zombie.py
# GMT Mon Oct  1 05:54:22 2018
# 
52873 18881 52720
1916 174
22548 16735
14061 1299
7018 174
34781 13030
8447 3320 6720
53070 10429
37239 4809
29075 5511 58308 174 50620
5396 6762
6453 174
701 3356 2497 4230 702 174 1280
8468 3549
25220 3320
3252 702
48039 8596 3320
16735 12956 28138
57821 12586
3491 174 12389
30844 6939
35054 3303
35699 174
2895 29076
29691 57118 15576
3356 47872 3320 3549 51185 8426 9002 34177 12956 4134 5511 31463 6762 174 19151 41095 3303 1299 8607
51405 24611
1853 1764
263321 263584 7738
4777 2497
13030 1299 1836 58299
9189 8422
1764 3320
19151 6939 174 8359 25152
8220 3320 15547
12956 10429 18881 174 28220
52720
12859 30132 3257
5511 30781 48526
6939 25152 51395 7545 12654
1273 6667 1299
15435 1299
37271 4809 327995
24482 174
24611 6661
4230 262757
52863 4809
198385 202194 41562
6720
12874 3303 15605
327995
59689 30781
12350 174
15547
59891 51395
3333 1136
20080 2914
5392 3549
25933 3549
31463 56730
28917 39821 8359
1103 3257
29076 12389
24130 4608 7545
2613 25091
262317 10429
31424 33891
42708 57381 50304 1299
513 3320
57118
50763 8943
41562 15576
12779 174
30132
41095
2914 174 4589 16347
553 33891
7738 3320
1299 20932 8455 8943 8732 49605 174 13237 38930 62567 8422
8607
198249 15576
1136 286
2497
263584
7545
34177
29222 3303
4608
15576 196621 3303 34288 8758
14361 209
62567
22652 3257
25160 174
12389
4589
47872
262757
34288
56730
7575 6461
58299
30781
3320 3320 8222 33891 3303 13193 6661
8455
8943
1836
680 174
8426
13002 20764 25091
8758 20612
8359
8422
20764 8732
49463 13193
286 174
6461 174 8218
28220
34019 3303
12637 3257
39821
41497 174
25152 3257 12654
18881
50300 174
8222
64396 174
9304 174
33891
202194
48526
13193
50304
20932
3549 16397
51185
16397 263075
4134 4809
13237
49605
29140 174
8596
6661 174 198290
28329 6762
9002
12586 3257
209 174
57381
174 3257 29680 174 29608
29686 3257
702
29608
198290
28138
38930 8283
15605
8218
51395
263075
3257 31122
8732
6667
4809
6762
10429
196621
12654
20612
16347
58308
31122
50620
8283
25091
29680
3303
1280
