#src/zombie.py
# GMT Fri Sep 28 18:11:42 2018
# 
15435 6939
1273 12713 1299
16735 12989 52320
3549 52720 3356 28329 4809
6453 6453 29608 174 62567 29686
513 6830
50300 174 6939 31463
29208 6939 15685
56730 31463
1280 1299
20676 12586 3356
6661 174 198290 24611
9189 6939
31122 174
30844 20764
58299 13030
1103 286
263075 6939
12859 6939
6461 174 8218
13002 25091 174
31424 6939
21320 174 1853
202194 198385
12586 57821
8455 13030 8283
29140 174
7575 6939
9304 174
13193 1299 49463
13030 6772 51395 34781 1836 34288 1299 35369 29691 198249
9002 2914
19151 174 25152
1764 174 8596
1239 174 1257
21385 5539 6939
20612 1836
7018 174
3303 34019 174 12874
5539 8763
59891 51395
57118 196621
14061 1299
20932 174
2613 6893
37640 6939
5396 6939
50763 8943
20764 174 3356 12654 6939
8283
198385 174
202032 6939
12874 15605
8758 6939
2497 701
48166 12389
12989 53070
6830 174 6830
8607 6939
6762 174
25091 6893
29680 174
50304 57381 42708
62567
174 50620 680 12779 2857 3356 41497 29075 24482 64396 2914 3257 25160 29636 6667 174 286 37271 1299
28329 6939 263674
52320 2914
263674
701 703
49605 6939
25152
553 680
262317 6939
6893
6772 15576
8763
15576 196621
28917 3356
15685 6881
12654
3356 2914 25220 5511 1299 6939
6720 1853
29691
31463
1251 28571 20080
15547 6939
198290
6881
196621
8943 1299
52720
64396
37239 37271
3257 4589
29075
20080 2914
50620
1853
8928 1299
680 680
6939 264911 703 8426 263152 22652
47872 12713
57821
57381
1836
30781 2914 59689
22652
35369
8596
49463
4809 52863
29686
29608
34781
59689
51405 24611
2857
34019
16347 8218
3333 1257
24611
42708 1299
8218
53070
37271
198249
8426
1916 52888 2914
4844 2914 37989
34288
264911
1299 12389
24482
15605
2914
41497
25220
28571
12779
1257
263152
5511 48526
12713
37989
29636
25160
703
51395
286
4589
48526
52888
6667
12389
52863
