#src/zombie.py
# GMT Fri Sep 28 20:50:03 2018
# 
50620 174
6881 25512
12874 3303 15605
680 3356
196621 15576
1239 1257 174
202032 6939
37989 4844
2613 6893
42708 1299 50304
21385 5539 3356
30844 6939
12989 16735 22548
20676 12586 3356
31463 21396 56730
1251 28571 20080
7575 6461
13193 1299 49463
8426 3356
13030 1299 1836 34781 35369 198249 34288 58299 6772 8455
8607 6939
25160 174
202194 198385
29686 6453
6830 6830 174 513
12637 3257
25220 29551
20612 1836
9189 8422
52863 6762
37640 6939
12586 57821
6772 15576
15547 1299
59891 51395
34984 286 44217
34781
35369
12654 6939 19151 2914 6762
50763 8943
64396 174
59689 30781
8943 1299
49605 174
15605
23106 10429
1103 3257
16347 174
37497 6939
28917 1299
1836
22548
57381 50304
15435 1299
50304
6461 174 8218
264911 6939
15576
8447 3257 6720
2857 8365
29680 174
10429 12956 53070
53067 6939
8928 10026
3320 3303 6762
3303 174 34019
10026 6939
1916 174
262317 6939
37239 37271
8763 5539
29636 3257
28329 3549
20080 2914
12859 6939
8732 1299 20764
701 174 2497
44217 47872
513
4589 3257
8218
6893 25091
1299 1273 174 31133 14061 1280 37271
25091 13002
6720
31133 31261
14061
286 174
29140 3257
8422 3356
31261 41617
20932 174
198385 174 29075
31424 6939
48039 8596 174
56730
37271 2914
49463
5396 6939
50300 3356
1273 6667 25152
553 3356
34288
29075 174
1257 3333
6667
22652 174
25152
62567 6453
41617
47872
3333
30781 2914
6453 174 21396
48526 5511
52720 3549
7018 174
24482 174
13002 20764
5511 5511 174 29608
174 12956 3356 12779 19151 25512 6762 3257 2914
34019
9002 3356
51395 3257
198249
12956 16735 2914
8283 8455
263152 6939
58299
198290 6661
51405 6939
8365 2914
20764
5539
3356 2914 3549 6939
4844 2914
12779
262757 16735
21396
29551 3257
29608
41497 3257
263651 6939
57821
25512
8596
28571
6762
8758 6939
53070
8455
1280
31122 3257
9304 3257
3257
3549
2914 6939 19151 6661
6939 263075 19151
263075
19151 16735
16735
2497
6661
