#src/zombie.py
# GMT Fri Sep 28 22:07:31 2018
# 
50620 6939
6881 15685
12874 3303 15605
31463 6939 21396 50300 56730
680 3356
196621 15576
37239 37271
202032 6939
37989 4844
2613 6893
42708 1299 50304 57381
21385 5539 3356
30844 6939
12989 16735 22548
25152 19151
1251 28571 1916
48166 3356
13030 29691 1836 8455 34288 202194 35369 198249 59414 58299 6772 2497
8607 6939
6453 62567 2914
56730
202194
262757 16735
12637 174
25220 6939
20612 1836
52863 6762
37640 6939
12586 6939 57821
6772 15576
15547 6939
59891 51395
34984 286 44217
12307 59414
12654 2497
50763 8943
52873 52720 18881
3303 3320 34019
59689 30781
264911 6939
49605 3356
1299 1273 8943 2914 14061
23106 52320
1103 3257
35369
37497 6939
28917 6939
41497 174
22548
37468 174
15435 174
50304
6461 7575 8218 2914
15576
1764 8596 3356
8447 6939 6720
57821
29680 8928
15605
10429 12956 53070
53067 6939
8928 3257 2497
3320 2497 31133
8943
64396 174
16347 6939
59414
20932 174
262317 6939
8763 5539
29636 174
20080 2914
12859 3257
1836
513 174
4589 2497
8218
6893 25091
1239 1257 2914
25091 13002
6720
31133 31261
14061
286 2497 2914
53070
31261 41617
1916 174
29140 174
29691
198385 29075
8426 3356
8455 8283
37271 2914
49463 174
50300
1273 6667
553 174
34288
29075 174
1257 3333
6667
198249
57381
15685 29208
62567
41617
47872 44217
3333
30781 2497
25160 174
48526 174
41722 20764
52720
7018 2914
24482 174
13002 20764
7575
174 174 51395 12779 198290 20764 2857 8422 52320 1280 9304 2914 19151
34019
9002 2497
51395
22652 3356
12956 6939 18881
58299
263152 6939
8283
18881
198290
51405 24611
8596
20764 20764
5539
29208 2914
3356 29608 2497
4844 2914
12779
21396 6939
44217
29608
9189 8422
263651 6939
2857
29686 6939
28571
6762 2914
8422
52320
1280
31122 6939
9304
3257 2914
24611 6661
2914 19151 2914 2497
6939 263075 16735 2497
263075
19151
16735
2497 6661
6661
