#src/zombie.py
# GMT Mon Oct  1 05:28:34 2018
# 
37468 37239 174
24611 8218 51405
8447 6720 3320
57821 12586
61568 263321 18881
198249 15576
28917 8359
22652 3356
198290 6661
41722 20764
34177 3356
8455 2914
48039 12586 8596
4230 262757 28513
20080 6762 1251
31463 56730 2914
13101 12586 6461
50300 2914
8218 6461 1764
16735 22548 12956
12779 174
8607 2914
37271 327995 2914
12350 174
7738 8167 1239
3257 3356
47872 174
202032 1764
263584 263321
50304 42708
18881 12956
41497 174
15576 3303 29691 34288 196621
51185 174
286 701 1299 1136 1103
23106 10429
50763 8943
33891 31424 553 13237
20612 31424
22548
1136 3333
30781 5511 59689
2895 29226
4777 2497
64396 174
701 5511 3320 1280 2497
47176 25435 174
8758 6830
6893 25091 2613
1221 4637 4608
41617 8359
3333
8732 20764 3356
3549 3356 5392 52720 28329
4637 1239
59414 13030
9189 25074
37100 13237 327782
2613
25160 3356
9304 174
25074 3356
29075 198385 5511 16347
28329
1916 174
20562 1764
52863 4809
8426 3356
38930 8283 2914
25091 13002
59891 51395
25152 6939
29680 174
15605 12874
34019 3303
1239 174
25435
7018 174
327782 327960
30132 12859
6730 6730 3320 513
1273 6667 1299
5392
4608
28513 3491
53070 10429
553
20764 13002 25227
3303 12874 3320 35054
7575 2914
37239
15547 8220
25933 8167
35054
3252 174
52720
58299 15623
12874
174 3356 12956 19151 51395 6830 1299 6453 15623 2914 29608 6661 1764 3320
3491 1299 2914
8359 3356
45896 3356
56730
2914 3356 29140 29686 35699 4589 13237 9002 12637
15435 1299
1299 3356 1299 13030 8943 680 12956 14061 6461 3320 6939 42708 13237
12859 13237
1280
513
37497 13237
29691 57118
8387 9002 12654 3320 1764
8167
12586
263321
6830
51395
262757
3356 6762 62567 49605 20932 41095 29222 1764 14361 3320 5396
49463 13193
29222
29140
327995
13237 24482 29226 3320 25220 12654 30844
8596
48526 5511
12637
2497
34288
12307 57118
28220 12956
5511 8220
15623
1103
57118
1251 52888
42708 57381
9002 39821
62567
49605
13030
29226
12956 4809 10429
8283
14061
13193 3320
20932
41095
202194 198385
327960
29686
51405
8220
3320 8222
6939
25220
29608
6661
52888
5396
8222
6762 6461
31424
35699
25227
198385
57381
19151
39821
58308 59689
196621
4809
6720
30844
59689
6667
24482
14361
680
6453
16347
8943
6461
1764
4589
12654 12654
13002
10429
