#src/zombie.py
# GMT Mon Oct  1 04:28:57 2018
# 
37468 37271
50620 174
2857 174
59689 30781
24785 20562 1299
264911 10429
57821 12586
62567 3356
174 6762 64396 41497 49605 25512 16347 19151 174 51395 3303 29140 48526 12637 6667 1916 1299 24482 1280 25160 513 29680 20932 48039 9304 29636 29075 2914 20764 12779 31122
43100 49605
286 1299 1103
198249 13030
28917 1299
22652 3257
8359 3356 41617
52863 6762
56730 31463
41722 20764
2914 8455 2497 1299 4844 20080 6661
15435 6939
8455
12859 6939
1280
513
37497 6939
20080
16347
31463 3356 50300
25512 6881
15547 3356
1257 3333 1239
41497
50300
12586 20676
8218 49463 6461
16735 262757 6939 12956
2497
12779 12654
5539 8763 21385
8607 6939
51395 59891
7018 1299
3356 1299 680 8426 25074 9002 553 14061 3257 3549 49605 6939 25220 29608 20676 1853 30781
37271 37239 6939
4844 37989
8763
49463
21385 6939
6661 198290
12874 3303 15605
25074 9189
42708 1299 50304 57381
3257 4589 1299
47872 44217
6881
202032 6939
262317 6939
8596 48039
48526
18881 52873 12956
12637
15576 6772 196621
34019 3303
34288 13030
15605
37989
50304
58299 13030
23106 10429
1103
50763 8943
34781 13030
28329 3549
38930 1299 8283
1251 28571 1916
680
22548 3549
28571
31424 49605
9002 49605 9002
30781
7575 6461
64396
1836 13030 20612
49605 51405 8758 6939 20562 12654 5396
13030 35369 1299 202194 6772
8758
12956 10429 6939
20612
8283
14061
3333
8928 10026
3549
9189
263075 6939
198290
8426
20932
198385 29075
37640 6939
263651 6939
52720 52873
20676
44217 6762
25160
4589
29686 6453
9304
51405
29636
29075
1916
6939 263152 10026 30844 12654
25220
29608
41617
5396
6762 1299
6893 25091 2613
25091 13002
59891
2613
10026
263152
20562
553
25152 19151
29680
19151
53067 10429
1299 8943 6453 6461 1239 1273
1239
196621
29140
6720 1853
30844
202194
13002 20764
6667
24482
48039
1273
1853
6772
6453
262757
31122
35369
8943
6461
53070 10429
57381
20764 20764
3303
52873
12654
37239
10429
