#src/zombie.py
# GMT Mon Oct  1 04:41:11 2018
# 
8387 3320 1764 12654
1916 174
22548 16735
14061 1299
7018 174
34781 13030
198545 29152 174
20080 2914
53070 10429
37239 4809
29075 174 50620
5396 3356
701 4134 2497 1280 1299 702
8468 3549
25220 29551
3252 702
29551 3257
16735 174 28138
57821 12586
3491 3257
30844 13237
35054 3303
174 19151 49463 25160 3257 12779 6667 1764 24785 45896 15435 12350 6453 50300 1299 12956 12637 29140 29680 3320 41497 31122 286 35699 24482 174 64396 34177 1836 5392 9304 5511 6661 28917 29608 20932 38930 8218
35699
2895 3267
29691 57118 15576
3356 3267 41095 3549 51185 8426 49605 1299
51405 24611
1853 6720 1764
263321 263584 7738
4777 2497
6830 15547 1299
13030 51395 3320 58299 1299
9189 8422
30132 12859
202032 1764
45896
6453
12956 18881 47872 10429 1299
52720 52873
12859 13237
5511 48526
29152 58308
50763 1764
15435
37271 4809 327995
24482
47872
4230 28513 262757
52863 6762
198385 202194 41562
8426
12874 3303 15605
327995
59689 30781
19151 25152
15547
29680
3333 1136
59891 51395
5392
25933 3549
31463 50300 56730
58299
1103 3257
20562 1764
2613 6893
31424 33891
42708 50304 1299
52873 18881
513 6730
57118
4637 1221 209
41562 15576
12779
41095
2914 14361 30781 16347 9002 8455 8607 28513 1299 62567 4589
553 680
7738 3320
1299 6461 209 8732 6762 13237 3320 8218
8607
198249 15576
8732 20764
2497
263584
31025 12586 1764
26615 6762 16397
6762 28329
15576 196621 3303 34288 8758
14361
62567
25160
4589
24611 6661
24785 1136 24785
262757
34288
56730
7575 6461
30781
3320 8422 3320 8222 33891 6730 680 13237 3303 34019
8455
34177
1836
6893 25091
680
13002 20764 25091
8758 20612
48526
8422
20764
1221 4608
28513
49463
28917
286
12350
6461
28220 3549
34019
12637
39821 9002
41497
25152
18881
50300
8222
6720
9304
33891
202194
209
4608
50304 57381
20932
3549
51185
16397 263075
4134 4809
13237 12654 3257
49605
29140
8596 1764
6661 198290
28329
9002
12586
3303 29222
22652 3257
57381
6730 6730
29686 3257
702
29608
198290
28138
38930 8283
15605
8218 1764 8218
51395
263075
3257
1136
6667
4809
29222
10429
196621
12654 12654
64396
20612
16347
58308
31122
50620
8283
25091
3267
1764
1280
