#src/zombie.py
# GMT Mon Oct  1 06:40:50 2018
# 
29608 5511
198385 29075 202194
8422 3356 9189
2857 174
12989 53070 6939
24785 20562 1299
52720 52873
57821 12586
62567 6453
174 701 7018 3356 25512 16347 5511 64396 19151 174 51395 286 3257 9304 1239 198290 41497 6762 29140 12637 13002 1299 1280 25160 513 680 48039 6453 12779 29636 29075 6461 2914 50300 20764 1916 31133
286 1103
12874 3303 15605
198249 13030
28917 1299
22652 3356
198290
56730 31463
49605 3356
2914 3356 4844 4589 20080 7575
8447 6720 3320
15435 1299
1299 8943 3356 3320 10026 42708 14061 1273
12859 6939
1280
513
37497 6939
31133 31261
20080
41722 12389 12654
31463 21396 50300
25512 6881
1257 3333 1239
16347
41497
50300
12586 20676
8218 6461
16735 22548 12956 4809 6939
2497 701
12779
5539 8763 21385
8607 6939
51395 59891
13002 25091
3356 701 20676 8426 12956 680 20764 3549 15547 6939 25220 9002
264911 6939
37271 37239 12389
4844 37989
8763
50620 6939
49463 13193
21385 6939
4657 24482 6939
28666 262757 4809
29140
42708 50304
3257 29680 31122
6881
52863 6762
50304 57381
8596 48039
48526 5511
18881 52873 12956
12637
15576 6772 196621
34019 3303
34288 13030
1916 1251
37989
262317 6939
58299 13030
23106 52320
5511 30781 5511
1103
50763 8943
34781 13030
31261 41617
20612 1836
15605
1251 28571
52320 6939
53067 6939
28571
31424 6939
1273 6667 12389
30781 59689
7575
64396
6762
1836 13030
680 680 553
13030 8455 35369 6939 6772
8758 6939
12956
8283 8455
14061
3333
8928 10026
3549 28329
9189
263075 6939
21396 6939
13193 3320
20932 6939
37640 6939
263651 6939
20676
59689
25160
4589
29686 6453
9304
51405 6939
29636
29075
28329
23148 701 25152
3320 3303
6939 263152 20764 5396 202032
25220
202032
41617
5396
4809
701
6893 25091 2613
25091
59891
2613
10026
263152
20562 20764
553
25152
29680
19151
22548
8455
1239
8426
196621
12389
6720
30844 20764
202194
7018
6667
24482
48039
9002
6772
6453
262757
31122
35369
8943
6461
53070
57381
20764 12654
3303
52873
12654
37239
15547
