#src/zombie.py
# GMT Mon Oct  1 05:38:13 2018
# 
37468 37271
50620 6939
2857 174
12989 53070 6939
37640 6939
264911 6939
57821 6939
62567 13030
174 64396 1836 1299 25160 513 174
286 8596 1299
12874 1299 15605
198249 6939
28917 6939
22652 1299
8359 1299 41617
198290 2914
56730 51945
41722 20764
2914 29636 1299 4844 4589 12637 12859
8447 6720 6939
20485 13002 1299
15435 6939
8455 1299
12859 13030 12654 6939
1280 1299
513
37497 6939
20080 6939
16347 6939
15547 6939
41497 6939
50300 6939
8218 6461
16735 22548 262757 13030
2497 13030
12779 3257
5539 33891 8763
8607 6939
13002 25091
3356 3549 1299 9002 8426
37271 1299
4844 37989
8763
49463 6939
51945 6939
3333 1103
3257 29680 1299
47872 6939
6881 6939
52863 6762
262317 6939
8596
48526 6939
12637
15576 6939 196621
34019 13193
34288 1299
15605
37989
50304 1299
58299 6939
1103 2603
50763 8943
34781 1299
28329 3549
20612 6939
22548
202032 6939
9002
7575 6939
64396
1836
49605 6939
13030 2603 6667 1299 19151 33891 6939 12654 1916
8758 6939
31424 6939
8283 1299
14061 1299
25091
8928 1299
3549 52720
9189 6939
263075 6939
13193 1299
20932 1299
41617
2603
52720
59689 6939
25160
29686 6939
51405 6939
29636
29075 1299
1916 28571
6939 198385 263651 1764 202194 37239 30844 25220 5396 59891 2613 263152 29140 53067 31122 57381 20764 12654
25220
29608 6453
53067
5396
33891
6762 1299
263651
29680
59891
2613
263152
198385
57381
25152 19151
19151
20764
1299 7018 680 6453 8943 6461 553 1273
196621
28571
29140
6720
30844
202194
7018
6667
24482 6453
8426
1273
680
6453 6453
262757
31122
35369 1764
8943
6461
53070
553
4589
12654
37239
1764
