#src/zombie.py
# GMT Fri Sep 28 17:07:12 2018
# 
28138 16735
3549 22548 9304 3356 8468 5392
14361 3356
513 6730
50300 3356
56730 31463
1280 701
1273 6667 1299
30844 5413
58299 13030
6730 3356 6730
6461 2914 7575 8218
13002 25091 20764
262589 1299 28329
29222 3303
1221 4608 4637
9304
8422 3320 9189
9002 3356 39821
1136 24785 3333
35054 3303
62567 6453
8607 2914
7018 2914
14061 3356
20932 174
2613 25091
34288 15576
5396 6762
6661 2914 198290 24611
2603 20562 1103
12874 15605 3303
8758 15576 20612
8447 3320 6720
26615 26615 16397 6762 25933
34177 3356
15435 1299
8359 3356 28917
59689 30781
49605 1299
25152 23148
553 680
3491 2914 3356 12389
15576 3303 196621 29691 41562 198249
28917
702 3252 701
16397 263075
41095 3356
3356 680 3356 31463 8222 15547 20764 24785 1853 2914 51185 25220 33891 8426 47872 8732 19151 1764 30781 1836
6720
8222
15547
198290
20562
1853
64396 174
37239 4809
9189
3257 2914 1103 4589
15605
7738 6453 263321
48526 5511
47872
2497 4777 701
202194 198385
16347 8218
49463 8218
198385 41562
29686 6453
29608 6453
3252
34019 3303
38930 1299 8283
2895 29076
24611 51405
28329
37271 2914 327995
5413 12654
29680 174
263321 263584
39821
31025 12859 31400
5511 2914
34781 13030
263584
52888 28571
16735 12956
6453 2914 6453 22652 24482
28571 1251 28571
8283
31122 174
29075 58308 6762
1103 12654
263075
12859 2914 12654
12586 57821 31400
8455 2914 1299 12654
29140 174
7575
12956 2914 28220 18881 10429
51185
52873 52720 18881
19151
3303 3320
1239 2914 4637
4777
12654 3333
58308
50620 174
4637
12637 174
57118 29691
12779 174
4608
29076 12389
20764 8732
25220
13030 51395 1299
5392
13237 1299
51395 59891
1251 20080
6762 2914 20080
4134 2914 4809
25091
8426
50304 57381 42708
286 2914
52720
174 2914 35699 41497 174 1916 12350
20612
30132 1299
28220
680
31424 33891
29691
31463
31400
12350
41562
196621
23148 701
8468
701 2914
8943 1299 50763
57821
22548
57381
1836
30781
22652
327995
8596 1764
4809
25933
42708 1299
8218
53070 10429
8732
198249
1916
24785 24785
10429 262317
6667
24482
20080
2914 1299 3320 25160
41497
59891
1764
262317
3320 3333
51405
25160
33891
35699
50763
4589
3333
1299
18881
12389
