#src/zombie.py
# GMT Mon Oct  1 04:35:44 2018
# 
263584 263321
16685 22356 16685 4230
7018 701
6720 8447
35699 174
22356 28634
15605 12874
14907 6908
29075 15576 174
12307 57118
3333 12859
1103 286
57866 8283 701
29226 2895 20485
15935 174 29504
3491 2497 28513 2914
22652 6453
3356 2497 3549 701 5396 34177 41095 2914
680 1299
49605 9002
3549 28220 25933 52873 52720 28513 2497
29686 2914
4230 262757 28513
6939 2497 63297 1280 15685 1299 701
20932 1299
28634
12637 174
47692 33891
205206 16245
8896 1299
37100 327782 2497
29222 3303
34549 33891
51405 24611
12552 39351 1299
20485 2497
12654 2497
25160 174
1273 6667 1299
38001 2914
39351
29680 174
8220 15576 15547 3320
513 6730
12874 3303
52873
62240 136620 6461
8607 2914
327782 327960
39821 9002
34177
28917 174
136620 59891
1764 35369 174
5392 174
196621 8758
9304 174
56730 31463
15576 29691 198385 21232 8758 34288 174
52720
1221 4637 4608
4608
61568 263321 18881
43578 174
6461 2497 701 7473
20612 1836
23106 52320
23148 25152 701
29504
25091 2914
3257 2497
30781 5511 59689
3252 174
35054 3303
198290 6661
1299 29551 12586 4637 6730 13030 49375 701 8732 8943 2497 16735 13237 12389 14061 8455 5400 50304 13760 1299
33891 3320
198385 202194
40191 174 395766
29551 25220
31463 50300
12859 2914 30132
53070 10429
21232
7473 64050
2895
1251 52888 20080
174 12779 553 41497 701 37497 37271 51185 49463 15435 29140 6730 6894 24482 174 19151 16245 31742 6661 1916 8218 37468 50300 50877 52320 1836 64463 12350
286 701
8943 50763
25933
16735 266534
31742
13237
8222 3320
59414 13030
14061
3320 2497 47147 701 3303 8447
12779
5400 2110
58299 13030
13760
263321
29691 198249 57118
553
59689
37497
34288
266534
395152 63297
6894
25220
25227 12389
20764 8732 41722
20080 2914
9002 2497 2914
50877
2914 2497 701 6908 6762 7575 15562 2914 5511
50304
4637
50763
63297
8455
202194
25152
2516 2497 4777
49463
15435
6730 6893 6730
6762 701 57111
15562
52888
5511 48526 701
6881 15685
198249
8732
24611 6661
701 2497 12956 701 6453
59891
47147
5396
48526
4777
12956 10429 18881
16245
6908
1916
37271
41095
51185
31424 13030
24482
3303 2497
49375
28220
6893 2613
30132
327960
8283
8218
12389
6667
37468
262757
15547
395766
2110 39122
6453 2497 30844
8758
64463
50300
41497
13030 2497
64050
12586 57821
57118
19151
12350
7575
30844
15685
35369
8447
39122
52863 52320
2497
41722
57821
1280
29140
57111
2613
52320
1836
10429
28513
6661
18881
