#src/zombie.py
# GMT Mon Oct  1 04:37:19 2018
# 
1916 52888 2914
22548 16735
14061 2914
7018 1299
34781 13030
8447 3320 6720
53070 10429
37239 4809
29075 174
5396 3356
6453 1299
701 2497 1280 1299 23148 702
8468 3549
6461 1299 8218
3252 702
48039 12586 8596
16735 52320 28138
57821 12586
3491 3356 174 12389
24785 1136 41095 24785
35054 3303
29467 197264 2914
174 50304 29680 41497 286 50300 24482 50620 64396 3257 12779 5511 6762 19151 2914 12350 38930 35699 1299 12956
35699
2895 29076
29691 57118 15576
3356 3356 29152 1853 20932 3549 51185 8426 34177 8732 6667 41095 553 1299 22652 30781 9002 680 1836 31463 33891 6730 29608 8359 8422
51405 24611
52888
1853
58299 13030
4777 2497
13030 51395 1299
9189 8422
30132 12859
202032 12779
19151
8220 3320 15547
1239 4637 1299 7738
12956 10429 1299
52720 3549
12859 12779
5511 48526
29152 58308
50763 8943
15435 3257
37271 4809 327995
24482
47872 2914
52863 4809
198385 202194 41562
8426
12874 3303 15605
327995
59689 30781
12350
15547
29680
3333 1136
20080 2914
5392 3549
25933 3549
31463 56730
263321 263584 7738
1103 3257
29076 12389
20562 49605
2613 25091
262317 10429
31424 33891
42708 50304 1299
513 6730
57118
4637 1221
41562 15576
12779 13101 12654 28929 30844 3257
41095
2914 7575 25160 4134 29140 52320 1299 8607 12637 2497 9002 8455 4589 29686 16347 14361 62567
553
7738
1299 3320 8943 3257 49605
8607
198249 15576
1136
2497
263584
26615 6762 16397
29222 3303
4608 1221
15576 196621 3303 34288 8758
14361
62567
28929
25160
12389
34177
24611 6661
30844
34288
56730
7575
30781
3320 3257 3303 8222 25220 13193
59891 51395
8455
8943
1836
680
13002 20764 25091
8758 20612
48526
8422
20764 8732
1221
49463 13193
28917 8359
286
13101 12586
25220
28220 3549
23148 25152
34019 3303
12637 12654
39821 9002
41497
25152
50300
8222
6720
4589
9304 3549
33891
202194
8359
13193
50304 57381
20932
3549
51185
52320
16397 263075
4134 4809
13237 3257
49605 9002 6661 12654
29140
8596
6661
28329 6762
9002
12586
22652
57381
6730 6730
29686
702
29608
198290 197264
28138
38930 8283
15605
8218
51395
263075
3257 31122
8732
6667
4809
6762
10429
196621
12654
64396
20612
16347
58308
31122
50620
197264 197264
8283
25091
3303
1280
