#src/zombie.py
# GMT Mon Oct  1 05:00:11 2018
# 
52873 18881 52720
1916 52888 2914
22548 16735
14061 1299
7018 174
34781 13030
59891 51395
53070 10429
37239 4809
29075 5413 50620
5396 3356
8220 5413 15547
701 702 2914
8468 5413
3252 702
48039 12586 8596
29551 31025 25220
16735 52320 28138
57821 12586
3491 12389 2914
24785 1136 41095 24785
35054 3303
35699 2914
2895 29076
29691 57118 15576
3356 25220 3549 174 2914
51405 24611
52888
1853 6720 1764
263321 263584 7738
7660 22388 9270
4777 2497
6830 513 6830 5413
39821 28917
9189 8422
30132 12859
19151 174
6453 1299
12956 6695 18881 28220 6762 10429
52720
12859 25220
262589 28329 174
6939 1280 5413 25152
50763 8943
15435 5413
263584
24482 43531
24611 6661
24489 24490 24489 9270
198385 202194 41562
43531 5413
64396 174
12874 3303 15605
327995 37271
59689 58308 30781
12350 174
15547
29680 8928
3333 1136
20080 5413
5392 174
25933 26615
31463 56730 21396
28917 8359
1103 5413
202194
13237 5413
20562 5413
58299 13030
7575 24490
262317 10429
31424 13030
42708 50304 5413
513
57118
4637 1221 5413
4589 2914
41562 15576
41095 13002 5413
2914 47872 25160 5413 37271 1764 12654 1299 6661 12637 2497 30781 3320 9002 8455 25220 34177 29686 29140 16347
553 680
7738 3320
1299 8732 4134 6762 174 25220 22652 62567 209
8607 5413
198249 15576
8732 20764
2497
6695 25220
31025 680
8928 5413
26615 6762 16397 26615
6762 174 12654
15576 196621 3303 34288 8758
14361 209
62567
2828 52320 5413
25160
12389 29076
8943 5413
47872
30844 5413
34288
1764
56730
2613 6893
30781
3320 3303 8222 680
8455
34177
1836 13030
6893 25091
680 20965 680 12654 174
8426 5413
13002 25091
8758 20612
8359 5413
9270 9270
20965 11537
20764
1221 4608
5413 12654 12779 6667 21396 8422 13030 31122 50300 49605 9304 51185 6661 48526 16265 8218
49463 8218
286 174
13101 12586 25220
16265 38930
25220 20932 12654
28220
34019 3303
12637
13030 51395
41497 174
25152
18881
50300
8222
6720
9304
29076
48526
209
8422
4608
50304 57381
20932
3549
51185
16397 263075
4134 4809
52320
49605
29140
11537 22388
24490
21396
6661 198290
28329
8596
9002
12586
22652
57381
174 3257 174 29608
29686
702
29608
198290
28138
38930 8283
15605
8218
51395
263075
3257
1136
6667
4809 37271
29222 3303
10429
196621
12654
37271
20612
12779
16347
58308
31122
50620
22388
8283
25091
3303
1280
