#src/zombie.py
# GMT Mon Oct  1 04:42:48 2018
# 
8387 3320 1764 12654
52873 18881 52720
22548 3549
14061 3356
7018 1299
34781 13030
1916 174
198545 29152 174
8447 3320 6720
1251 20080 28571
53070 10429
37239 4809
29075 174 50620
5396 3356
701 4134 2497 1299 23148 702
8468 3549
25220 3356
3252 702
48039 8596 3320
16735 28138 1299
57821 12586
3491 3257 12389
30844 13237
35054 3303
35699 174
2895 29076
29691 57118 15576
3356 20764 47872 1853 3549 51185 8426 25160 22652 41095 1764 3356 1299 8607 30781 9002 33891 34177 1836 15547 31463 680 174 20932 14361 8359 8422
51405 24611
52888 28571
1853
58299 13030
4777 2497
6830 513 6830 174
13030 1299
9189 8422
1764 20562 174 8218
202032 8218
19151 174
6453 1299 29686
1239 4637 1299
12956 18881 28220 10429 1299
41497 174
12859 13237 30132
262589 28329 174
5511 1299 48526
6939 1280 51395 1299
1273 6667 1299
15435 1299
37271 4809 327995
8222 3320
24611 6661
198385 202194 41562
8426
12874 3303 15605
327995
59689 30781
13237 1299 3257 12654
15547
29680 174
3333 1136
20080 6762
5392 3549
25933 26615
31463 56730
29152 58308
263321 263584 7738
1103 3257
29076 12389
20562
7575 6461
262317 10429
31424 33891
42708 50304 1299
513
57118
50763 8943
41562 15576
12779 174
41095 24785
2914 50300 8455 174 4589 16347
553 680
7738 6762
1299 6461 3320 12586 8943 174 38930 62567 8218
8607
198249 15576
2497
263584
4637 1221
26615 6762 26615
34177
6762 174
15576 196621 3303 34288 8758
14361
62567
25160
12389
4589
47872
24785 1136 24785
34288
56730
2613 25091
30781
3320 174 3303
59891 51395
8455
8943
1836
680
13002 20764 25091
8758 20612
48526
8422
20764
1221 4608
49463 174
28917 8359
286 174
6461 174 8218
28220
23148 25152
34019 3303
12637 174
39821 9002
52720
25152
18881
50300
24482 174
64396 174
9304 3549
33891
202194
8359
4608
50304 57381
20932
3549 16397
51185
16397 263075
4134 4809
12350 174
49605 9002
29140 174
8596
6661 198290 174
28329
9002
6720
12586
3303 29222
22652
57381
174 3257 31122 174 29608
29686
702
29608
198290
28138
38930 8283
15605
8218 8218
51395
263075
3257
1136
6667
4809
29222
10429
196621
12654 12654
20612
16347
58308
31122
50620
8283
25091
28571 28571
30132
1280
