#src/zombie.py
# GMT Mon Oct  1 03:57:29 2018
# 
52873 18881 52720
1916 2914
22548 16735
14061 1299
34177 3356
34781 13030
8447 3320 6720
12654 50304 29608
53070 10429
12389 29076 3491
3491 28513 174
18881 12956
29075 58308 1299
1836 13030
5396 3356
8220 3320 15547
4230 28513 262757
701 1280 2497 1299 702
8468 50304
56730 42708
263075 16397
36937 6453 37239
2613 6893
25933 3549
30781 29608 59689
3320 8222 6730 3303 25220 7738 1299 13193
16735 52320 1299 28138
59891 51395
8455 1299
12779 174
57821 12586
8943 1299 50763
30844 50304
50300 2914
6893 25091
35054 3303
680 553 3356 174
16347 2914
8426 6695
37239
174 3356 50304 19151 3257 6762 1764 45896 12350 6453 1299 41497 50620 24482 64396 5392 9304 5511 174 28917 29140 38930 35699 29691 8218
13002 20764 25091
8607 2914
8758 20612 15576
2895 29076
29691
8422 42708 9189
3356 5511 51185 41095 20932 3549 3356 1299
1853 1764
58299 13030
4777 2497
1221 4637 4608
16397 3549
1103 3257
49463 13193
39821 9002
25160 42708
286 1299
13101 12586 42708
1764
19151 25152
6453 5511 22652
25220
28220 12956
9189
12956 5511 10429
263321 263584 7738
12637 2914
13030 51395 29608 1299
38930 8283
41497
25152
12859 30132 42708
1273 3216 1299 3333
24482
6720
4589 2914
3216 20764
5511 7018 29608 4637 1299
49605 1299
29076
50763
15435 1299
52720
37271 327995 1299
7018
8222
13193
6695 42708
50304 57381 6667 47872 31424 42708 20562 1299
47872
262757
52863 6762
3549
51185
64396
45896
28513
12874 3303 15605
15547
52320 1299
34019 29608
31424
29140
20932
59689
12350
51395
13237 1299
8596 48039
34288 15576
9304
28329 6762
29680 3257
7738
9002 2914
12586 48039
20080 2914
22652
5392
57381
58308
6730 513 6730
29686 2914
702 3252
29608 43100
202194 198385
28138
20562
15605
20764
8218
3252
327995
42708 198385 42708 1299
48039
513
57118 196621
4637
41562 198385 15576
3257 1299 31122
35699
30132
6667
29222 3303
10429
196621 15576
2914 7575 1299
553
20612
1299 62567
6762
7575
198249 15576
2497
263584
31122
50620
198385
3333
8283
25091
43100
41095
4608
15576 3303
3303
1280
28917
62567
