#src/zombie.py
# GMT Mon Oct  1 06:05:16 2018
# 
20612 1836
50620 6939
8422 3356 9189
2857 174
12989 23106 22548 16735 53070
30844 25220
22548
264911 6939
57821 12586
62567 1299
24611 3549 51405
174 64396 3356 1299 25512 25160 29636 680 9304 29680 29140 286 29075 24482 174 12779 41497
43100 9002
286
198249 15576
28917 1299
22652 3356
8359 20764 3356 41617
198290 6661
56730 31463
2914 3356 8455 4844 20080 6661 19151 1916 7575
15435 1299
1299 8943 3356 38930 42708 13030 13193 1273
12859 9002
1280 701
513 6730
29608 3356
20080
16347 3356
31463 3356
25512 6881
15547 3356
1257 3333 1239
12637 6939
50300 3356
12586 20676
8218 6461
16735 262757 3549 3356
2497 701
12779
5539 8763 21385
8607 6939
13002 20764 25091
3356 6762 701 1836 680 37271 44217 20932 6939 14061 20676 3549 1239 48526 15576 7018 6667 8426 553 6730 1853 15623 6453 3257 6461 21385 25220 9002 30781 1764
37271 37239
4844 37989
8763
49463 13193
21385
6661
29140
37239
3257 4589 1103
47872 44217
6881
52863 6762
262317 6939
8596 1764
48526
41497
15576 34288 196621
34019 30781
34288
15605 6939
37989
50304 42708 57381
58299 15623
23106
15623
1103
50763 8943
34781 13030
28329 3549
38930 8283
1251 28571 6939
680 680 12654
53067 10429
28571
31424 6939
9002 12654 8758
30781 59689
7575
64396
6762 12654 12956
1836
49605 6939
13030
1853 6720
8758
12956 10429
8283
14061
3333
8928 10026
3549 52720
9189
263075 6939
13193
20932
37640 6939
263651 6939
1764 35369
59689
25160
4589
29686 6939
9304
51405
29636
29075 198385
1916
6939 59891 10026 263152 202032 37497 5396 12654 31122
25220 12654
202032
41617
5396
701
6893 25091 2613
25091
59891
44217
10026
263152
198385 202194
57381
25152 1273
29680
19151
42708
8455
1239
196621
6720
20676
202194
7018
6667
24482
8426
37497
6730 6730
1273
6453
262757
52720
35369
8943
6461
53070
553
20764
12654
31122
10429
2613
