#src/zombie.py
# GMT Mon Oct  1 05:26:34 2018
# 
37468 37239 6453
24611 6661 51405
57821 12586
263584 263321
198249 13030
29551 25220 1299
28917 8359
22652 174
198290 6661
34177 3356
8455 1299
48039 12586 8596
25074 9189 61157
20080 1251 2914
31463 56730 3356
13101 12586 49605
50300 174
8218 49463 6461
16735 22548 262757 1299 52320
12779 2603 49605 20562 12654 41095 30844 174
8607 49605
37271 327995 1299
12350 1299
7738 8167 1239
12654 49605 12637
3257 174
47872 1299
202032 49605
61568 263321 18881
50304 42708 57381
18881 12956
41497 174
15576 47176 6453 8758 196621
51185 3356
286 1103 174
23106 52320
50763 8943
28329 6762
20612 8758
52320 1299
22548
1136 24785 3333
30781 34019 59689 2914
2895 3267
7575 6461
64396 174
701 2497 1280 174
47176 25435
8758 6830
41722 20764
41617 31261
3333
8732 20764 3356
3549 3356 52720
4637 1299 1221
29222 3303
9189
2613 6893
25160 1299
9304 174
59414 13030
29075 198385 1299 58308
31261 31133
1916 2914
20562
52863 6762
21320 2603 1853 513
6893 25091
25091 13002
59891 51395
4713 25152 2914
38930 1299 8283
15605 12874
29680 174
25152
1299 3356 49605 13030 24785 14061 1299 174 31133 13237 2914 2603 15435 680 8943 6939 553 42708 1273 15547
1239 174
25435
7018 174
30132 12859
1273 6667
5392 6453
4608 1221
53070 22381
57381
20764 25227
3303 12874 3320
4777 2497
1853 6720
37239
15547
29691 13030
25933 8167
35054 3356
3252 9002
24785 24785
58299 49605
12874
174 6762 3356 12956 6453 35699 19151 48526 3491 20932 4134 6461 2914 6661 6830
43100 49605
3491
8359 3356
45896 3356
56730
61157 3320
2914 16347 6453 29140 12637 4589 9002
327693 327960 36937
15435
31133
12859 49605
1280
513
37497 49605
12956 28220
3267 2603
8167
36937 6453
12586
263321
6830
51395 6939
262757
3356 6762 49605 8426 14361 3320 29608
4134 4809
49463
29140
327995
13237
8596
48526
12637
2497
34019
34288 13030
12307 57118
28220
1221
1103
57118 196621
1251 52888
42708
9002 39821 49605
62567 6453
49605 28929 6661
13030 31424
16347
8283
14061
8426
20932
41095 13002
2603
202194 198385
327960
29686 6453
51405
28929
3320 8222
6939
25220
29608
6661
52888
5396 6762
8222
6762
31424
35699
25227
198385
553
19151
39821
58308
196621
6720
30844
59689
6667
24482 6453
14361
680
6453
52720
8943
6461
4809 22381
4589
22381
13002
