#src/zombie.py
# GMT Sat Sep 29 09:32:55 2018
# 
41497 6762
6667 1273
64050 3491
29222 3356
41722 20764
20080 6762 1251
4134 174 4809
49605 12654 57111 35054 4637
8943 50763 1299
198249 15576
29686 3257
49463 8218
22652 174
38001 4657
8732 20764 1299
3320 174 8222 47147 8220 3303
202032 57111
51395 59891 6939
52320 52863 1299
1273 1299
263321 263584 28329
5400 2110 1299
12307 57118
39351 57111
2110 39122
12389 25227 1299
59689 30781
50300 2914
58299 13030
40191 395766 1299
1251 52888
28917 57111 8359 39821
1916 2914
56730 31463
25160 2914
6720 8447
29608 57111
20764
6453 174 48526 8426
37468 3356
15547 8220
20562 12779
9002 2914
1103 3257
3491 174 28513
5396 6762
8455 3257
30781 2914
4608 1221
3549 23106 5392 16735 28220 9304 52720 52873 3356
1280 6939
196621 15576
47147
3356 41095 8359 174
19151 174
1299 50304 12350 13030 174 49375 38930 14061 15435 1299 13237 33891 680 29075
24482 4657
43578 174
4809 22381
47692 33891
50304 57111 8896
30132 12859
35369 8218
4230 28513 16685
7738 8167 701
48526
4637 38861 1221
13237
701 174 2497
59891
33891
9304
2895 29226
29691 57118 15576
38861 4657
2914 8607 35699 174 28329 15562 12779 7575
39821
8359
22381 53070
52720
327782 37100 327960
25220 29551
16685 16685 22356
29140 3257
7575
3333 12859
12637 3257
3257 31742 12586 174 12779 39392
12874 15605 3303
29680 174
28513
31025 57111 29551
1836 20612 13030
262757 16735
30844 57111
25933 8167
20612
35699
20932 57111
57111 12859 2613 553 37497 12654 28929 6939 8218 51405 6661 174 3252 29226 34177 25091
6830 174 513 6830
12586 57821
680
15562
34177
7018 174
553
198385 202194 15576
327960
12859
2613
50763
37497
15685 6939 6881
52863
57821
286 174
39392 29504
28929
8167
31463 6762
41095
25152 6939
28634 22356
52873
6661 198290
34288 15576
29226
59414 13030
29075 15576
25091
8426
202194
29504
8222
3303
1221
50877 6762
14061
513
15605
8220
6939 12654 14007 13760
57118
13760
395152 14007
25227
6881
39122
21232 15576
49375
4657
16347 8218
8758 15576
14007
37100 6762
263584
198290
51185 174
53070
8607
13030 31424
52888
64463 174
12654 12779
28329
8896
37271 6762
15435
31424
12779
35054
8283 38930
6762 8447 174
12350
29551
2497 4777
23106
51405
16735 174
4777
174
38930
3252
395766
31742
8218
5392
22356
15576
28220 28220
8447
