#src/zombie.py
# GMT Fri Sep 28 21:31:45 2018
# 
28138 16735
3549 3356 8468 25933
14361 3257
513 3320
50300 31463
56730 31463
1280 701
15435 3257
30844 12859
58299 13030
34288 15576
6461 7575 3257 8218
13002 25091 20764
25220 3320
29222 3303
1221 4608 4637
9304 174
8422 3320 9189
9002 2914
1136 24785 3333
35054 3303
62567 1299
8607 2914
7018 3257
14061 1299
20932 174
2613 6893
10429 262317 53070 12956
5396 6762
6661 174 198290 24611
2603 20562 1103
12874 15605 3303
8758 15576 20612
4230 2914 262757
8447 3320 6720
35699 174
58308 29075
34177 174
9189
8359 28917 5413
52320 174 16735
25091 6893
49605 12859
25152 23148
553 33891
3491 3257
3267 1299 2895
15576 198249 41562 196621 29691 3303
28917 39821
702 3252 701
16397 26615 263075
41095 24785 12859
3356 51185 3257 47872 8426
6720
8222 3320
15547 8220
198290
20562
1853 1764
64396 174
37239 4809
327995 37271
3257 2914 4637 6762 701 6453 3320 12956 22652 286 174 5511 1299 12859 30132
20080 2914
7738 3320 263321
48526 5511
47872
2497 4777 701
202194 198385
16347 12859
49463 13193
198385 41562
29686 6453
29608 6453
59689 30781
3252
34019 3303
38930 1299 8283
2895
24611 51405
37271 4809
8218
29680 174
263321 263584
39821
5511
34781 13030
263584
262757
16735 12956 22548 1299
8220 3320
6453 6453
8283
31122 12859
29075 50620 174
1103 12654 286
263075
12859 2914 12779 13030 12654 21396 286 30781 12350
12586 57821 1299
8455 1299
29140 174
7575
12956 28220 18881
13193 3320
51185
52873 52720 18881
19151 174
1764 3320 8596
4777
12654 5413 3333
3303 3320
50620
4637
12637 174
57118 29691
12779
4608
50763 8943
20764 8732
13030 51395 1836 1299
13237 1299
21396 31463
51395 59891
6762 26615 28329
4134 2914 4809
28329
8426
50304 174 57381 42708
52720
174 25160 5392 41497 174 680 6667 24482
20612
30132
6893
28220
680
31424 33891
29691
31463
12350
26615
196621
41562
23148 701
8468
701
8943 1299
57821
22548
57381
1836
30781
22652
8596 8596
4809 52863
25933
42708 1299
5413
53070
8732 1299
198249
1916 2914
24785 24785
5392
6667
24482
15605
2914 4589
41497
59891
262317
3320 3320 33891 3333
51405
25160
33891
286
4589
3333
1299
18881
52863
