#src/zombie.py
# GMT Mon Oct  1 04:36:00 2018
# 
1916 174
22548 16735
14061 3356
7018 2914
34781 13030
8447 3320 6720
12654 20764 47872 12654 9002
53070 10429
34177 174
24611 51405 6661
29075 174 50620
1836 174
31424 33891
8220 3320 15547
4230 28513 262757
701 3356 1280 2497
8468 9002
56730 20764
52863 6762
2613 6893
21320 513 9002
7738 6453 263321
3320 3356 4809 6762 6730 2914 3303 33891
16735 52320 174 28138
59891 51395
8455 1299
57821 12586
3491 3356 28513
30844 20764
6893 6730
35054 3303
680 553 9002
16347 8218
3252 20764
37239 4809
6730
13002 20764 25091
8607 9002
8758 20612 15576
2895 20764
48526 5511
3356 1299 20764 9002 8426 8222 3549 3257 22652 8732 29152 49605 47872 41095 29608 174 12956 6762
51405
1853 1764
263321 263584
4777 2497
1221 4637 4608
12350 9002
29608
49463 8218
39821 20764
25160 9002
286 9002
13101 3216 12586
20080 20764
1764 174
45896 3549
8943 1299 50763
6453 12956
25220 20764
28220 3549
9189 6695
12956 47872 10429 174 5511
34019 3216
13030 9002 51395 1299 58299
38930 174 8283
52720 3549
25152 3257
12859 20764 30132 9002
35699 174
8222
6720
4589 20764
37497 20764
9304 9002
5511
29152 58308
202194 198385
29691 15576
41095
50300 9002
15435 174
37271 4809 327995
24482 174
4608
6695 20764
50304 20764
47872 6762 3549 62567
262757
20562 9002
50763
3549 25933
8426
28513
12874 3303 15605
13237 1299
49605
29140 20764
20932 20764
59689 8218
52320 174
51395
8596 48039
34288 15576
6661 198290 174 20764
3216 3216 20764
28329 6762
29680 174
9002 2497 12586 4637 3257 1136 14361 2914
12586 48039
3303 29222 15576
22652
15547
57381 42708
58308
33891
174 20764 12779 6667 19151 2914 31122 64396 1299 8218
29686 20764
58299
1103 3257
198290
28138
25933
15605
20764 20764 42708 8732 28917
8218
198385 41562
327995
42708
48039
513
57118 196621
4637
41562 15576
3257
12779
8732
6667
4809
6762
10429
196621 15576
2914 7575
553
64396
20612
1299
7575
198249 15576
1136 3333
2497
263584
31122
50620
19151
3333
8283
25091
29222
15576
30132
1280
14361
28917
62567
