#src/zombie.py
# GMT Mon Oct  1 06:11:46 2018
# 
52873 18881 52720
1916 174
22548 3549
14061 1299
7018 2914
34781 13030
8447 3320 6720
53070 10429
37239 4809
29075 58308 174 50620
5396 3356
6453 2914
701 2497 23148 1280 702 2914
8468 13101 37497 3549 12654 20562 34019 6661
3252 702
48039 12586 8596
16735 52320 28138 1299
57821 12586
3491 2914
24785 1136 174 24785
35054 3303
174 20764 19151 51185 25160 3356 2914 12350 6661 12637 29680 31122 50300 24482 64396 3267 174 28917 29140 37271 35699 8218
35699
2895 3267
29691 57118 15576
3356 3356 41095 4230 20932 3549 8426 2914 49605 34177 3257 12956 5511 286 29222 29608 680 1299 6762 8607
51405 24611
1853 1764
58299 13030
4777 2497
13030 31424 51395 2914 1299 1836
9189 8422
30132 12859
45896 3549
8220 5511 15547
1239 4637 2914
12956 47872 10429 2914 18881 28220
41497 3257
12859 9002
37497
5511 30781 48526 2914
6939 30844 12654
50300
15435 1299
37271 327995
8222 3320
24611 6661
4230 262757
52863 6762
198385 202194 41562
8426
12874 3303 15605
327995
59689 30781
12350
15547
29680
3333 1136
59891 51395
5392 3549
25933 3549
31463 56730 2914
263321 263584 7738
1103 3257
20562
2613 6893
31424
42708 50304 1299
513 6730
57118
50763 8943
41562 15576
12779 3257
41095
2914 3257 6762 12654 8607 7575 3320 9002 8455 20080 1299 16347
553 680
7738 3320
1299 1273 8943 4809 52320 38930 62567
8607 12654
198249 15576
2497
263584
4637 1221
6762 28329
15576 196621 3303 34288 8758
14361 3257
62567
25160
8943
47872
30844
262757
34288
56730
7575
30781
3320 6730 3303 8422
8455
34177
1836
6893 6730
680
13002 20764 25091
8758 20612
48526
8422
20764
1221 4608
49463 8218
28917
286
13101 12586
20080
25220 3257
28220
23148 25152
34019
12637
39821 9002
52720
25152
18881
1273 6667
24482
64396
4589 3257
9304 3257
202194
4608
50304 57381
20932
3549
51185
52320
19151
13237 3257
49605
29140
8596
6661 198290
28329
9002 12654
6720
12586
3303
22652 3257
57381
6730 6730
29686 3257
702
29608
198290
28138
38930 8283
15605
8218
51395
3257 1764
1136
6667
4809
29222
10429
196621
12654
20612
16347
58308
31122
50620
8283
25091
3267
1764
1280
