#src/zombie.py
# GMT Mon Oct  1 06:05:16 2018
# 
20612 1836
50620 6939
8422 1299 9189
2857 174
12989 23106 22548 16735
24785 20562 1299
264911 6939
57821 12586
62567 1299
174 6762 64396 3356 16347 6453 19151 29140 286 3257 1239 174 20932 41497 7018 1299 24482 25160 6730 12779 9304 29636 29075 6461 2914 20764 21320 1916 1764
286 1103
198249 15576
28917 1299
22652 1299
10429 53070 12956
56730 51945
31463 6762 50300
14061 1299
2914 3356 4844 20080 29686 30781
20485 13002 1299
15435 1299
8455 1299
12859 6939
1280 1299
513 6730
29608 3356
20080
16347
3303 34019 3320
1257 3333 1239
41497
50300
12586 20676
8218 6461
16735 1299
2497 701
12779
5539 8763 21385
8607 6939
3320 1299
13002 25091
3356 701 6762 6939 20764 12956
37271 1299
4844 37989
8763
49463 13193
6939 31424 49605 59891 37640 8758 8928 263152 16265 15605 20764 263075 12637 263651 262317 44217 8426 37497 37239 262757 51405 8220 28329 5396 1251 53067 202032 9002
51945 1299
16265 38930
42708 1299 50304
3257 4589 31122
47872 44217
6881 15685
52863 6762
44217
262317
8596 1764
197264 198290 29467
48526 1273
12637
15576 34288 8220 196621
34019
34288
29140
37989
50304 57381
58299 13030
23106
1103
50763 8943
34781 13030
28329
38930 8283
15605
1251 28571
680 1299 553
22548
28571
20562 20764
31424
1273 6667 1299
30781 59689
7575 6461
64396
701
1836 13030
49605
13030 35369 1299
1853 21320 6720
8758
12956 6762 52873
8283
41617 9002
3333
8928 29680
9189
263075
198290
13193 1299
20932
37640
263651
1764
52720 52873
59689
25160
4589
29686
9304
51405
8220
29636
29075 198385
29467 1299
1916
21385 20764
25220 1299
202032
21320
5396
6762
6893 25091 2613
25091
59891
2613
263152
198385 202194
553
25152 19151
29680
19151
53067
1299 15685 20676 8943 15547
1239
196621
20676
6720
30844 20764
202194
7018
6667
24482
8426
37497
6730 6730
9002
6453
262757
31122
35369
8943
6461
53070
57381
20764 12654
15685
52873
12654
37239
15547
