#src/zombie.py
# GMT Mon Oct  1 05:38:01 2018
# 
52873 18881 52720
1916 174
22548 16735
14061 1299
7018 2914
34781 13030
198545 6453 29152
8447 6720 3257
1251 52888 20080
53070 10429
37239 4809
29075 1299 50620
5396 6762
701 702 1280 2497 23148 2914
8468 6453
6461 7575 2914 8218
3252 702
48039 12586 8596
29551 25220 1299
16735 52320 1299 12956 28138
57821 12586
3491 12389 2914
30844 5413
35054 3356
29467 197264 1299
37179 41095 327984
6730 513 6730 1299
35699 174
2895 29076
29691 57118 13030
3356 3356 680 47872 3549 51185 2914
51405 24611
52888
1853 1764
263321 263584 7738
4777 2497
13030 198249 31424 51395 1836 58299 34288 1299
9189 8422
30132 6939
19151 174
6453 29686 29608 8426 6453 24482 2914 34177 24785 5392
1239 4637 2914
12956 18881 28220 10429 2914
52720
12859 286 12654 41095 2914
262589 28329 1299
5511 30781 48526 2914
29152 58308
50300 5580 31463
5580 3257
15435 1299
37271 327995 1299
24482
24611 6661
52863 4809
198385 202194 41562
8426
12874 15605 1299
327995
59689 30781
12350 1299
15547 1299
29680 174
3333 1136
20080 6762
5392
25933 26615
31463 56730
6939 1299
28917 39821 1299
1103 286 2603 3257 12654
29076 12389
20562 2603
58299
2613 6893
262317 10429
31424
42708 50304 1299
513
57118
50763 8943
41562 15576
12779 3257
41095
2914 3320 9002 3257 6762 174 3303 1299 286 8607
553 1299
7738 3257
1299 15576 8732 13237 4809 52320 20932 38930 1273 8455 8943 13193 8222 62567
8607
198249
1136 24785
2497
263584
4637 1221
26615 6762 26615
34177
29222 3303
13193 49463 34019
15576 8758 196621
14361 3257
62567
25160 174
12389
8943
47872
24785 24785
34288
1764 3257
56730
7575
30781
3320 8422
59891 51395
8455
2603
1836 20612
6893 25091
680
13002 20764 25091
8758
48526
8422
20764 8732
327984
1221 4608
5413 12654
49463
286
25220
28220
23148 25152
34019
12637 3257
39821
41497 3257
25152
18881
1273 6667
8222
64396 174
4589 3257
9304 3257
202194
4608
50304 57381
20932
3549
51185
52320
13237
49605 3257
29140 3257
8596
6661 174
28329
9002
6720
12586 3257
22652 3257
57381
174
29686
702
29608
198290 197264
28138
38930 8283
15605
8218 16347
51395
3257 31122
8732
6667
4809
6762
10429
196621
12654
20612
16347
58308
31122
50620
197264 197264
8283
25091
3303
1280
