#src/zombie.py
# GMT Mon Oct  1 06:13:18 2018
# 
1916 1251 27750 52888
14061 1299
7018 6939
34781 25091
8447 6720 1299
559 20965 3303 12654 21320
1251 28571
9189 8422
37239 37271
27750 11537
29075 1299 16347
5396 6939
6461 2603 8218
16735 52320
57821 12586
44217 47872 1299
8763 5539
29467 197264 1299
35369 13030
29691 15576
29636 2914
3356 3549 3320 19151 9002
51405 24611
52888
1853 20965
58299 13030
7660 22388 17579
6830 513 6830 6939 174 2603
53070 10429
1764 8596 6939
202032 6939
19151
6453 6939
6772 13030 15576
4844 37989 2914
12956 6939 10429
52720 3549
12859 2603
5511 5511 30781 10764 48526 29608
15830 9304 6939
50763 8943
15435 1299
37271 1299
24611 6661
52863 6939
198385 6939 202194
8426 2603
12874 15605 1299
59689 30781
52320 2914
20676 12586 1299
15547 1299
4657 24482 6939
29680 6939
3333 1103
59891 51395
31463 50300 21396
6939 262317 31424 264911 263075 3257 37640 21396 23148 21320 28329 41497 29686 29140 1280 2857 8758
51945 56730 1299
28917 1299
1103 20965
7575 11537
262317
31424
42708 50304 1299
5539 33891
513 513 3320 12654
57118 196621
4589 2914
12779 2603
37640
2914 2497 20080 2603
553 1299
1299 20932 15685 12389 8732 49605 8943 25220 13030 38930 3320 31122 1273 8928 22652 33891 13193 15576 62567 8422
8607 2603
198249 15576
2497
8928
15576 196621 34288
62567
30844 21320
25160 174
12389 48166
263152 10429
47872
37989
8943
34288
56730
24489 17579 24490
2613 6893
21320 2603
30781 34019
3320 6762 174 3303
8455 13030
2603 6667 6661 286
1836 13030 20612
6893 25091
680 20965
13002 20764 25091
15685 6881
8758
10764 11537
48526
8422
20965 24490
20764 8732
17579
49463 13193
286
20080
25220
23148 25152
34019
13030 51395
41497
25152
50300
24482
6720
48166
9304
33891
202194
13193
50304 57381
20932
3549
1273
49605
29140
11537 22388
24490
21396
6661
264911
28329
8596
9002
12586
22652
57381
174 64396 50620
29686
29608
198290 197264
38930 8283
15605
8218
51395
263075
3257
8732
6667
6762
10429
196621
12654 25091
64396
20612
16347
6881
31122
50620
22388
197264
8283
25091 43100
43100
28571
3303
1280
2857
