#src/zombie.py
# GMT Mon Oct  1 05:55:43 2018
# 
16685 22356 16685 4230
6762 31463 20080 1299 50877
6720 1853
22356 28634
15605 12874
29075 15576 174
12307 39540
3333 1136
1103 3257
20612 1836
8167 7738 25933
31025 12586 29208
3491 7738 38001 64050 2914 5511 28513 1299
22652 3257
3356 33891 8359 553 1853 8222 37271 41095 1299 8426 8607 3549 9002 5396 25220 5511 35054 2914
29608 12654 5511 34019
680 29208
49605 174
3549 16735 52873
29686 2914
4230 262757 28513
6939 50304 39351 51395 5511 15685 14007
58308 29152
28634
31424 13030
47692 33891
8758 15576 196621
8896 174
37100 327782 2914
29222 3303
39392 3257 29504
51405 24611
35699 174
12654 6881 50304 39351
29680 174
8359 28917
38001
39351 42708 20562
1136 24785
8220 3320 15547
513 174
701 23148 2497 1280 1299
52873
8607
327782 327960
39821 9002
34177 174
29152 198545
28917
5392 174
196621
9304 174
12874 3303
4637 1221 1239
15576 29691 198385 21232 34288 198249
1221 4608
4608
20562
198545 174
43578 174
25220
23106 52320
23148 25152
34019
3267 2895 50304 3267
25091 2914 6893
1239 5511
3257 5511 1299
30781 5511 59689
3252 174
35054
198290 174
1299 8732 8943 50304 14061 8455 15435 13237 7018 13030 174 3320 2914 5511 42708 5400
33891
198385 202194
31463 56730
12859 50304 42708 30132
38930 8283 174
53070 10429
21232
1251 52888 20080
174 12779 41497 24785 12637 24482 51185 49463 29140 37468 12350 5511 174 25160 19151 31742 3303 1916 8218 37497 48526 52320 1836 58299 13760 64463 20932
286 5511
8943 50763
2895
16735
31742
4777 2497
39540 57118
1916
59414 13030
14061
3320 47147 5511 3303
51395 59891
12779
5400 2110
58299
13760
25160
29691 57118
553
59689
37497
12637
395152 14007
52720 37468
29208 6881 15685 2914 57111
16347 2914
25227 12389
20764 8732 41722
8426
20080
9002 2914
50877
6881 15685
50304 30844 37239 57381 6661 42708
42708
56730
50763
8455
202194
25152
25933
49463
7738
29504
7018
15562 2914
52888
5511 12956 1273 2914 6453
2914 7575 50300
198249
8732
24611 6661
1273 6667 12389
59891
47147
5396
48526
20932
13237
57821 12586
12956 28220 10429
24785 24785
8222
37271
41095
51185
37468
6893 2613
3303
28220
37239
19151
30132
327960
8283
8218
12389
6667
262757
15547
2110 39122
6453
64463
50300
41497
13030
1853
64050
12586
24482
57118
57381
12350
7575
34288
30844
14007
15685
39122
2497
41722
15435
1280
29140
57111
2613
52320
1836
10429
28513
6661
