#src/zombie.py
# GMT Mon Oct  1 05:11:37 2018
# 
37468 174
50620 174
2857 174
12989 22548 16735 53070 6939
264911 6939
57821 12586
62567 6453
174 64396 1836 49605 12637 174 29680 19151 29608 198290 29140 48526 2914 6667 24482 25160 48039 20932 8422 9304 29636 29075 41497 52320 20764 1916
286 2914
12874 3303 15605
198249 15576
28917 6939
22652 3356
198290
56730 3356
41722 20485
2914 2603 6762 1299 37271 1280 44217 8943 16347 6453 4713 3257 6461 1239 4844 7575 2914 2497
8447 6720 6939
20485 13002 2497
15435 1299
1299 1273 38930 42708 13030 16735 14061
12859 3257
1280
513 21320
37497 6939
31133 31261 3320
37239 37271
8422 9189
31463 21396 50300
1257 3333 1239
41497
50300
12586 6939
8218 6461
16735 262757 6939
2497 2603 3356 4713 10026 3320 6939 4589 3303 12654 30781
12779 3257
5539 8763 21385
8607 6939
9189
3356 3549 8426 553 680 9002 21385
37271
4844 37989
8763
15685 6881 6939
49463 13193
21385
29140
42708 50304
3257
47872 44217
6881
52863 6762
44217
262317 6939
8596 48039
48526
18881 52873 12956
12637
15576 3303 34288 196621
34019 3303
34288
1916 1251
37989
50304 57381 6939
58299 6939
23106 52320
263651 6939
1103 2603
50763 8943
34781 13030
31261 41617
38930 8283
15605
1251 28571
52320
22548
28571
14061
9002
30781 59689
7575
64396
1836 20612 13030
49605
13030 35369 8455
16347
20612
8283
41617
3333
8928 10026
3549 28329
263075 6939
21396 6939
12956 6939
13193 3320
20932
37640 6939
2603 21320
52720 52873
59689
25160
4589
29686 6939
9304
51405 6939
29636
29075 198385
28329
3320 3303
6939 59891 263152 30844 20080 15547 25220 202032 53067 31122
25220
202032
21320
6762
6893 25091 2613
25091 13002
59891
2613
10026
263152
198385 202194
57381
25152 19151
29680
19151
4713
53067
8455
1239
196621
6720
30844
202194
13002
6667
29608
24482
48039
1273
680
8426
6453
262757
31122
35369
8943
6461
53070
553
20764
3303
52873
12654
20080
15547
