#src/zombie.py
# GMT Mon Oct  1 05:52:45 2018
# 
37468 174
24611 49605 51405
8447 6762 6720
57821 12586
263584 263321
198249 29691
28917 39821 174
22652 174
198290 6661
34177 174
34019 3303
48039 12586 8596
4230 701 262757
20080 6762 1251
198545 174 29152
31463 56730 3356
13101 12586 49605
50300 174
8218 49463 6461
16735 22548 52320
12779 37239 49605 12654 30844 174
8607 3356
37271 327995 174
12350 174
7738 701 8167
3257 701 6762 3356 1299 29686 15435 1103 174 286 6461 3320 29140 49605 2914 15576
47872 174
202032 49605
61568 263321 18881
50304 42708
18881 12956
41497 174
15576 34288 41562 47176 8758 196621 29691 174
51185 174
3491 174
23106 52320
286
50763 8943
28329 3549
38930 1299 8283
52320 174
22548
1136 24785 3333
30781 3356 59689
2895 3267
4777 2497
64396 174
701 23148 1280 2497 174
53070 10429
47176 25435
8758 20612
41722 20764
41617 31261
3333
8732 20764 3356
3549 3356 52720
4637 1299 1221
59414 6830
9189 25074
37100 327782 174
2613 6893
25160 174
9304 174
25074 3356
29075 174
31261 12389
23148 25152
1916 174
20562 49605
52863 6762
6893 25091
25091 13002
59891 51395
15605 12874
29680 174
25152
8455 2914
12389 174
25435
7018 3356
327782 327960
30132 12859
1273 6667 1299
5392 174
4608 1221
33891 31424 3320
57381 42708
20764 25227 174
3303 12874 3320
7575 6461
37239
15547 6830
25933 8167
35054 3356
3252 174
24785 24785 174
52720
12874
174 3356 12956 3267 35699 19151 20932 1299 24482 12637 6661 6830
58299 49605
45896 3356
56730
2914 4589 3356 16347
15435
1299 3356 49605 13030 14061 8943 42708 13237
12859 49605
1280
513 6830
37497 49605
29691 57118
3267
29152 58308
8167
12586
263321
6830 6830
51395 6939
262757
3356 6762 62567 49605 12956 3356 48526 41095 29222 8426 553 14361 680 6453 3320 6939 25220 29608 9002 5396
49463
29222
29140
327995
13237
8596
48526
12637
2497
34288
12307 57118
28220 12956
1221
1103
57118
1251 52888
42708
9002 49605 9002
62567
49605 12654
13030
12956 10429
20612
8283
14061
8426
20932
41095 13002
41562 198385
202194 198385
327960
29686
51405
3320 8222
6939
25220
29608
6661
52888
5396
8222
6762
31424
35699
25227
198385
553
19151
39821
58308
196621
6720
30844
59689
6667
24482
14361
680
6453
16347
8943 8943
6461
4589
12654
13002
10429
