#src/zombie.py
# GMT Mon Oct  1 06:18:15 2018
# 
37468 174
198385 174
2857 174
12989 22548 16735 53070
24785 20562 1299
264911 6939
57821 12586
62567 3356
29208 15685 9002
174 64396 3356 174 49463 50300 29680 19151 12779 198290 37271 48526 2914 6667 29140 24482 25160 1280 6730 20932 9304 3303 29636 41497 12637 553 50620 21320 1916 31122 1764
43100 9002
286 1299 1103
198249 13030
28917 1299
15685 6881
2613 9002
198290
56730 31463
2914 3356 8455 4844 6939 4589 12654 8607
15435 1299
8455
12859 9002
1280
513 6730
29608 3356
20080 6939
41722 20764
31463 50300
15547 3356
1257 3333 1239
41497
50300
12586 20676
8218 6461
16735 3549 4809
2497 701
12779
5539 8763 21385
8607 12654 6939
3320 3303 1299
7018 3356
3356 701 49605 44217 20676 3257 1239 22652 8359 1299 6453 3549 25074 6939 25220 9002 30781
37271 37239
4844 37989
8763
50620
49463
21385 6939
28666 262757 4809
12874 3303 15605
25074 9189
42708 1299 50304 57381
3257
47872 44217
6881
52863 6762
262317 6939
8596 1764
48526
12637
15576 6772 196621
34019 3303
34288 13030
15605
37989
50304
8928 1299
58299 13030
23106 3549
1103
50763 8943
34781 13030
28329 3549
38930 1299 8283
1251 28571 1916
680 1299
22548
28571
9002 16347 20562 12654 29075
30781 59689
7575 6939
64396
701
1836 20612 13030
49605
13030 1299 35369 202194 6772
8758 6939
16347
20612
8283
14061 1299
3333
8732 20764 1299
8359 41617
3549 52720
9189
263075 6939
20932
37640 6939
263651 6939
52720
20676
59689
25160
4589
29686 6453
9304
51405 6939
29636
29075
1916
6939 31424 59891 263152 30844 8426 37497 53067 202032 12654 5396
25220
202032
21320 1853
41617
5396
4809
6762 1299
31424
25091 13002
59891
44217
263152
20562
57381
22652
25152 19151
29680
19151
53067
1299 8943 6453 6461 1273
1239
196621
29140
6720 1853
30844
202194
13002 20764
6667
24482
8426
37497
1273
6730 6730
1853
6772
6453
262757
31122
35369
8943
6461
53070
553
20764
3303
12654
37239
1764
