#src/zombie.py
# GMT Mon Oct  1 04:30:56 2018
# 
52873 18881 52720
1916 52888 174
22548 16735
14061 3356
7018 701
34781 13030
8447 3320 6720
53070 10429
37239 4809
29075 174 50620
5396 3356
6453 3356 701 7738
701 3356 2497 286 6762 174 702 2914 6461 1299 23148
8468 20764
25220 3320
3252 20562 174 702 12654
48039 12586 8596
16735 52320 12956 28138
57821 12586
3491 3356
30844 20764
35054 3303
37179 3356 327984
35699 174
2895 29076
29691 57118 15576
3356 1853 3549 51185 22652 3257 4134 47872 1299 8607 3320 9002 34177 12956 5511 41095 174 14361 8359
51405 24611
52888
1853
263321 263584 7738
4777 2497
13030 1299 58299
9189 8422
30132 12859
19151 174
8220 3320 15547
12956 28220 10429 18881 6695
52720
37271 4809 327995
12859 9002 3333
262589 28329 1299
5511 30781 48526
6939 20764 1280 51395
50300 5580 31463
5580 3257
15435 1299
263584
24482 174
24611 6661
52863 4809
198385 202194 41562
8426 6695
12874 3303 15605
327995
59689 58308 30781
12350 174
10026 4637 41095
29680 174
3333
20080 2914
5392 3549
25933 26615
31463 56730
58299
1103 286
29076 20764
13237 20764
20562
2613 25091
262317 10429
31424 33891
42708 20764 50304
513 3320
57118
50763 8943
41562 15576
12779 174
41095 12654
2914 3320 29686 9002 4589
553 33891
7738
1299 8732 52320 1273 8455 62567 8943
8607
198249 15576
2497
6695 20764
4637 1221
26615 6762 26615
29222 3303
13193 3320 49463
15576 196621 3303 34288 8758
14361
62567
25160 174
34177
47872
8943
34288
56730
7575 6461
30781 20764
3320 3320 8222 4809 33891 3303 6661
59891 51395
8455
263152 10429
1836 174
680 174
13002 174 25091
8758 20612
48526
8422 20764
20764 20932 6661 8732 13101 16347 12654 8218
327984
1221 4608
49463
28917 39821 8359
286
13101 12586
6461
28220
23148 25152
34019 3303
12637 174
39821
41497 174
25152
18881
1273 6667
8222
6720
4589
9304 174
33891
202194
8359
4608
50304 57381
20932
3549
51185
4134 4809
52320
49605 9002
29140 174
8596
6661 198290
28329
9002 12654 3257
12586
22652
15547
57381
174 31122 64396 174 29608 38930
29686
702
29608
198290
28138
38930 8283
15605
8218
51395
3257
8732
6667
4809
6762
10429
196621
12654
64396
20612
16347
58308
31122
50620
8283
25091
3303
1280
