#src/zombie.py
# GMT Fri Sep 28 22:33:38 2018
# 
50620 174
6881 25512
37640 6939
31463 50300 56730
680 553 3356
196621 15576
1239 1257 1299
202032 6939
37989 4844
2613 6893
42708 1299 50304
21385 5539 12654
30844 6939
3320 13193 1299 3303 6939 61157
57381 50304
1251 6939 28571
13193 49463
28666 6939 262757
6667 174
8607 6939
25160 174
56730
202194 13030
9189 25074
262757
12637 174
25220 6939
20612 1836
21320 174 1853
52863 6762
37239 37468
12586 6939 57821
6772 13030 15576
15547 6939
59891 51395
34781 13030
16347 8218
12654 6939 13030
50763 8943
25074 61157
64396 174
59689 30781
8943 1299
49605 174
23106 10429
1103 286
35369 13030
37497 6939
57463 6939 29686
48526 3356
28917 6939
41497 174
22548 16735
37468 37271
15435 174
50304
6461 7575 1299 8218
61157
15576
2857 174
29680 174
10429 12956 53070 264911
53067 6939
8928 10026
1764 8596 174
3303 12874 34019
41722 20764
10026 6939
20932 3356
262317 6939
29686
8763 5539
29636 174
264911
20080 2914
12859 6939
701 23148 2497 1299
44217 6939 47872
513 6730
4589 3257
8218
6893 25091
1299 1273 174 12956 286 6762 3257 2914 6939 7018 13030 6453
25091 13002
6720 1853
14061 2914
286
29140 174
553
15605 12874
31424 6939
198385 29075
8426 6939
8359 41617 3356
37271 13030
49463
5396 6939
50300 174 3356
7575
34288 13030
12874
29075 174
1257 3333
13030 1836 198249 8758 58299 8455
22652 6939
25152 23148
62567 6453
41617
47872
3333
30781 3356
6453
1853
3257
7018
24482 174
1916 174
13002 174
1273
174 174 51395 25512 29608 20764 19151 12779 6730 1280 31122 9304
34019
2914 4844 9002 6661
51395
198249
12956 6762 16735 18881
8283 8455
263152 6939
58299
18881 52873
198290 6661
51405 6939
8596
20764
5539
3356 3549 6939
4844
12779
52720 52873
29608
23148
1836
263651 6939
57821
25512
28571
6730 6730
6762
8758
53070
52873
8455
1280
31122
9304
28329 3549
3549
9002
6939 263075
263075
19151
16735
2497
6661
