#src/zombie.py
# GMT Mon Oct  1 04:05:22 2018
# 
52873 18881 52720
1916 2914
22548 12989
14061 1299
7018 174
34781 13030
8447 3320 6720
53070 12989
37239 4809
29075 58308 174 1299 50620
5396 6762
6453 3356
701 4134 3356 2497 174 702 1280
8468 3549
25220 3320
3252 702
48039 12586 8596
16735 28138 12956 3549
57821 12586
4589 2914
30844 9002
35054 3303
174 3356 51185 19151 34177 286 13101 29222 45896 2914 12350 6461 12779 1239 1299 12956 16347 29680 41497 50300 24482 64396 22652 5392 9304 680 174 28917 29608 29140 35699 8218
35699
2895 3267
29691 57118 15576
3356 3549 8426 25160 3257 41095 19151 2914 1299 6762 8607 3320 9002 3491 12956 5511 31463 49605 14361 8359
51405 24611
1853 1764
263321 263584 7738
4777 2497
13030 51395 1299 1836 58299
9189 8422
1764 3320
45896
8943 1299 50763
8220 3320 15547
1239 4637 7738
12956 47872 18881 28220
52720
12859 30132 9002
5511 30781 48526
1273 6667 1299
15435 1299
263584
24482
24611 6661
4230 28513 262757
52863 6762
198385 202194 41562
8426
3491
12874 3303 15605
327995 37271
59689 30781
12350
15547
29680
3333 1136
20080 2914
5392
25933 3549
31463 56730
28917 39821 8359
1103 3257
20562 9002
58299
2613 6893
31424 33891
42708 50304 1299
513 6730
57118
50763
41562 15576
12779
30132
41095
2914 6762 3320 9002 28513
553 680
7738
1299 20932 31122 8455 2603 24785 8732 13237 38930 62567 8422
8607
198249 15576
8732 20764
2497
37271 4809
8218
4637 1221
6762 28329 12989
4608 1221
15576 196621 3303 34288 8758
14361
62567
25160
34177
47872
24785 1136 24785
262757
34288
56730
7575 6461
30781
3320 33891 8222 3303 6730 13193 6661
59891 51395
8455
2603 3267
1836
6893 25091
680
13002 20764 25091
8758 20612
48526
8422
20764
1221
28513
49463 13193
286
13101 12586
6461
28220
12637 3257
39821
41497
25152 19151
18881
50300
8222
6720
9304
33891
202194
8359
13193
50304 57381
20932
3549
51185
19151 12654
4134 4809
13237
49605
29140
8596
6661 198290 9002
28329
9002 12654
12586
22652
57381
6730 6730
29686 3257
702
29608
198290
28138
38930 8283
15605
12989
51395
3257
1136
6667
4809
29222
196621
12654
64396
20612
16347
58308
31122
50620
8283
25091
3267
3303
1280
