#src/zombie.py
# GMT Mon Oct  1 06:48:24 2018
# 
37468 174
24611 8218 51405
8447 6720 3320
57821 12586
61568 263321 18881
198249 29691
28917 8359 39821 174
22652 3356
198290 6661
34177 2914
8455 2914
48039 12586 8596
4230 262757 174
20080 1251 2914
198545 174 29152
31463 56730 2914
13101 12586 1764
50300 174
8218 49463 1764 174
16735 22548 3549
12779 174
8607 2914
37271 3356 327995
12350 174
7738 8167 1239
3257 13237 174 12956
47872 2914
202032 1764
263584 263321
12307 57118
18881 12956
41497 174
15576 34288 47176 196621 3303 29691 41562
51185 174
286 701 1103
23106 10429
50763 8943
28329 3549
38930 1299 8283
22548
1221 4637 4608
1136 24785 3333
30781 59689 2914
2895 29226
4777 2497
64396 174
701 3320
53070 22381
47176 25435
8758 8220 196621
41722 20764
3216 31261 1273
41617 31261
3333
8732 20764 3356
3549 3356 28220 5392 52720
4637 1239
29222 3303
9189 25074
37100 13237 327782
25227 20764
25160 174
9304 174
25074 3356
29075 16347 3320 174
31261
1916 174
20562 1764
52863 6762
6893 25091 2613
25091 13002
59891 51395
15605 12874
29680 174
25152 19151
34019 3303
1239 174
25435
7018 174
327782 327960
30132 12859
1273 3320
5392
4608
33891 31424 553 13237
57381 50304
20764 13002 174
3303 3320 48526 12874
7575 2914
37239 13237
15547 8220
25933 8167
35054 3356
3252 9002
24785 24785 174
52720
58299 1764
12874
174 3356 12956 5511 19151 35699 29608 6667 1299 51395 6453 2914 6661 1764 6830
3491 2914
8359 3356
45896 3356
56730
2914 62567 14061 19151 29140 13237 12637 2497 1280 29686 8943 3320 4589 9002
15435 1299
1299 3356 1299 680 42708 13237 13030
12859 13237
1280
513 6830
37497 13237
29691
59414 6830
29152 58308
8387 12654 3320 1764
8167
12586
263321
6830 6830
51395
262757
3356 6762 8426 14361 3320 20932 41095 1764
49463
29140
327995
13237 24482 29226 25220 12654 30844 3320
8596
48526
12637
2497
34288
50304 42708
28220
5511 8220
1103
57118 196621
1251 52888
680
42708
9002
62567
49605 1764
13030
29226
12956 22381 10429
20612 31424
8283
14061
8426
20932
41095
41562 198385
202194 198385
327960
29686
51405
8220
3320 6762 1764 8222
25220
29608
6661
52888
5396 6762
8222
6762
31424
35699
2613
198385
553
19151
39821
58308
196621
6720
30844
59689
6667
24482
14361
12654 12654
6453
16347
8943
1764
4589
22381
13002
10429
