#src/zombie.py
# GMT Mon Oct  1 05:20:59 2018
# 
1916 52888 20080
22548 3549
14061 1299
7018 3320
34781 13030
8447 6720 1299
559 20965 513
53070 10429
37239 4809
29075 58308 16347 1299 50620
5396 3356
701 4134 6830 2497 702
8468 3549
25220 29551
3252 702
48039 12586 8596
29551 1299
16735 28138 3549
57821 12586
3491 3356
24785 1136 1299 24785
35054 3303 43100 6730 202032 12654
29467 197264 1299
6730 513 6730
35699 174
2895 3267
29691 57118 15576
3356 3356 47872 1853 19151 3549 51185 8426 6830 41095 8607 30781 3320 9002 50300 34177 31463 680 29608 14361 8359
51405 24611
52888
1853
263321 263584 7738
7660 22388 2500 2907 9270
4777 2500
6830 174 2914 513 12956 4589
13030 1299 1836
9189 8422
30132 12859
202032
19151 25152
6453 3320
1239 4637 3320
12956 10429
52720 3549
12859 2603
262589 28329 1299
6939 1280 1299
50300
15435 1299
37271 4809 327995
24482 174
2907 11537
24611 6661
24489 24490 24489 9270
6720
12874 3303 15605
327995
59689 30781
12350 1299
15547 12654
2613 25091
29680 3257
3333 1136
20080 11537 2914
5392 3549
25933 3549
31463 56730
43100
58299 174
1103 11537
20562 2603
198385 202194 41562
262317 10429
31424 33891
42708 50304 1299
513 20965 21320 3320 12654 513 2603
57118
50763 8943
41562 15576
12779 174
41095
2914 3320
553 680
7738 1299
1299 20932 8732 49605 13193 13237 3320 33891 1273 8455 8943 62567 38930 8222 48526 8422
8607
198249 15576
1136
2497
263584
4637 1221
34177
6762 3320
4608 1221
15576 196621 3303 34288 8758
14361
62567
25160 174
8943
47872
30844 21320
34288
56730
7575 24490
21320 2603
30781
3320 3257 286 174 3303 6461
59891 51395
8455
2603 3267 13101
1836
680 20965
8426
13002 20764 25091
8758 20612
48526
9270 9270
20965 11537
20764 8732
1221
49463 13193
28917 8359
286
13101 12586
6461 8218
28220 3549
34019 3303
12637 3257
39821 9002
41497 3257
25152
1273 6667
8222
64396 174
4589
9304 3549
33891
202194
8359
8422
13193
50304 57381
20932
3549 16397
51185
16397 263075
4134 4809
13237
49605
29140 3257
11537 22388
8596
6661 174
28329
24490
9002
12586
22652 3257
57381
174
29686 3257
702
29608
198290 197264
28138
38930 8283
15605
8218
51395 3257
2500 2500
263075
3257 31122
8732
6667
4809
29222 3303
10429
196621
12654
20612
16347
58308
31122
50620
22388
197264 197264
8283
25091
3267
3303
1280
