#src/zombie.py
# GMT Sat Sep 29 12:42:41 2018
# 
41497 6762
64050 3491
29222 3303
41722 20764
20080 6762 1251
50300 57111 31463
12956 7738 6695 28220 10429
16265 38930 57111
29686 2914
49463 8218
38001 57111
8732 20764 57111
3320 174 3303
202032 57111
52320 57111 52863
1273 12389 6667 1299
6695 57111 8426
395152 14007
12307 39540
39351 57111
12389 25227
59689 8218
29208 15685 57111
49605 57111
58299 174
35054 3303
1251 52888
28917 57111 39821
1916 2914
25152 6939
56730 31463
25160 57111
6720 8447
29608 57111
20764
6453 174
37468 57111 52720
15547 57111
20485 57111 29226
20562 12779
9002 2914
1103 57111
3491 174 28513
5396 6762
57381 50304
8455 2914
57118 29691 39540
4608 24130
3549 9304 3356
1280 6939
198249 15576
196621 8758
47147 57111
3356 174 41095
22652 174
43531 24482 57111
1299 1299 15435 12350 13030 174 43578 14061 680 16735
24482
43578
35369 8218
47692 33891
50304 57111 8896
30132 12859
24130 7545
4230 262757 28513
7738 8167
48526 57111
13237 57111
701 174 2497
59891 136620
33891 57111 31424 39392
9304
2895 29226
29691 15576
2914 15562 8607 35699 174
20932 57111
12586 31025 57821
52720
327782 37100 327960
25220 29551
29140 57111
7575 6461
3333 12859
12637 57111
3257 174 31742
29680 8220
31025 57111 29551
8283 38930
1836 20612 57111
262757
30844 57111
25933 8167
20612
35699
39821
7545 6939
57111 8222 50763 3252 15605 8220 6939 50877 8218 39122 34177 29075 136620 12859 553 37497 12654 28929 37100 6661 174 12779 37239 5392 51185 25091 8447
6830 174 513 6830
28513
680
15562
34177
7018 174
553
327960
12859
2613 6893
50763
37497
15685 6881
52863
57821
19151 174
39392 29504
28929
8167
31463
41095
6461 174
28634 22356
6661 198290 24611
34288 15576
29226
59414 13030
29075 198385 15576
25091 6893
8426
202194 198385
29504
136620
6893
8222
3303 174
27715 22356 10429
198385
50877
14061
39540
3252
513
15605
8220 15576
6939 13760 14007
13760
25227
6881
39122
21232 15576
6667
16347 8218
8758 15576
14007
37100
198290
51185
53070 10429
8607
13030
52888
64463 174
12654 12779
8896
37271 174
15435
31424
12779
286 174
24611 51405
10429 23106
12350
6762 174
29551
2497 4777
23106
51405
16735
4777
174
38930
37239
31742
8218
5392
22356
15576
28220
8447
