#src/zombie.py
# GMT Mon Oct  1 05:24:20 2018
# 
52873 18881 52720
1916 2914
22548 16735
14061 1299
7018 701
34781 13030
8447 3320 6720
53070 10429
37239 4809
29075 5511 58308 50620
5396 3356
6453 2497 701 22652 29686
701 2497 4230 6461 12956 286 6762 174 702 2914 1280 701
8468 3549
6461 8218
3252 702
48039 8596 3320
16735 12956 28138
57821 12586
4589 2914
30844 6939
35054 3303
174 2914 49463 25160 12779 6667 3303 29140 19151 15435 12350 12637 29680 41497 31122 50300 24482 174 64396 1836 5392 9304 680 6730 28917 198290 13002 38930 35699
35699
2895 3267
29691 15576
3356 3549 2497 49605 1853 20932 9002 51185 8426 29608
51405 24611
1853
58299 13030
4777 2516
13030 31424 51395 1299
9189 8422
30132 12859
19151
8220 5511 15547
12956 18881 10429 2914
52720
12859 2914
53067 10429
5511 30781 48526 2914
6939 2497
50300 31463 2914
15435
37271 4809 327995
24482
24611 6661
4230 262757
52863 4809
198385 202194 41562
8426
3491 2914
12874 3303 15605
327995
59689 30781
13237 1299
15547
3216 20764 1273
29680
3333 1136
59891 51395
5392
25933 3549
31463 56730
263321 263584 7738
1103 286
7575 10026
31424
42708 50304 1299
513 6730
57118 196621
50763 8943
41562 15576
12779
10026 2497
41095 2497
2914 2497 4713 20080 34177 6762 8943 2914 16347 1299 8607
553 680
7738 3320
1299 8455 2603 62567 12586
8607
198249 15576
2497 4637 3320 9002 1273 3257 4134 286 12654 14361 2516 6661
263584
4637 1221
26615 6762 16397
29222 3303
15576 196621 3303 34288 8758
14361
62567
25160
34177
47872 6762
8943
262757
34288
56730
2613 25091
30781
3320 8222 25220 8422
8455
2603 3267
1836
680
13002 25091
8758 20612
48526
8422
20764
1221 4608
49463
28917
286 1136
20080
25220
28220 3549
34019 3303
12637
39821 9002
41497
4713 25152
25152
18881
1273
8222
6720
9304
202194
4608
50304 57381
20932
3549
51185
16397 263075
4134 4809
12350
49605
29140
8596
6661
28329 6762
9002
12586
22652
57381
6730 6730
29686
702
29608
198290
28138
38930 8283
15605
2516
8218
51395
263075
3257
1136
6667
4809
6762
10429
196621
12654
64396
20612
16347
58308
31122
50620
8283
25091
3267
3303
1280
