#src/zombie.py
# GMT Mon Oct  1 05:24:50 2018
# 
263584 263321
7018 1299
6720 1853
267286 14840 4809 263651
35699 174
15605 12874
29075 15576 198385 174
12307 39540
3333 12859
1103 3257
22381 53070 4809
20612 1836
29226 2895 20485
8167 7738 25933
31025 12586 29208
3491 64050 38001 2914
22652 3356
3356 33891 553 8455 1853 41095 37100 6730 25220 8359 680 8220 25091 8222 3356 8426 3549 9002 5396 5400 14061 1299
29608 12654 5511 34019
680
49605 174
3549 28220 28329 16735 52720 5392 52873
4809 4134 12956
29686 2914
6939 50304 14007
20932 174
37468 174
47692 33891
8758 15576
8896 174
28634 22356
29222 3303
39392 174 29504
51405 24611
20485 1299
12654 6881 50304
8359 20764 28917
38001
198290 6661
29680 174
8220 15547
513 6730
12874 3303
52873
8607 2914
327782 37100 327960
39821 9002
14840
34177 174
28917
5392
196621 15576
9304 174
4637 1221 1239
6830 1299 59414
15576 29691 198385 21232 34288 174 198249
1221 4608
4608
20562 29208
43578 174
6667 174
23106 52320
34019
29504
25091
1239 1299
6893 2613 6730
3257 1299
30781 5511 59689
3252 174
35054 3303
39351 174
1299 2497 50304 12956 13030 174 16735 6762 2914 5511 6453 29208 701
33891 31424
198385 202194
40191 174 395766
31463 56730 50300
12859 29208 30132
38930 8283 174
53070
21232
1251 52888 20080
174 37497 37271 12637 51185 20764 62663 24482 3303 19151 25512 6661 8218 12389 1836 50877 64463 41497 51395 49463 15435 29140 6730 174 25160 58299 31742 12779 1916 52320 48526 50300 13760 12350
286 2914
8943 8943 2914 50763
25933
16735 262757
31742
13237 2914
39540 57118
8222
59414
14061
3320 2914 47147
51395 59891
12779
5400 2110
58299
13760
25160
12350
29691 57118
553
59689
37497
12637
62663 7738
395152 14007
52720
29208 2914 6881 57111 15685
16347 8218
25227 12389
20764 41722
8426
20080 2914
9002
50877
6881 15685 25512
50304 30844
56730
50763
8455
25220
202194
25152 19151
2895
49463
7738
6730 6730
6762
15562 2914
52888
5511 12956
2914 4134 1280 49375 7575
198249
24611 6661
701 2497
59891
4134
47147
263651
5396
48526
4777 2497
57821 12586
12956 10429
1916
37271
41095
51185
31424
22356 27715
3303
49375
28220 28220
19151
30132
327960
6661
8218 35369
12389
262757
15547
395766
2110 39122
6453
64463
50300
28329 263321
41497
13030
1853
64050
12586
24482
57118
37100
7575
34288
30844
14007
15685
35369
263321
25512
39122
52863 52320
2497
41722
15435
1280
29140
57111
2613
52320
1836
10429 27715
8283
27715
