#src/zombie.py
# GMT Mon Oct  1 04:58:10 2018
# 
328206 328145
6762 41497 12989 174 31463
6720 8447
15605 12874
18747 174 263702
14907 13030
29075 15576 198385 174
202032 6939
3333 12859
1103 286
20612 1836
4657 38001 24482 3491 6939
6894 2516
328145 6774
3491 22356 174
22652 3356
3356 30781 3549 174 2516
29608 5511
680 1299
49605 9002
3549 16735 52873
20495 8455
29686 3257
6939 33891 31122 37468 263075 13030 53067 60501 15547 262317 49463 15435 29140 31424 264911 15830 25220 16347 263152 50763 8359 39351 25091 8447 6661 12779 12874 57111 8607 6777 2613 37640 9002 5396 52320 48526 29208 50304
20932 174
37468 52720
53067
47692 33891
205206 16245
8896 50304
28634 22356
39392 33891 29504
51405 24611
12654 35266 9002 57111
8359 20764
38001
198290 6661
29680 3257
513 6830
12874
52873
62240 136620 6461
8607
6777 8426
28571 1251
264911
28917 1299
263702
136620 136620 59891
196621 15576
9304 15830
56730 31463
6830 174 6830
15576
6461 174 8218
35266 2914 12859
6667 1273
263152
23106 10429
34019 3303
25091
29636 3257
3257 12586 12637 174
30781 59689
4844 2914 37989
39351
1299 14061 553 1273 16245 42708 37271 174
33891 34549
198385
50620 174
31463 50300
12859
53070 10429
21232 13030
15830
1251 20080
174 12956 37271 19151 7018 3303 25160 16735 31742 5511 57111 6774 3320 50877 2857 2914 286 6453 64463
286
59891
16735 262757 266534 263508
31742
1916 52888 2914
59414 13030 12307
14061
3320 47147
12779
35369 13030
58299 13030
25160
29691 13030
553
59689
60501
12637
262317
266534
263075
52720
29208 15685
16347
20764 41722
8426
6774
20080 2914
9002 8758
202194 13030
2914 15562 2497 7575 1280 30844 5400
50304
42708 57381
50763
8455 8283 13030
25220
50877
25152 19151
2516
49463
57821 12586
29504
7018
15562
52888
5511 5511
6881 15685
198249 13030
31122
24611 6661
1273
47147
37640
5396
48526
4777 2497
12956 10429
16245
34549
37271 37239
31424
22356
3303
37239
19151
8283
8218
12307
262757
15547
2110 39122 5400
6453
8758
64463
50300
41497
13030 34288 1836
12586
24482
22548 12989
57381
7575
34288
30844
15685
5400
8447
39122
52863 52320
2497
37989
41722
15435
1280
29140
57111
12989
2613
263508
52320
1836
10429
2857
6661
