#src/zombie.py
# GMT Mon Oct  1 05:57:06 2018
# 
52873 18881 52720
1916 2914
22548 16735
14061 1299
7018 174
34781 13030
8447 3320 6720
53070 10429
37239 4809
29075 5511 58308 1299 50620
5396 6762
6453 3356
701 4134 3356 2497 174 702 1280 23148
8468 3549
6461 7575 3356 8218
3252 702
48039 12586 8596
16735 262757 19151 52320 28138 12956
57821 12586
4589 2914
30844 6939
35054 3303
35699 174
2895 3267
29691 57118 15576
3356 3356 47872 3549 51185 8426 3257 41095 19151 2914 553 12956 6762 8607 30781 3320 9002 6939 1299 25074 5511 31463 680 174 29608 8359
51405 24611
1853 1764
263321 263584 7738
4777 2497
13030 1299 1836 58299
9189 25074
30132 12859
19151 6939 174 12654
8220 3320 15547
12956 18881 10429 174
52720
12859 9002
5511 48526
6939 51395
1273 6667 1299
15435 1299
37271 4809 327995
24482 174
24611 6661
262757
52863 4809
198385 202194 41562
8426
3491 174
12874 3303 15605
327995
59689 30781
12350 174
15547
29680 3257
3333 1136
20080 2914
5392 174
25933 26615
31463 56730
58299
1103 286
20562 9002
2613 6893
262317 10429
31424 33891
42708 57381 50304 1299
513 3320
57118
50763 8943
41562 15576
12779 174
41095
2914 3320 29686 9002 174 8455 50300 16347
553
7738 174
1299 20932 8943 8732 49605 174 13237 38930 62567
8607
198249 15576
1136 24785
2497
263584
4637 1221 174
26615 6762 26615
29222 3303
4608 1221
15576 196621 3303 34288 8758
14361 209
62567
22652 3257
2828 52320 174
25160 174
8943
47872
24785 174 24785
34288
56730
7575
30781
3320 3320 8222 33891 3303 1764 25220 13193
59891 51395
8455
34177 174
1836
6893 25091
680
13002 20764 25091
8758 20612
48526
20764 8732
1221
49463 13193
28917 39821 174 8359
286 174
13101 12586 174
25220
28220 3549
23148 25152
34019 3303
12637 174
39821
41497 174
25152
18881
50300
8222
64396 174
9304 174
33891
202194
8359
13193
50304
20932
3549 16397
51185
52320
16397 263075
4134 4809
13237
49605
29140 174
8596
6661 198290 174 9002
28329 6762
9002 12654
6720
12586
3303
209 174
25074
57381
174 3257 6762 3267 174
29686
702
29608
198290
28138
38930 8283
15605
8218
51395
263075
3257 31122
8732
6667
4809
6762
10429
196621
12654
20612
16347
58308
31122
50620
8283
25091
3267
1764
1280
