#src/zombie.py
# GMT Mon Oct  1 05:26:45 2018
# 
52873 18881 52720
1916 2914
22548 16735
14061 1299
7018 1299
34781 42708
59891 51395
53070 10429
37239 4809
29075 174 50620
5396 6762
6453 174
701 4134 2497 702 1280 1299 23148
8468 42708
6461 174 8218
3252 702
48039 12586 8596
29551 31025 25220
16735 12956 28138
57821 12586
4589 2914
30844 50304
35054 3303
35699 174
2895 29076
29691 57118 15576
3356 3356 41095 174 29608 680 3549 14361 1299
51405 24611
1853 6720 1764
263321 263584 7738
4777 2497
13030 29608 1299 1836 58299
9189 6695
30132 12859
19151 174
8220 42708 15547 15576
1239 4637 1299 7738
12956 6695 174 18881 10429 28220
52720
37271 4809 327995
12859 42708
5511 286 6762 174 1299 29608
6939 42708 51395
50300 31463 174
15435 3257
263584
24482 42708
24611 6661
4230 174 262757
52863 4809
198385 202194 41562
8426 6695
3491 174
12874 3303 15605
327995
59689 58308 30781
12350 174
15547
29680 174
3333 1136
20080 2914
5392 174
25933 3549
31463 56730
58299
1103 3257
29076 42708
20562 50304 42708 24785
7575 2914
262317 10429
31424 33891
42708 50304 6695 42708 20932 12779 8732 553 13101 16265 1764 13237 1299 16347 30781 31122 31025 49605 34177 33891 13193 28917 29140 48526
513 3320
57118
50763 8943
41562 15576
12779
41095
2914 47872 9002 51185 8455 174 29686 62567 8607
553
7738
1299 50304 3320 1273 8943 174
8607
198249 15576
8732 20764
2497
6695 6661
4637 1221
31025
26615 6762 16397
6762 28329 174
4608 1221
15576 196621 34288 8758
14361
62567
25160 174
8943
47872
24785 1136 24785
262757
34288
56730
2613 25091
30781 34019
3320 3303 8222 3320
8455
34177
1836
680
13002 20764 25091
8758 20612
48526
20764
1221
49463 13193
28917 39821
286
13101 12586
16265 38930
25220
28220
23148 25152
34019
12637 174
39821
41497 174
25152
18881
1273 6667
8222
6720
9304 174
33891
202194
13193
50304 57381 12654 174 6661
20932
3549
51185
16397 263075
4134 4809
13237
49605
29140
8596
6661 198290
28329
9002
12586
3303 29222
22652 174
57381
174 3257 64396
29686
702
29608 43100 12654
198290
28138
38930 8283
15605
8218
51395
263075
3257
1136
6667
4809
29222
10429
196621
12654
64396
20612
16347
58308
31122
50620
8283
25091
43100
1764
1280
