#src/zombie.py
# GMT Mon Oct  1 06:10:56 2018
# 
263584 263321
6762 20080 3356
6720 8447
22356 27715 28634
15605 12874
29075 15576 174
12389 174 25227
3333 12859
1103 286
22381 53070 4809
20612 1836
8167 7738 25933
3491 64050 41095 174
22652 6453
3356 37468 12956 701 25091 4134 41095 35054 3356 3257 49605 3549 3320 7018 5396 2914 174 1299 8447 286
29608 20764
680 1299
49605
3549
4809 4134
29686 6453
20932 174
12637 174
6730 6893 174
53067 6939
47692 6453
8758 15576 196621
8896 174
28634
29222 3303
39392 174 29504
51405 24611
35699 174
12654 9002 41095 20764 41722
25160 174
38001 41095
198290 6661
29680 174
8220 6453 15547
513 174
12874 3303
8607 41095
327782 37100 327960
39821 28917
264911 6939
34177 174
28917 174
5392 174
196621
9304 174
56730 31463
15576 29691 198385 21232 34288 174 198249
1221 4637 4608
4608
20562 41095
61568 263321 18881
43578 174
6461 41095 7575
6667 174
263152 6939
23106 10429
34019 6939
25091
3257 12586
3252 174
35054
39351 174
1299 8732 8943 13030 8455 14061 38930 15435 29551 47147 5400 50304 13237 1299
198385 202194
29551 25220
31463 50300
12859 41095 30132
28929 6939
38930 8283
53070
21232
14840 6939
1251 52888 20080
37100 6453
6939 262317 20764 202032 57111 263508 263075 58299 37640
8943 50763
25933
16735 41095 262757 174
31742 174
13237
8222 3320
59414 13030
14061
3320 3303
51395 59891 174
12779 174
5400 2110
58299
13760 174
263321
29691 57118
553 174
59689 8218
202032
37497 174
34288
262317
62663 7738 174
395152 63297
263075
52720 37468
25220
16347 8218
25227
45896 41095
174 4637 51185 20764 24482 3303 19151 25512 6661 8218 1836 50877 6453 37271 64463 50300 37468 41497 63297 29140 12350 174 1916 52320 48526
20764 8732 41722 30844
8426 6453
20080
9002 2914
202194
2914 15562
50304 57381
4637
286
50763
63297
30132
50877
25152 19151
2895 41722
49463 8218
7738
29504
7018
15562
52888
6881 25512
198249
8732
24611 6661
701 2497 1280
59891
4134
47147
37640
5396
48526
4777 2497
57821 12586
12956 28220 10429 18881
1916
37271
41095
51185
31424 13030
6893 2613
3303
28220 28220
37239 37468
19151
8455
327960
8283
8218 35369
12307 57118
37468
262757
15547
27715 10429
2110 39122
6453 6453
64463
50300
41497
13030 1836
64050
12586
24482
57118
57381
12350
7575
30844
35369
8447
25512
39122
52863 52320
2497
41722
15435
1280
29140
57111
2613
263508
52320
1836
10429
6661
18881
