#src/zombie.py
# GMT Mon Oct  1 06:21:04 2018
# 
37468 37271
50620 6939
2857 6939
37640 6939
22548 6939
264911 6939
57821 6939
62567 9002
43100 20764
286 9002
198249 6939
28917 20764
22652 6939
198290 20764
56730 9002
2914 9002
15435 6939
8455 9002
12859 6939
1280 6939
513 21320
37497 6939
20080 6939
41722 47872
41497 6939
50300 9002
8218 6939
16735 6939
12779 6939
8607 9002
262757 6939
3356 20764 3549
37271 6939
4844 37989 6939
8763 6939
49463 20764
29140 9002
3257 9002 25152
47872 12654 6939
6881 6939
29608 6939
262317 6939
8596 6939
48526 9002
12637 6939
2497 9002
34288 6939
37989
50304 6939
58299 6939
29680 6939
1103 9002
50763 6939
23106 6939
34781 6939
28329 3549
20612 6939
28571 1916
202032 6939
9002 8928 25091 49605 680 198385 25220 3333 20932 6720 30844 41617 6667 6695 6453 35369 6939 4589 12654 31122
7575 6939
64396 6939
1836 6939
49605
13030 6939
8758 6939
16347 20764
8283 20764
14061 6939
3333
8928
3549
9189 6695
263075 6939
20932
41617
263651 6939
52720 6939
202194 6939
25160 6939
29686 6939
9304 6939
51405 20764
29636 6939
29075 20764
1916 6939
6939 59891 52863 21320 5396 6762 31424 263152 553 15605 19151 53067 196621 24482 7018 12654 8426 1273 53070 57381 37239 15547
25220
52863
21320
5396
6762
31424
25091
59891
2613 20764
263152
198385
553
25152
15605
20764 34019 59689 12654
34019
196621
53067
6720
30844
59689
7018
6667
24482
8426
680
6453
31122
35369
6695
1273
53070
57381
4589
19151
12654
37239
15547
