#src/zombie.py
# GMT Fri Sep 28 20:03:05 2018
# 
50620 174
6881 15685
37640 6939
31463 6939 21396 50300 56730
15576 6772 196621
196621
1239 1257 2914
202032 6939
37989 4844
2613 6893
42708 1299 50304 57381
21385 5539 3356
30844 6939
3320 3303 2497
57381
1251 6939 28571
8426 3356
6667 174
8607 6939
6453 6453 29686 29608 2914 2497
56730
202194 13030
41722 20764
262757 16735
12637 174
25220 6939
20612 1836
9189 8422
8943 50763 1299 8943
37239 37271
12586 6939 57821
6772 13030
15547 6939
34781 13030
2603 1103 2914
12654 2497
50763
52873 52720 18881
64396 174
59689 30781
264911 6939
49605 3356
23106 52320
1103
35369 13030
37497 6939
48526 174
28917 6939
41497 174
22548 16735
37468 174
15435 6939
50304
6461 8218 2914
680 553 3356
57821
29680 174
10429 12956 53070
53067 6939
8928 2914
3303 12874 34019 2497
16347 6939
1916 174
262317 6939
8763 5539
59891 51395
28329 3549
20080 6939
12859 3257
8732 1299 20764
44217 47872 3356
4589 2497
8218
6893 25091
1299 1273 2914 14061
25091 13002
31261 41617 31133
6720 1853
31133 174
14061
286 2914
8422 174
553
15605 12874
29140 174
198385 29075
48039 8596 174
8455 8283 13030
37271 2914
49463 174
50300
7575 6939
34288 13030
12874
29075 174
1257 3333
13030 1836 198249 58299 2497
25160 174
198249
25152 19151
15685 29208
62567 6939
41617
47872
3333
30781 2497
52863 6762
1853 3356
29636 174
7018 2914
24482 174
13002 20764
1273
174 51395 12779 198290 2857 174 1280 9304 2914 19151
34019
2914 4844 2914 6762 3257 6939 29208 2497
51395
22652 3356
12956 6939 18881
8283
263152 6939
58299
18881
198290
51405 6939
8596
20764
5539
29208
3356 9002 2497 3549
4844
12779
21396 6939
52720
29608
1836
263651 6939
2857
29686
28571
6762
53070
52320 6939
1280
31122 6939
9304
3257
3549
9002
6939 263075 16735 2497
263075
19151
16735 2497
2497
