#src/zombie.py
# GMT Mon Oct  1 05:57:57 2018
# 
52873 18881 52720
1916 2914
22548 16735
14061 2914
7018 1299
34781 13030
8447 49605 6720
53070 10429
209 4637 1299
29075 6453 58308 50620 12779
5396 3257
6453 8426 24482 1299 22652
701 4134 1280 2497 1299 702
8468 3549
6461 1299 8218
3252 702
16735 12956 28138
57821 12586
3491 28513 3257 2914
30844 12779
35054 3549
35699 2914
2895 3267
29691 57118 15576
3356 286 49605 174 8359 41095 3549 3356 680 6939 1299 6762
51405 49605
1853 1764
263321 263584 7738
4777 2497
13030 1299 1836 58299
9189 8422
30132 12859
202032 12779
45896 3549
8220 3320 15547
37239 4809
12956 18881 10429 1299
52720
12859 12779
37497 49605
6939 51395
50763 8943
5580 50300 3257
15435 1299
37271 4809 327995
24482
47872 49605
4230 28513 262757
52863 6762
43531 8596 12779
8426
12874 3303 15605
327995
59689 30781
19151 174
15547
2613 6893
29680 174
3333 1136
20080 2914
5392 3549
25933 3549
31463 50300 56730
43100 49605
58299
1103 3257
13237 12779
20562 49605
198385 202194 41562
31424 33891
42708 50304 1299
513 3320
57118
4637 1221
4589 3257
41562 15576
41095
2914 12637 7575 30781 4713 9002 8455 34177 174 29686 29140 16347 1299 62567 8607
553 33891
7738 3320
1299 2603 3257 8732 49605 174 8943 3320 38930 6762
8607
198249 15576
1136 286
2497
263584
34177
6762 28329 28220
4608 1221
15576 196621 3303 34288 8758
14361 3257
62567
28929 12779
25160 174
8943
262757
34288
56730
7575
30781
3320 8422 3320 8222 3257 33891 3303 25220 13193 6661
59891 51395
8455
2603 3267
1836
6893 25091
680
13002 20764 25091
8758 20612
48526 174
8422
20764 8732
1221
49463 13193
28917 8359
286
13101 12586 49605
25220
28220
34019 12779
12637 12654 174
39821 9002
41497 3257
4713 25152
25152
18881
50300
8222
64396 174
9304 12779
33891
202194
8359
13193
50304 57381
20932 174
3549
51185 174
28513
4134 4809
12350 174
49605 12654 12779
29140
8596
6661 198290
28329
9002
6720
12586
3303
22652
57381
174 3257 12779 29222
29686
702
29608 12779
198290
28138
38930 8283
15605
8218
51395
3257 31122 12779
8732
6667 12779
4809
29222
10429
196621
12654 12779
20612
12779 12779 1764
16347
58308
31122
50620
8283
25091
3267
1764
1280
