#src/zombie.py
# GMT Fri Sep 28 20:43:23 2018
# 
12654 1916 52863
1273 174 3216
3549 28220 8468 25933 45896 16397 3356 5392
14361 3356
513 6730
50300 174
56730 31463
1280 701
9189 8422
30844 6939
58299 13030
6730 174 6730
13002 25091 20764
25220 3320
29222 3303
1221 4608 4637
9304 174
8422 3320
9002 2914 39821
1136 286 3333
35054 3303
13101 12586 174
62567 1299
8607 2914
7018 3356
14061 1299
20932 1299
2613 6893
34288 15576
41497 174
2603 3267 1299
12874 15605 3303
8758 15576 20612
35699 174
58308 29075
34177 174
15435 1299
8359 3356 20764 28917
52320 174 16735
49605 1299
25152 23148
553 680
29075 174
3267 2895
15576 3303 41562 196621 29691
28917
702 3252 701
16397 263075
41095 3356
3356 2914 29608 680 3356 6762 6453 12956 8426 31463 51185 174 286 1299 4809
6720 1853
8222 3320
15547 8220
1853 1764
64396 174
37239 4809
327995 37271
3257 5396 29686 174 8455 31122 4589 1103 13237 12859 22652 29680
15605
7738 1239 263321
6939 1916
47872 6762
2497 4777 701
202194 198385
38930 1299 8283
49463 13193
198385 41562
29686
29608
59689 8218
3252
45896
16347 8218
2895
28329 1916
37271 4809
29680
263321 263584
39821
3216 20764
34781 13030
263584
262757 16735
28138 16735
16735 1299 12956 22548
8220 3320
6453
8283
31122
3491 174
1103
263075
12859 30132
14840 1916
12586 57821 48039
8455
29140 174
7575 2914
12956 174 18881 10429
13193 3320 13193
51185
52873 52720 18881
19151 174
3303 3320
1239 174
4777
4657 38861 24482
1764 174
50620 174
4637 174
12637 174
57118 29691
12779 174
4608
48039 8596
20764
13030 51395 1299 1836
5392
13237
51395 59891
6762 3320 174 52863
4134 701 4809
25091 6893
8426
50304 42708
286
52720
174 8218 680 1916 6667 2914 701 3320 25160 174 1299
263651 1916
20612
30132
6893
28220
680
31424 33891
29691 198249
31463
12350 1299
41562
196621
23148 701
8468
701
8943 1299 50763
57821
22548
57381 42708
1836
22652
8596
4809 38861 4809 52863
25933
42708 1299
8218
53070 10429
38861
198249
1916 2914 262317
10429
1299
24482
20080 2914
2914
5396
59891
262317
3320 33891
25160
33891
50763
4589
3333
6667
18881
52863
