#src/zombie.py
# GMT Mon Oct  1 03:51:30 2018
# 
52873 18881 52720
1916 2914
22548 16735
14061 3356
7018 2914
34781 13030
20080 6762
1251 11537 52888
53070 10429
37239 4809
29075 58308 174
5396 6762
701 2497 1280 702 2914
8468 3549
6461 7575 2914 8218
3252 702
48039 12586 8596
16735 52320 174 28138
57821 12586
3491 12389 2914
24785 1136 174 24785
35054 3303
174 20764 50304 20932 12350 49463 25160 12779 6667 19151 2914 52320 6661 12637 29140 29680 41497 31122 50620 50300 24482 174 64396 1836 5392 9304 6730 28917 29608 15435 13002 38930 35699 48526
35699
2895 29076
29691 57118 15576
3356 3356 30781 1853 33891 9002 51185 8426 8222 3549 34177 50300 8422 47872 41095 2914 25220 14361 15547 680 8607
51405 24611
52888
1853 6720
263321 263584 7738
4777 2497
26592 16397 26615
39821 9002
9189 8422
30132 1299
19151
6453 62567 2914
1239 4637 2914
12956 18881 28220 10429 2914
52720
12859 12654 2603 2914
50763 8943
15435
37271 4809 327995
24482
24611 6661
198385 202194 41562
8426
12874 3303 15605
327995
59689 30781
12350
15547
29680
3333 1136 3320 12654
59891 51395
5392
25933 26615
31463 50300 56730
58299 13030
1103 20965 2603 3257 12654
202194
20562 2603
2613 25091
262317 10429
31424 33891
513 6730
57118
4637 1221
4589 3257
41562 15576
41095
2914 4713 3257 1299 4134 286 6762
553 680
7738 3257
1299 13030 49605 8455 8943
8607
198249 15576
2497
263584
26615 6762 26615
34177
29222 3303
15576 196621 3303 34288 8758
14361
62567
25160
12389 29076
8943
47872
30844 5413
34288
56730
7575
30781
3320 3303
8455 48166 12654
2603
1836
680
13002 25091
8758 20612
48526
8422
20965 11537
20764
1221 4608
5413 12654
49463
28917
286
25220
28220
34019 3303
12637
13030 51395
41497
4713 25152
25152
18881
50300
8222
64396
48166
9304
33891
29076
4608
50304 57381
20932
3549
51185
52320
16397 263075
4134 4809
13237 3257
49605
29140
11537
8596
6661 198290
28329 6762
9002
6720
12586 3257
22652 3257
57381
6730 6730
29686 3257
702
29608
198290
28138
38930 8283
15605
8218 16347
51395
263075
3257
1136
6667
4809
6762
10429
196621
12654
20612
12779
16347
58308
31122
50620
8283
25091
3303
1280
