#src/zombie.py
# GMT Mon Oct  1 04:38:21 2018
# 
52873 18881 52720
1916 52888 6939 174 2914 12654
22548 3549
14061 1299
7018 174
34781 13030
8447 6720 1299
53070 10429
37239 4809
29075 58308 174 1299 50620
5396 6762
701 4134 2497 174 702
8468 3549
25220 1299
3252 702
16735 52320 28138 3549
57821 12586
3491 3356 12389
30844 6939
35054 3303
35699 174
2895 29076
29691 57118 15576
3356 3356 47872 1853 3549 51185 8426 25160 4809 6762 1764 19151 2914 6453 15547 9002 680 34177 31463 41095 174 29608 37271
263651 52863
52888
1853
28917 1299
4777 2497
6830 513 6830 174
13030 31424 51395 58299 1299 1836
9189 8422
1764 8596
19151
6453
12956 18881 174 10429
52720
12859 2914 30132 3257 3333
262589 28329 1299
5511 30781 174
6939 1280 1299
37100 1299 327984
50300 174
15435 1299
37271 327995 1299
8222 3320
24611 51405 3549
52863 264911 4809 6762 12654 14840
198385 202194 41562
8426
12874 3303 15605
327995
59689 30781
12350 1299
15547
14840
29680 174
3333
59891 51395
5392 3549
31463 56730
263321 263584 7738
1103 3257
29076 12389
13237 1299
58299
7575 2914
31424
42708 50304 1299
513
57118
50763 8943
41562 15576
12779 174
41095
2914 6762 174 29686 9002 14361 20080 8607
553 680
7738 1299
1299 20932 8943 8732 52320 38930 1273 8455 174 22652 13193 12586 62567
8607
198249 15576
2497
263584
4637 1221 4134
29222 3303
4608 1221
15576 196621 3303 34288 8758
14361
62567
25160
12389
4589 3257
47872
8943
34288
56730
2613 25091
30781
3320 3303 6762 8422
8455
34177
1836
680
13002 20764 25091
8758 20612
48526 1273
8422
20764 8732
327984
1221
49463 13193
286 174
20080
6461 174 8218
28220 3549
34019 3303
12637 174
39821 9002
41497 174
25152 1273
18881
1273 6667
24482 174
64396 174
9304 3549
202194
13193
50304 57381
20932
3549 6762
51185
51405
4134 4809
52320
49605 9002
29140 174
8596
6661 198290 174
264911
28329
9002
6720
12586
3303
22652
57381
174 3257 6762 174 16347
29686
702
29608
198290
28138
38930 8283
15605
8218
51395
3257 31122
8732
6667
4809 4809
6762
10429
196621
12654
20612
16347
58308
31122
50620
8283
25091
30132
1280
