#src/zombie.py
# GMT Fri Sep 28 22:43:06 2018
# 
57118 29691 12307
59891 51395
33891 3320 31424
28220 12956
2613 6893
61157 3320 25074
30844 9002
12350 174
57381 42708
1251 52888 20080
1221 4608 4637
5392 174
8943 50763 1299 8943
8607 9002 2914 12654 20940 41095 3356
52863 6762
6830 59414 3356
29608 3356
25220 29551
12586 13101 48039 57821
20940 37497
31025 29551 9002
12654 9002 2914
50763
3303 3320 12874 34019 29222 15576
59689 8218
8455 1299
29691 15576
1103 286
37497
51185 9002
198290 6661
22548 16735
37468 174 9002 37239
47176 25435 15576
680 9002
8447 3320 6720
10429 12956 53070
45896 3356
263584 263321
59414
30132 12859
1916 174
28329 6762
20080 6762
8732 20764 3356
198545 174 29152
4589 2914
24611 51405 6661
38930 174 8283
6720
14061 1299
286 2914
31261 41617 3216
3252 174
327960 327782
34288 15576
37271 174 327995 9002
5396 9002
1273 1299 6667
8283
13030 1299
13237 1299
198249 15576
25152 19151
62567 1299
25074 9189
47872 174
25160 174
48526 174
14361 9002
25435
7018 2914
24482 174
174 174 51395 6661 28917 35699 3356 15576 29140 29680 50300 41497 12637 29075 12779 20932 52320 9304 2914 3267 64396 19151
34019
202194 198385
22652 3356
48039 8596
58299 15623
29222
35699
3356 1299 35054 9002 6762 34177 3320 553 3257 3549 2914
12779
6939 24785 1299
12637
9189
327995
15605 12874
8596
58308 29152
6762 61568 2914 37100
53070
56730 31463
1280 6461
263321 61568
9002 12956 12859 8426 3491 20562 42708 13101 15623 2914 49605 3216 6661
1136 24785 3333
6893 25091
16735 52320
2497 4777 701
61568
35054
4777
196621 15576
37239
42708 1299 50304
3491
3320 2914 8220 6730 8222 7738
13101
31463 50300
8220 15547
6667
6453 2914
262757 4230
20612 8758
12874
15547
12307
25227 20764
23106 52320
8426
16347 8218
28917 39821
15435 1299
50304
64396
52720 3549
15576 8758
57821
29680
7738 8167
2895 3267
20932
29686 2914
553
12859
701 2914 4230
8222
513 6730
1299 29075 2914 4637
25091 13002
327782 37100
29140
39821
4637
198385 29075
31424
52320
49463 8218
50300 2914
7575 6461
51405
4230
25933 8167
41617
6461 8218 2914
3333
8167
41722 20764
3216 20764
13002 20764 41095
24785 24785
51395
12956 2914
52888
20562
20764
8218
4608
29551
37100
41497
19151
29075
29152
6730 6730
15623
8758
34177
9304
3257
3549
2914
3267
49605
41095
6661
