#src/zombie.py
# GMT Fri Sep 28 19:08:38 2018
# 
28138 16735
50300 5580 31463
1273 48526 1299 6667 3216
16735 1299 22548 52320
3549 28220 3356 8468 25933 52720 9304 5392
6453 34177 3356 8426 24482
513 3320
327984 37100
37100 1299
56730 31463
1280 1299
8607 2914
14061 1299
6661 3320 198290 24611
15435 1299
31122 1299
30844 6939
5580 3257
58299 13030
1103 3257
28329 262589
12859 2914 30132 3333
6461 174 8218
13002 25091 20764
31424 13030
25220 29551
29222 3303
12586 57821 1299
8455 1299
15605 12874
7575 2914
59689 30781
12956 3356 10429
9304
13193 1299 49463
8422 1299 9189
9002 2914 49605 3252 39821
51185 2914
14361 2914
19151 174 3356 25152 41095
3303 15576 34019 35054 3320 12874
4777 2497
20612 8758
7018 174
1764 2914 1853 8596
50620 29075
2914 29686 12637 16347 3356 37271 1916 20080 29140 25160 47872 35699 174 30781 2497 4589
12637
57118 29691
12779 174
20932 1299
2613 25091
34288 15576
5396 3356
4608 1221
59891 51395
20764 25227 3216
8283 38930
198385 41562 202194
13030 51395 1836 1299 34781
5392
13237 1299
8758 15576
2497
263584 263321
6762 174
51395
62567 1299
29680 174
8447 3320 6720
35699
25091
8426
50304 57381 42708
58308 29075
34177
174 3257 3356 680 41497 174 286 3491 1299 64396
9189
52320 1299
49605
25152 12654 3257 6939
30132
29075 1299
28220
50763 8943
3267 1299 2895
15576 198249 196621 29691 41562
28917 1299
41095
4637 1221 3561
12654 6939
3356 29608 3320 6939 209 1299
6720
29691
31463
8222 3320
15547 1299
3491
198290
12874
12350 1299
41562
196621
1853
52720
24611 51405
64396
37239 4809
16347
3257
8468
7738 1299 263321
48526
680
6939
47872
57821
22548
57381
1836
30781
22652 1299
202194
8596
49463
4809 3320 1299 37271 52863
29686
29608
34781
262317 10429
3252
34019
38930 1299
3333
2895
1221
42708 1299
8218
25227
53070 10429
37271 327995
198249
3561 209
1916 52888
10429 263152
1299 8943 262589 29551
24482
20080
327995
41497
262589
263321
39821
3216
263152
3320 33891 3320
29551
29140
51405
25160
35054
553 33891
33891
8943
286
209
4589
25933
52888
6667
52863
