#src/zombie.py
# GMT Mon Oct  1 04:39:22 2018
# 
52873 18881 52720
1916 174
22548 3549
14061 1299
7018 174
34781 13030
8447 3320 6720
53070 10429
37239 4809
29075 58308 174
5396 6762
6453 8426 174
701 1280 1299 23148 702
8468 3549
3252 702
48039 12586 8596
16735 28138 12956
57821 12586
3491 28513 174 12389
30844 12779
35054 3303
35699 174
2895 29076
29691 57118 15576
3356 3356 14361 20932 3549 51185 680 34177 3257 31463 49605 174 8359 41095 37271 48526
51405 24611
1853 1764
58299 13030
4777 2497
13030 31424 51395 1299 1836
9189 8422
1764 8218
202032 12779
45896 174
8220 3320 15547
12956 18881 174 10429
52720
12859 30132 12779
37497 49605
3216 20764 1273
1273 174
5580 50300 3257
15435 1299
37271 4809 327995
24482 174
24611 6661
4230 28513 262757
52863 6762
198385 202194 41562
8426
12874 3303 15605
327995
59689 30781
13237 3257
15547
29680 3257
3333 1136
20080 2914
5392 3549
25933 3549
31463 56730
263321 263584 7738
1103 3257
29076 12389
20562 49605
7575 2914
31424
42708 50304 1299
513 3320
57118
50763 8943
4589 2914
41562 15576
30132
41095
2914 12637 2497 47872 9002 8455 30781 174 29686 29140 8607 62567 16347
553 680
7738 174
1299 49605 174 3320 38930 8943
8607
198249 15576
2497
263584
4637 1221 174
19151 174
6762 28329 174
4608 1221
15576 196621 3303 34288 8758
14361
62567
28929 12779
25160 174
12389
8943
47872
262757
34288
56730
2613 6893
30781
3320 3320 8222 3257 4809 3303 25220 8422 13193 6661
59891 51395
8455
34177
1836
6893 25091
680
13002 20764 25091
8758 20612
48526
8422
20764
1221
49463 13193
28917 8359
286 1136 174
13101 12586 49605
25220
28220 3549
23148 25152
34019 12779
12637
39821 9002
41497 174
25152
18881
50300
8222
6720
9304 3549
202194
8359
13193
50304 57381 174
20932
3549
51185
28513
12350 174
49605 43100 12654 6661
29140
8596
6661 198290
28329
9002
12586
22652 3257
57381
174 3257 12779 50620 64396 8218
29686
702
29608 12779
198290
28138
38930 8283
15605
8218
51395
3257 6667 31122 12779
1136
6667
4809
29222 3303
10429
196621
12654 12779
64396
20612
12779 12779
16347
58308
31122
50620
8283
25091
43100
3303
1280
