#src/zombie.py
# GMT Fri Sep 28 18:06:02 2018
# 
50620 174
6881 25512
57118 29691 12307
31463 6939 50300
680 3356
196621 15576
1239 1257 1299
202032 6939
37989 4844
2613 6893
42708 1299 50304
59891 6939
30844 12859
12989 16735 22548
20676 6939 12586
57381 50304
1251 28571 1916
8220 6939 15576
13193 3320 49463
48166 9002
35369 1764
8943 50763 1299
8607 6939
6453 1299
56730 51945
37640 6939
202194 198385
9189 25074
6830 1299 59414
12637 174
25220 6939
20612 1836
19151 2914
52863 4809
33891 6939 553 5539
12586 57821
15547 3356
12307
12654 6939 12859
50763
25074 3356
64396 174
59689 8218
264911 6939
8455 2914
29691 15576
23106 52320
1103 286
16347 8218
37497 6939
57463 6939 29686
51945 174
41497 174
22548
37468 174
15435 1299
50304
6461 7575 1299 8218
15576 198249
1764 3356
8447 6939 6720
15605 12874
29680 8928
10429 12956 53070 53067
53067
43531 6939 8596
8928 6939
3320 1299 3303 3257
3303 174 12874 34019
28917 6939
59414
20932 174
262317 6939
37239 37271
8763 5539
29636 174
41722 9002
20080 2914
12859 20562 3257 6939 286 4589 16265
44217 47872 3356
49605 9002
513 6730
4589
8218
38930 8283 16265
1299 24785 174 6762 13030 12956 286 1273 3257 2914 6939 7018
25091 6893 13002
6720
14061 3356
286 6939
29140 174
553
1916 174
7575
31424 6939
198385 174
8426 3257
34288 9002
37271 174 3257
49463
5396 6939
50300
24785 20562
51405 24611
12874
29075 174
1257 3333
6667 174
4809 16735
22652 3356
29686
2857 174
25152 1273
62567 3356
41617 9002
47872
3333
25160 174
48526 174
13030
52873 52720 18881
7018
24482 6939
13002 174
1273
174 174 12779 1836 198290 20764 25512 6730 52320 1280 9304 3257 16735
34019
2914 4844 2497
198249
12956 3257 18881
8283
263152 6939
3549 3356 24611
58299 6939
16265
198290
20562
20764
5539
3356 3257 29608
4844
12779
262757 16735
52720
29608
18881
1836
263651 6939
57821
25512
8596
28571
6730 6730
6762
8758 6939
53070
52320
1280
31122 6939
9304
3257
24611
9002 6939
6939 263075 16735
263075
6893
16735
2497
