#src/zombie.py
# GMT Mon Oct  1 05:45:00 2018
# 
52873 18881 52720
1916 14840 28329 6939 174 12654 11537 263674 263651
22548 16735
14061 2914
7018 174
34781 13030
198545 29152 174
59891 51395
53070 10429
37239 4809
29075 1299 50620
5396 6762
6453 8426 3356 174 6453 29608
701 4134 2497 174 702 1280 23148
8468 3549
25220 2914
3252 702
16735 52320 28138
57821 12586
3491 174
30844 6939
35054 3356
174 3356 25160 3257 12779 286 13101 6762 19151 2914 1239 1299 12956 6661 41497 24482 64396 5392 9304 5511 680 51945 20932 174
35699 2914
2895 3267
29691 57118 13030 15576
3356 4809 29222 8359 41095 3320 6461 3549 6762
263651
1853 20965 6720
263321 263584 7738
4777 2497
13030 198249 31424 51395 58299 34288 1299 1836
9189 8422
30132 12859
19151
8943 1299 50763
8220 5511 15547
1239 4637 7738
12956 18881 10429 28220
52720
12859 3257 2914
3216 20764 1273
5511 48526
6939
1273 6667 1299 24785
15435 3257
37271 4809 327995
24482
24611 51405 6661
4230 28513 262757
52863 4809 6762 12654
198385 202194 41562
8426
12874 3303 15605
327995
59689 30781
12350 1299
15547
14840
29680 3257
3333 1136
20080 2914
5392
25933 6762
29152 58308
51945 56730
58299
1103 3257
13237 3257
7575 2914
31424
42708 57381 50304 1299
513 6730
57118
50763
41562 15576
12779
41095
2914 47872 51185 28513 38930 4589 29140 52320 8607 12637 30781 9002 50300 8455 34177 6762 29686 16347 14361 62567
553 680
7738
1299 49605 15576 6730 2603
8607
198249
2497
263584
4637 1221
26615 6762 16397
29222
4608 1221
15576 3303 8758
14361
62567
25160
34177
47872
24785 1136 24785
262757
34288
56730
263674
2613 25091
30781 34019
3320 6762 3303 8222 13193 8422
8455
2603 3267
1836 20612
680
13002 20764 25091
8758 196621
48526
8422
20965 11537
20764
1221
28513
49463 13193
28917 39821 8359
286 8596 6762
13101 12586
6461 8218
28220
23148 25152
34019
12637
39821
41497
25152
18881
50300
8222
6720
4589
9304
202194
8359
13193
50304
20932
3549
51185
16397 263075
51405
4134 4809
52320
49605
29140
11537
8596
6661 198290
28329
9002
12586
22652 3257
57381
6730 6730
29686
702
29608
198290
28138
38930 8283
15605
8218
51395
263075
3257 31122
1136
6667
4809 4809
6762 6762 3303
10429
196621
12654
64396
20612
16347
58308
31122
50620
8283
25091
3267
3303
1280
