#src/zombie.py
# GMT Mon Oct  1 05:55:54 2018
# 
52873 18881 52720
1916 2914
22548 3549
14061 1299
7018 701
34781 13030
8447 3320 6720
53070 10429
37239 4809
29075 58308 174 1299 50620
5396 3356
6453 701
701 3356 2497 3491 12956 4134 286 6762 174 702 2914 6461 1239 1299
8468 3549
25220 3320
3252 174 702 12654
48039 12586 8596
16735 52320 28138
57821 12586
4589 2914
30844 20764
35054 3356
6730 513 174 6730
35699 174
2895 3267
29691 57118 15576
3356 20764 30781 3320 3549 51185 8426 2914 34177 1299 41095 174 702 6762 4230 12956 29222
51405 24611
1853 1764
263321 263584 7738
4777 2497
13030 51395 1299
9189 8422
30132 12859
19151 174 25152
8220 3320 15547
1239 4637
12956 18881 28220 10429
52720
12859 9002
3216 3216 20764 13101
50300 31463 174
15435 1299
37271 4809 327995
24482 174
24611 6661
4230 262757
52863 4809
198385 202194 41562
8426
3491
12874 3303 15605
327995
59689 30781
12350 174
15547
29680 174
3333 1136
20080 2914
5392 3549
25933 3549
31463 56730
58299 174
1103 286
13237 1299
20562 41095
7575 6461
262317 10429
31424 33891
42708 57381 50304 1299
513
57118
50763 8943
41562 15576
12779 174
41095 12654
2914 9002 14361 174 29686 8607 16347
553 680
7738 3320
1299 1273 8455 2603 22652 49605 8943 38930 62567
8607
198249 15576
2497
263584
4637 1221
26615 6762 16397
6762 47872 28329
4608 1221
15576 174 196621 3303 34288 8758
14361
62567
25160 174
34177
47872
8943
262757
34288
56730
2613 25091
30781
3320 33891 702 3303 8222 13193 8422
59891 51395
8455
2603 3267
1836 174
680 174
13002 20764 25091
8758 20612
8359 20764 28917
8422
20764 174 12654 20764 6661
1221
49463 13193
28917 39821
286 1136
13101 12586
6461 8218
28220
34019 3303
12637 174
39821
41497 174
25152
18881
1273 6667 48526
8222
6720
9304 174
33891
202194
48526
13193
50304
20932 174
3549
51185
16397 263075
4134 4809
52320 174
49605
29140 174
8596
6661 198290 174
28329
9002 12654
12586
3303
22652
57381
174 1764 3257 31122 174 64396 29608 1280
29686
702
29608
198290
28138
38930 8283
15605
8218
51395
263075
3257
1136
6667
4809
29222
10429
196621
12654
64396
20612
16347
58308
31122
50620
8283
25091
3267
1764
1280
