#src/zombie.py
# GMT Mon Oct  1 05:42:42 2018
# 
8387 3320 1764 12654
1916 174
22548 3549
14061 1299
7018 1299
34781 13030
198545 29152 174
8447 3320 6720
53070 10429
37239 4809
29075 174 50620
5396 3356
6453 8426 29686 3320 1299 22652
701 4134 2497 702 1280 1299 23148
8468 3549
25220 3320
3252 702
48039 12586 8596
16735 28138 174 12956
57821 12586
4589 2914
30844 13237
35054 3303
6730 513 174 6730
35699 174
2895 3267
29691 57118 15576
3356 3356 30781 4230 3549 9002 49605 34177 25074 680 1764 41095 14361 1299 8359 8607
51405 24611
1853 1764
58299 13030
4777 2497
13030 31424 51395 1299 1836
9189 25074
30132 12859
202032 1764
45896 174
8220 3320 15547
1239 4637 1299 7738
12956 18881 3320 10429 1299
52720 52873
12859 13237
37497 13237
29152 58308
1273 6667 1299
15435 1299
37271 4809 327995
8222 3320
24611 6661
4230 262757
52863 6762
198385 202194 41562
8426
3491 3257
12874 3303 15605
327995
59689 30781
13237 3320 3257 12654 1299
15547
29680 174
3333 1136
20080 2914
5392 174
25933 3549
51945 174 56730
263321 263584 7738
1103 286
20562 1764
2613 6893
31424
42708 50304 1299
52873 18881
513
57118
50763 8943
41562 15576
12779 174
41095
2914 1764 9002 8455 1299 62567
553 680
7738
1299 3257 8943 286 6762 6461 3320 2603 174 38930 8218
8607
198249 15576
2497
263584
4637 1221
34177
29222 3303
4608 1221
15576 196621 3303 34288 8758
14361
62567
25160 174
8943
47872 6762
24785 1136 174 24785
262757
34288
1764 13101 174 8218
56730
7575 6461
30781
3320 680 6762 3303 34019 13193 6661
59891 51395
8455
2603 3267
1836
6893 174
680
13002 174 25091
8758 20612
48526 174
20764 174
1221
49463 13193
28917 8359
286
13101 12586
6461 8218
28220 3549
23148 25152
34019
12637 174
39821 9002
41497 174
25152
18881
50300 174
24482 174
64396 174
9304 174
202194
8359
13193
50304 57381
20932 174
3549
51185 174
19151 174
4134 4809
12350 174
49605
29140 174
8596
6661 198290
28329 6762
9002
6720
12586
22652
25074
57381
174 6762 31122 174 29608 8218
29686
702
29608
198290
28138
38930 8283
15605
8218 8218 16347
51395
3257
1136
6667
4809
6762
10429
196621
12654
20612
16347
58308
31122
50620
8283
25091
3267
3303
1280
