#src/zombie.py
# GMT Fri Sep 28 15:44:03 2018
# 
50620 174
6881 15685
12874 3303 15605
680 174 553 680
196621 15576
1299 8928 1273 174 14061 28917 42708 15547 62567 15435 50304 3356 13193 8943 29551
202032 6939
37989 4844
2613 6893
42708 50304
21385 6939 5539
30844 6939
12989 6939 53070
20676 12586 3356
31463 21396 56730 50300
1251 28571 1916
13193 49463
8426 6939
6667 174
8607 6939
6453 174 29686
202194 198385
9189 6939
262757 6939
12637 174
25220 29551
20612 1836
21320 174 1853
52863 6762
37640 6939
12586 57821
6772 13030 15576
15547
59891 6939
34781 13030
35369 13030
12654 6939 20764 9002
50763 8943
52873 12956 52720
64396 174
59689 30781
264911 6939
49605 9002
23106 10429
1103 286
16347 174
37497 6939
48526 174
28917
41497 174
22548 16735
15435
50304 57381
6461 174 8218
15576
15605
29680 174
10429 12956
53067 6939
1273
8928
8943 8943
262317 6939
20932 6939
25152 19151
37239 6939
8763 5539
29636 174
28329 6939
20080 2914
12859 9002
701 1280 3356 2497
44217 47872 3356
513 6730
4589 2914
8218
6893 25091
1239 1257 174
25091 13002
6720 1853
31133 174 31261
14061
286 174
29140 174
3303 174 34019
31261 41617
1916 174
198385 174
31424 6939
48039 8596 174
56730
37271 3356
49463
5396 6939
50300
7575 2914
553
34288 13030
29075 174
1257 3333
13030 1836 198249 6939 58299 8455
22652 6939
2857 174
57381
15685 29208
62567
41617
47872
3333
30781 3356
25160 174
1853
52720
7018 174
24482 6939
13002 174
5511 5511 29608 3356
174 174 20764 3356 12779 6730 31122 9304 3257 2914 19151
43100 9002
34019
9002 3356 2914
198249
12956 6762 16735 3356
8283 8455
263152 6939
58299
198290 6661
51405 6939
8596
20764 6939 3356
5539
29208 2914
3356 6762 2914 6939
4844 2914
12779
21396 6939
29551
29608
1836
263651 6939
57821
29686
28571
6730 6730
6762
8758 6939
53070
8455
1280
31122
9304
3257
2914 6661
6939 263075
263075
19151
16735
2497
6661
