#src/zombie.py
# GMT Mon Oct  1 05:04:28 2018
# 
37468 37239 174
24611 6661 51405
57821 12586
61568 263321 18881
198249 29691
28917 8359
22652 6453
198290 174
34177 2914
34019 3303
48039 12586 8596
25074 3356 9189
4230 262757 3356
20080 6762 1251
198545 3356 29152
31463 56730 21396
13101 12586 9002
50300 2914
8218 49463 6461
16735 22548 3549
12779 3257
8607 20940 3356 12654 2914 21396
37271 3356 327995 9002
12350 174
7738 701 8167
12654 9002 2914
12874 3303 15605
3257 2914
47872 3356
263584 263321
12307 57118
18881 12956
41497 6762
15576 3356 29691 196621
51185 3356
286 1136 1103 2914
23106 3549
50763 8943
28329 3549
38930 1299 8283
22548
1136 3333
30781 3356 59689
2895 3267
4777 2497
64396 174
701 3356 23148 1280 2914 2497
53070 22381
47176 25435 174
8758 8220
41722 20764
41617 8359
3333
8732 20764 3356
3549 3356 4809 28220 5392 52720
21396
4637 1299 1221
29222 3356
9189
37100 3356 327782
25227 20764
25160 3356
9304 174
59414 13030
29075 198385 174
23148 25152
1916 174
20562 9002
52863 6762
21320 9002 1853
6893 25091 2613
25091 13002
59891 51395
25152
29680 174
15605
8455 1299
25435
7018 2914
327782 327960
30132 12859
1273 6667 1299
5392
4608 1221
33891 31424 3356
57381 50304
20764
3303 3320
7575 6461
1853 6720
37239
15547 8220
20940 37497
25933 8167
35054 3356
3252 9002
52720
58299 15623
62567 3356
174 3356 12637 35699 174 51395 29140 48526 2914 1836 24482 29691 15623 19151
3491 2914
8359 3356
45896 3356
56730
2914 6762 3356 1299 29686 6453 6461 3320 4589 9002 6830
15435 1299
1299 8943 3356 13030 42708 13237
12859 9002
1280
513 6830
37497
29691 57118
3267 3356
29152 58308
8167
12586
263321
6830 6830
51395
262757
3356 16347 3320 14061 3356 8426 20932 41095 680 8220 14361 5396 553 25220 29608 9002
49463
29140
327995
13237
8596
48526
12637
2497
34288 9002
50304 42708
28220
1221
15623
1103
57118
1251 52888
42708
9002 49605 12956 6661 39821
1836 20612
49605
13030
12956
20612
8283
14061
8426
20932
41095 13002
202194 198385
327960
29686
51405
8220
3320 8222
25220
29608
6661
52888
5396
8222
6762
31424
35699
2613
198385
553
19151
39821
58308
196621
6720
59689
6667
24482
14361
680
6453
16347
8943
6461
4809 22381
4589
22381
13002
