#src/zombie.py
# GMT Mon Oct  1 06:36:11 2018
# 
52873 18881 52720
1916 174
22548 16735
14061 1299
7018 1299
34781 13030
59891 51395
7575 6461
53070 10429
37239 4809
29075 174 50620
5396 3356
8468 5413
25220 12859 3356 2914 1299 12654
3252 9002
48039 12586 8596
16735 52320 28138 262757
57821 12586
4589 2914
30844 5413
35054 3303
35699 2914
2895 3267
29691 57118 15576
3356 174 3549 22652 1299 3257 12956
51405 24611
1853 6720 1764
58299 13030
4777 2497
6830 513 6830 5413
13030 31424 51395 5413 1836
9189 8422
1764 2914
45896 3549
6453 174
12956 18881 10429 1299
52720
12859 30132
6939 1280 5413
50763 8943
15435 1299
37271 327995 2914
24482 43531
24611 6661
262757
52863 6762
43531 5413 15547
8426 5413
3491 2914
12874 3303 15605
327995
59689 58308 30781
12350 174
15547
29680 8928
3333 1136
20080 5413
5392 174
25933 3549
31463 56730 21396
263321 263584 7738
1103 5413
13237 5413
20562 5413
198385 202194 41562
31424
42708 50304 5413
513
57118
4637 1221 5413
41562 15576
12779 5413
30132
41095 5413 24785
2914 47872 5413 25160 29140 8943 12654 6661 12637 2497 30781 3320 9002 8455 34177 174 29686 16347
553 680
7738 3320
1299 3320 209 8732 174 6461 62567
8607 5413
198249 15576
1136 24785
2497
263584
8928 5413
29222 3303
15576 196621 3303 34288 8758
14361 209
62567
22652
2828 52320 5413 23148
25160
8943
47872
24785 24785
34288
56730
2613 6893
30781
3320 4809 680 3303 8222 6762
8455
34177
1836
6893 25091
680 680 174 12654
13002 20764 25091
8758 20612
48526 5413
8422 5413
20764 8732
1221 4608
5413 20932 51185 12654 6667 34019 21396 31122 9002 50300 3267 6661 8359 49605 16265 8218
49463 8218
28917 8359
286 174
13101 12586 12654
16265 38930
6461
28220 3549
23148 25152
34019
12637
39821 9002
41497 174
25152
18881
50300
8222
64396 174
9304 174
202194
8359
4608
50304 57381
20932
3549
51185
19151 174
52320
49605
29140
8596
21396
6661 198290
28329 6762
9002
6720
12586
209
57381
174 174 29608 6762
29686
29608
198290
28138
38930 8283
15605
8218
51395
3257
8732
6667
4809
6762 12654
10429
196621
12654
20612
16347
58308
31122
50620
8283
25091
3267
3303
1280
