#src/zombie.py
# GMT Mon Oct  1 04:37:03 2018
# 
52873 18881 52720
1916 52888 2914
22548 16735
14061 1299
7018 174
34781 13030
8447 6720 3257
53070 10429
37239 4809
29075 58308 49605 174 50620
5396 6762
701 4134 2497 174 702
8468 3549
6461 174 8218
3252 702
48039 12586 8596
29551 25220 1299
16735 52320 1299 28138
57821 12586
3491 174 12389
30844 12779
35054 3303
35699 174
2895 29076
29691 57118 15576
3356 3356 9002 51185 8426 3549 34177 31463 29222 174 8359 41095 680
51405 24611
52888
1853 1764
263321 263584 7738
4777 2497
6830 513 6830 174
13030 31424 51395 58299 1299 1836
9189 25074
1764 49605
202032 49605
19151 174 25152
6453 174
12956 18881 10429 28220 174
52720
12859 30132 12779
5511 174 48526
6939 1280 49605
1273 6667 1299
5580 50300 174
15435 3257
37271 327995 2914
24482 174
24611 6661
198385 202194 41562
8426
12874 3303 15605
327995
59689 30781
52320 1299
15547 1299
29680 3257
3333 1136
20080 2914
5392 3549
25933 26615
31463 56730
58299
1103 3257
29076 12389
13237 1299
20562 49605
7575 2914
262317 10429
31424
42708 50304 1299
513
57118
50763 8943
41562 15576
12779 174 12654
30132
41095
2914 12637 30781 9002 8455 25160 47872 174 29686 16347 29140 14361 8607 6661
553 680
7738 1299
1299 8943 24785 8732 49605 174 62567 12350 3320 38930 13193 20932
8607
198249 15576
8732 20764
2497
263584
4637 1221 174
31025 12586 49605
26615 6762 16397 26615
34177
29222
4608 1221
15576 196621 3303 34288 8758
14361
62567
25160
12389
4589 3257
47872
24785 1136 24785
34288
56730
2613 25091
30781
3320 3303 8222
59891 51395
8455
8943
1836
680
13002 20764 25091
8758 20612
48526
20764
1221
49463 13193
28917 39821 49605 8359
286 174
13101 12586 49605
25220
28220
34019 3303
12637 12654 174
39821
41497 174
25152
18881
50300
8222
6720
9304 3549
202194
8359
13193 13193
50304 57381
20932
3549 28329
51185
16397 263075
4134 4809
12350
49605 9002 25074 43100 12654
29140
8596
6661 198290
28329
9002
12586
22652 174
25074
57381
174 3257 6762 64396 29608
29686
702
29608
198290
28138
38930 8283
15605
8218
51395
263075
3257 31122
1136
6667
4809
6762
10429
196621
12654
64396
20612
16347
58308
31122
50620
8283
25091
43100
3303
1280
