#src/zombie.py
# GMT Fri Sep 28 18:42:41 2018
# 
28138 16735
3549 3356 8468 25933
14361 2914
513 6730
50300 174 31463
56730 31463
1280 701
15435 1299
30844 6939
58299 13030
6730 3320 6730
13002 25091 20764
29222 3303
1221 4608 4637
9304 174
8422 3320 9189
9002 2914 39821
1136 286 3333
35054 3356
13101 12586 174
62567 2914
8607 2914
7018 3356
59891 51395
14061 1299
20932 1299
2613 6893
34288 15576
41497 174
6661 174 198290 24611
12874 15605 3303
8758 15576 20612
4230 262757 701
26615 16397 6762
58308 29075
35699 174
9189
59689 30781
49605 1299
25152 23148
553 680
29075 50620 174
15576 3303 8220 196621 29691 41562 198249
28917 174
702 3252 701
16397 263075
41095 3356
3356 29608 6762 6453 3320 51185 174 1299 1853 4809
6720 1853
8222 3320
15547 8220
198290
1853 1764
64396 174
37239 4809
327995 37271
3257 174 4589 1103 22652 12859 29680
20080 2914
34177 174
48526 5511
6939 1916 51395
47872 6762
2497 4777 701
202194 198385
38930 1299 8283
49463 13193
198385 41562
29686 2914
29608
3252
45896 174
16347 8218
2895 29076
24611 51405
28329 1916
37271 4809
264911 1916
29680
263321 263584 7738
39821
5511 174 8220 30781
34781 13030
263584
262757
16735 174 22548 12956
8220
6453 174 8426
8283
31122 174
3491 174 12389
1103
263075
12859 2914 30132
14840 1916
12586 57821 48039
8455 2914
29140 174
7575 2914
12956 28220 174 18881 10429
13193 3320 13193
51185
52873 52720 18881
19151 174
1764 174
1239 4637 174
4777
12654 1916 52863
3303 3320 174
50620
4637
12637 174
57118 29691
12779 174
4608
50763 8943
20764 8732
13030 1299
5392 174
13237 1299
51395
6762 2914 5396 174 3320 52863
4134 701 4809
25091 6893
8426
50304 57381 42708
286 174
174 680 8218 1916 1836 6667 24482 2914 701 174 1299
263651 1916
20612
30132
6893
28220
680
31424 33891
29691
31463
12350 1299
41562
196621
23148 701
8468
701 7738
8943 1299
29076 12389
263674 1916
57821
22548
57381
1836
30781
22652
8596 48039
4809 4809 52863
25933
42708 1299
8218
53070 10429
8732 1299
198249
1916
10429
1299
24482
15605
2914 25160
5396
25220 3320
52720
3320 33891
7738
51405
25160
33891
48039
4589
3333
6667
18881
12389
52863
