#src/zombie.py
# GMT Mon Oct  1 04:35:25 2018
# 
52873 18881 52720
1916 2914
22548 3549
14061 1299
7018 174
34781 13030
8447 3320 6720
53070 10429
37239 4809
29075 174 50620
5396 3257
6453 3356
701 3356 2497 4230 702 174 1280 23148
8468 3549
6461 174 8218
3252 702
16735 52320 28138 174
57821 12586
3491 174 12389
30844 6939
35054 3303
174 3356 25160 3257 12779 286 13101 19151 2914 12350 1239 1299 1273 24482 64396 680 174 29608 13002 35699
35699
2895 29076
29691 57118 15576
3356 47872 3549 51185 8426 3257 29152 6762 19151 2914 1239 1299 8607 2497 3320 9002 49605 34177 12956 5511 31463 6939 41095 14361 8359
51405 24611
1853 1764
58299 13030
4777 2497
26592 16397 26615
13030 51395 1299 1836
9189 8422
1764 3320 8596
19151 12654
8220 3320 15547
1239 4809 4637
12956 18881 10429
41497 3257
12859 30132 3257
53067 10429
5511 48526
29152 58308
1273 3216 6667 1299
15435 3257
37271 4809 327995
8222 3320
24611 6661
4230 262757
52863 4809
8426
12874 3303 15605
327995
59689 30781
52320 1299
15547
2613 6893
3216 20764
29680 3257
3333 1136
20080 2914
5392 3549
25933 3549
31463 56730
6939
263321 263584 7738
1103 3257
29076 12389
13237 3257
198385 202194 41562
31424 33891
42708 50304 1299
513 6730
57118
50763 8943
41562 15576
12779
30132
41095
2914 7575 30781 50300 62567 16347
553 33891
7738 3320
1299 20932 38930 8943 8422
8607
198249 15576
2497
263584
4637 1221
26615 6762
6762 28329
4608 1221
15576 196621 3303 34288 8758
14361
62567
25160
12389
8943
47872
262757
34288
56730
7575
30781
3320 4809 33891 3303 6730 25220 13193 6661
59891 51395
8455 3257
34177
1836
6893 6730
680
13002 25091
8758 20612
48526
8422
20764
1221
49463 13193
28917 8359
286 1136
13101 12586
25220
28220 3549
23148 25152
34019 3303
12637 3257
39821 9002
52720
25152
18881
50300
24482
6720
4589 3257
9304 3549
33891
202194
8359
13193
50304 57381
20932
3549
51185
16397 263075
12350
49605
29140 3257
8596 8596
6661 198290
28329
9002
12586
22652 3257
57381
6730 6730
29686 3257
702
29608
198290
28138
38930 8283
15605
8218
51395
263075
3257 31122
1136
6667
4809
29222 3303
10429
196621
12654
64396
20612
16347
58308
31122
50620
8283
25091
3303
1280
