#src/zombie.py
# GMT Mon Oct  1 06:11:46 2018
# 
1916 2914
22548 3549
14061 3356
7018 701
34781 13030
8447 3320 6720
53070 10429
37239 4809
29075 58308 174
5396 3356
6453 701
701 3356 2497 4230 6461 4134 286 6762 174 702 2914 1280 7738 1299 23148
8468 3549
25220 3320
3252 174 702 12654
48039 12586 8596
16735 28138 3549
57821 12586
4589 2914
30844 20764
35054 3303
6730 513 3320 6730 6893
35699 174
2895 29076
29691 57118 15576
3356 20764 1853 20932 3549 3356 8426 19151 25160 3257 22652 47872 2914 12956 6762 8607 30781 3320 9002 680 34177 1299 25074 5511 31463 49605 174 41095 29608 14361 3491 8359
51405 24611
1853
28917 39821 8359
4777 2497
1103 286
39821
9189 25074
30132 12859
45896 4635
8220 3320 15547
12956 10429
263321 263584 7738
12859 9002
37497 20764
3216 3216 20764 13101 34019
5511 48526
50763 8943
15435 174
37271 4809 327995
24482 174
24611 6661
4230 262757
52863 6762
198385 202194 41562
8426
3491 12389
12874 3303 15605
15547
327995
59689 30781
12350 174
10026 4637 41095
29680 174
3333 1136
20080 2914
5392 3549
25933 3549
31463 56730
58299 13030
52720 3549
29076 12389
20562 41095
4635 4637
2613 6893
31424 33891
42708 50304 1299
513
57118
4637 1221
41562 15576
12779 174
41095 12654 13002 24785
2914 29686 8455 16347
553 33891
7738
1299 13030 13237 174 8943 62567
8607
198249 15576
2497
263584
34177
29222 3303
4608 1221
15576 3303 34288 8758
14361
62567
25160
12389
8943
47872
24785 1136 24785
262757
34288
56730
7575 6461
30781
3320 33891 3303 8222 13193 6661
59891 51395
8455
57866 8283 9002
1836 174
6893
680
13002 25091
8758 20612 196621
8359
20764 12654 6661
1221
49463 13193
286
13101 12586
6461
28220 3549
23148 25152
34019
12637 174
13030 51395
41497 174
25152
50300 174
8222
64396 174
9304 3549
33891
202194
48526
13193
50304 57381
20932
3549
51185 174
19151
4134 4809
13237
49605
29140 174
8596
6661 198290
28329 6762
9002 12654
6720
12586
22652
25074
57381
174 6667 31122 50620 174 702 8218
29686
702
29608
198290
28138
15605
8218
51395
3257
1136
6667
4809
6762
10429
196621
12654
20612
16347
58308
31122
50620
8283
25091
3303
1280
