#src/zombie.py
# GMT Mon Oct  1 05:02:51 2018
# 
1916 6939
14061 6939
7018 1299
34781 13030
8447 6939 6720
12654 50304 6881 29608
25160 174
12389 6939 48166
263152 6939
37989 4844
8763 5539
5396 6939
34288 15576
57463 6939 29686
25220 6939
20932 6939
2613 6893
30781 29608 59689
16735 12956
59891 6939
1239 174 1257
8455 13030
3549 3356 52720
57821 6939
2603 42708 1103
30844 50304
50300 31463
6893 25091
680 553 3356
16347 6939
8426 6939
35369 13030
13002 20764 25091
15685 6939 29208 6881
8758 6939
48526 6939
29636 174
20764 20764 6939
51405 6939
52888 1251
1853 1764
28917 6939
29075 6939
21385 6939 5539
6830 513 6830 6939
1103
49463 6939
53070 10429
286 1299
1764 6939 8596
202032 6939
19151 3356
8943 1299 50763
6453 1299
6461 1299 8218
37239 6939
4844 6939
12956 5511 6939 10429
34019 29608
13030 1836 29608
41497 6939
25152 6939
12859 6939
1273 1299
24482 4657
10026 8928 6939
6720
48166
9304 6939
5511 5511 174 1299 29608
31463 56730 21396
6939 50304 52863 198385 1251 263651 50620 21396 7575 264911 28329 29140 20080 15547 44217 58299 29608 198290 262317 31424 263075 9189 37640 20612 8607 31122 29208 4657 22652 15576 15435 1280 2857 12874
202194 198385
29691 15576
50763
15435
52720
8218
29208
8928
50304 42708 174
47872 44217
52863
3356 174
64396 174
263651
12874 15605
15547
31424
29140
59689
8596
21396
4657
264911
28329
29680 3257
3333 1257
20080
22652
56730
57381 42708
263075
44217
9189
174 6667 701 3257
29686
58299
29608 12779 43100
1251 28571
198290
38930 8283 1299
15605
1257
7575
262317
1836
42708 1299 9002
5539
513
57118 196621
4589 2914
3257 1299
12779
6667
701 2497
37640
10429
196621 15576
2914 1299
553
37271 1299
20612
1299 49605 6762 62567
8607
198249 15576
2497
6881
31122
50620
198385
9002
8283
25091
43100
6762
28571
15576
49605
1280
2857
62567
