#src/zombie.py
# GMT Mon Oct  1 06:59:26 2018
# 
37468 37239 174
57821 12586
198249 15576
28917 1299
22652 174
198290 6661
34177 2914
8455 3257
48039 12586 8596
20080 6762 1251
31463 6762 56730
13101 12586 12779
50300 2914
8218 6461
16735 22548 52320
12779 3257 34019 12859 20562 174 12654
8607 2914
30132 12859
37271 327995 1299
12350 174
7738 263321 8167 3320
3257 3491 41497 29140 3320 9304 29686 29680 1103 174
47872 1299
202032 49605
263584 263321
41497
15576 34288 29691 8758 196621 3303 174 41562
6661 174
51185 3356
286 1136 174
23106 10429
50763 8943
28329 6762
38930 1299 8283
52320 1299
22548
1136 3333
30781 3356 59689
2895 3267
4777 2497
64396 174
701 4134 1299 1280 2497
1916 2914
8758 20612
1221 4637 4608
3333
8732 20764 1299
3549 3356 8468
4637 1299
41617 31261
37100 327782 2914
25227 20764
25160 2914
9304
25074 9189 61157
29075 6762 58308 174
25435 49605
20562
52863 6762
6893 25091 2613
25091 13002
59891 51395
15605 49605
29680
25152 1273
34019
12389 3491 31261
9189
7018 174
327782 327960
8426 3356
1273 6667 1299
5392 174
4608
53070 10429
553 3356
20764 13002
3303 174 29222 3320 35054
52873 52720 12956
7575 6461
1853 3356 6720
31122 174
15547 8220
29691
25933 8167
35054
3252 174
58299 174
1836 13030
174 6762 3356 12956 6453 19151 45896 2914 1299 24482 5511 6461 6830
43100 49605
3491 3356
45896
56730
61157 3320
2914 35699 4589 16347 9002
15435 1299
1299 62567 49605 13030 6939 14061 3356 13237 20932 2603 50304 8943 3320
12859
1280
513 6830
37497 49605
12956 28220 3356 10429
3267 2603
8167
12586
263321
6830 6830
51395 6939
262757 28666
3356 3356 49605 14361 680 8220 29608 41095
4134 4809
49463 13193
28666 4809
29140
37239
327995
13237
8596
48526 5511
12637 49605
2497
34288
50304 57381
28220
5511
1103
34781 13030
31261
1251 52888
9002 39821
62567
49605 30844 12654 51405
13030 31424
16347
20612
8283
14061
13193 3320
20932
41095
41562 198385
2603
202194 198385
327960
29686
51405
8220
3320 25220 8222
6939
25220
29608
29222
52888
5396 6762
8222
6762
31424
35699
2613
198385
57381
19151
39821
58308
196621
6720
30844
59689
6667
24482
8468
14361
680
6453
52720
8943
6461
4809
4589
12654
13002
10429
