#src/zombie.py
# GMT Sat Sep 29 07:48:19 2018
# 
41497 174
64050 7473
29222 3303
41722 20764
1136 24785 3333
20080 2914 1251
7473 6461
50300 174 2914 31463
8943 50763 1299
12956 28220 701
29686 6453
49463 174
38001 2914
3320 47147 3303 2497
52320 23106 174
1273 48526 1299
5400 2110 1299
12307 59414
6730 174 513 6730
39351 174
2110 39122
12389 174 25227
59689 30781
49605 9002
58299 13030
35054 3303
1251 52888
28917 174 39821
1916 174
6461 701
56730 31463
25160 174
4809 22381 1299
20764 174
8455 2914
6453 37468 22652 2914 701 30844 47692 2497
37468 174 52720 37239
15547 8220
20485 2497 29226
50763
9002 2914 2497
1103 286
198385 29075
3491 28513 2497
5396 6762
57381 50304
262757 16735
30781 5511
4608 1221
3549 52873 3356
12350 174
198249 13030
196621 8758
47147
3356 34177 8222 2914 701 8426 680 3356 2497
22652
1299 16735 62240 14061 4637 12586 6939 701 43578 2497 8447 42708
12637 174
24482 174
43578
6720 8447
50304 42708
30132 12859
4230 28513 16685
7738 174 8167
48526
12874 15605 3303
13237 2914
701 2914 174 5511 286 7018 701 2497
59891 136620
9304 174
47692
29691 13030
2914 12859 2914 8607 174 25220 15562 16347 25091 6762 7575 2497
39821
22381 53070
52720
327782 37100 327960
25220
16685 16685 22356
12779 174
7575
3333
19151 174 25152
3257 2497
58308 29075
29680 174
28513
25512 174 6881
1836 20612 13030
63297 395152 6939
30844
25933 8167
20612
35699 174
20932 174
12586 57821
680
15562
34177
7018
553 174
5511 8220
327960
12859
2613 6893
15605
37497 174
57821
286
39392 29504 174
8167
31463
16735 174
41095 24785 2497
25152
62240 136620
28634 22356
52873
6661 174 198290 24611 2497
34288 13030
29226 2895
59414 13030
29075 174 15576
25091 6893
8426
202194 13030
29504
136620
6893
8222
3303 174 2497
1221 4637
50877 174
14061
3252 174
513
8220
6939 13760 1280 2497
13760
395152
25227
6881
39122
21232 13030
6667 174
16347
8758 15576
2895
37100 174
198290
51185 174
53070
8607
13030 31424 2497
52888
64463 174
12654 2497
8896 174
2516 2497 4777
37271 174
15435 174
31424
29140 174
42708
24611 51405
8283 38930
4637
24785 24785
2497
23106
51405
6762
4777
174 8218 174 38930 31742 5392
38930
37239
31742
8218
1280
5392
22356
15576
28220 28220
8447
