#src/zombie.py
# GMT Mon Oct  1 04:38:15 2018
# 
8387 1764 12654
1916 52888 174
22548 3549
14061 3356
7018 174
34781 13030
20080 6762
53070 10429
37239 4809
29075 13237 58308 1299 50620
5396 3356
701 4134 2497 1280 1299 702
8468 3549
6461 7575 174 8218
3252 702
48039 12586 8596
29551 31025 25220
16735 28138 3549
57821 12586
4589 8928
35054 3303
8447 3320 6720
174 12637 3356 29680 3320 41497 64396 3491 3257 1299 286 6762 1764 2914 12350 6453 13002 12956
35699 2914
2895 29076
29691 57118 15576
3356 20764 47872 19151 3549 51185 22652 9002 25160 6730 31463 41095 1764 29608 14361 1239 1299 8359
51405 24611
52888
1853 1764
263321 263584 7738
4777 2497
13030 31424 3320 58299 1299 1836
9189 25074
1764 6939 13237 8218
202032 8218
19151
6453
1239 4637
12956 10429 3257
52720 3549
12859 13237 30132 3333
262589 28329 1299
6939 51395 1299 25152
1273 6667 1299
15435 3257
263584
24482 13237
24611 6661
52863 4809
198385 202194 41562
8426 6695
12874 3303 15605
327995 37271
59689 30781
13237 42708 20562 3257 12779 13101 49605 12654 25074 20932 1299 29140 30781 3320 31122 6661 31025 34177 15547 16347 29076 28917 6695 48526
25074
29680
3333
59891 51395
5392 3549
25933 3549
31463 56730
28917 39821 8359
1103 3257
29076
20562
58299
7575
262317 10429
31424
42708 57381 50304
513 6730
57118
50763 8943
41562 15576
12779
41095
2914 29686 50300 8455 1299 8607
553 680
7738 3320
1299 8943 38930 62567
8607
198249 15576
2497
37271 4809
4637 1221
31025
8928 3320
34177
6762
4608 1221
15576 196621 3303 34288 8758
14361
62567
25160
3491
47872
34288
56730
2613 25091
30781
3320 3320 4809 680 3303 8222 13193
8455
8943
1836
680
13002 25091
8758 20612
48526
20764
1221
49463 13193
286
13101 12586
25220
28220 3549
34019 3303
12637
39821
41497
25152
50300
8222
64396
9304 3549
202194
8359
13193
6695 6661
50304
20932
3549 4809
51185
4134 4809
12350
49605
29140
8596
6661 198290
28329
9002
6720
12586
3303 29222
22652
15547
57381
6730 6730
29686
702
29608
198290
28138
38930 8283
15605
8218
51395
3257
6667
4809
29222
10429
196621
12654
20612
16347
58308
31122
50620
8283
25091
30132
1280
