#src/zombie.py
# GMT Mon Oct  1 06:16:23 2018
# 
1916 19151
14061 19151
7018 6939
34781 13030
8447 6720 3257
12654 6939 25152
25074 6939 9189
25160 174
37239 37271
37989 4844
30844 2914
5396 6939
34288 15576
6461 19151 8218
20932 6939
2613 6893
3320 3303 6939
16735 25152 12989
59891 51395
8455 13030
3549 3356 52720
57821 12586
263152 6939
8763 5539
6893 25091
680 6939
8426 6939
174 1273 29680 64396 58299
13002 20764 25091
8607 2914
48526 3257
29636 3257
3356 6939 9002 28917 553 29608
263651 6939
52888 1251
1853 1764
28917
29075 6939
8943 2914 50763
6830 513 6830 6939
29608
49463 8218
53070 12989
286 8596 19151
6881 29208
1764 3257
202032 6939
19151 13030 6939 25152 4657 1280 2914 7575
29691 15576
6453 6939 62567
25220 29551
29551 3257
4844 2914
34019 3303
13030 35369 1299 1836
41497 3257
25152 2497 6939 1273 20080 3257
12859 6939 3333
1273 6939 1299
24482 4657
6720
9304 3257
6939 31424 42708 51405 198385 263075 262317 37640 2914 1299 52863 264911 28329 21385 49605 15547 6762 50620 3303 2857
202194 198385
12989
50300 5580 31463
5580 3257
15435 3257
52720
37271 3257
29208 3257
8928 10026
50304 57381 42708
47872 3257
52863
20764 8732
64396
3333
12874 3303 15605
31424
29140 3257
59689 8218
51395 3257
8596
15547
6661 198290 3257
4657
264911
28329
29680
9002
12586 3257
20080 1251
22652 3257
56730 31463
57381
263075
31463
9189
35369
29686 3257
58299
1103 3257
1251 28571
198290
38930 8283 1299
15605
8218 16347
7575
262317
1836 20612
42708 1299
5539 21385
513
57118 196621
50763
4589 3257
3257 12779 6667 10026 31122
12779
8732 1299
6667
10026
37640
196621 15576
2914 2497
553
20612
1299
16347
198249 15576
2497
49605
51405
31122
50620
198385
21385
8283
25091
6762
28571
15576 3303
3303
1280
2857
62567
