#src/zombie.py
# GMT Sat Sep 29 16:19:14 2018
# 
41497 6762
6667 1273
23106 52320
16245 205206 1299
41722 12654 20485 9002 8359
20080 2914
1853 6720 3356
7473 1299 4844
49605 3257
263152 6939
8943 50763 1299
198249 13030
29686 6453
49463 13193
38001 4657
8732 20764 1299
3320 174 3303 6661
202032 6939
51395 59891 174
45896 9002
52320 52863 1299 22548
1273 48526 1299
328145 328206 6774
5400 2110 1299
12307 59414
264911 6939
39351 12552
37640 6939
2110 39122
59689 30781
50300 31463
58299 13030
1251 1916 28571
28917 1299
1916 2914 52888
25152 2497
4844 37989
56730 31463
266534 16735
25160 174
6720
29608 3356
20764 12654 51405 6939 174 31133 57111 3356
13193 1299
6453 174 37468 24482 47692
37468 52720 1299
15547 3356
20485 31424 1299
8607 6939
50763
9002 8758 12859 2914
1103 3257
3491 174 4657 22356
5396 6939
57381 50304
8455 20495 13030 8283
328206
50620 174
3549 263702 52873 16735 3356
1280 2914
196621 15576
47147 1299
3356 8359 174 8426 6774 20676 8896 22652 553 15576 30781 33891
22652
1299 50304 14061 37271 15435 25512 6939 33891 680 16735 20932 174 31742 12552 29075
24482
47692
50304
8896
48526
12874 15605 3303
701 174 2516
59891
263702
33891 34549 39392
9304 3257
59414 13030
29691 13030
2914 12637 19151 29636 35266 174 16347 15562 8365 29140 25091 25220 7575 2497
8359
52720
25220
12552
12779 3257
7575
3333 12859
12637
3257 31122 8928 174 60501
20676 12586
6774
29680 8928
25512 6881
34549
1836 20612 13030
262757 16735
30844 6762
205206
20612
20932
57111
6830 174 513 6830
7018 174
680
15562
12586 57821
553
60501
29075
12859
2613 6939
15605
8365 2857
52863
57821
19151
39392 29504
28571
22548
31463 6762
16735 174
37989
6461 8218 174
28634 22356
52873
4777 2497
34288 13030
35369 13030
25091
8426
202194 13030
29504
14907 13030
3303 34019
198385 15576
50877 6762
14061
513
6939 262317 263075 13030 263508 6939 53067
30781
8218
263075
6881
31122
39122
35266
21232 13030
4657
16347
8758
31133
198290 6661
262317
13030
52888
64463 174
12654
34019
2516 6894
37271 37239
15435
31424
29140
286 174
8283
6762 174
2497
8928
2857
51405
29636
6661
174
20495
37239
263508
31742
22356
15576
53067
6894
