#src/zombie.py
# GMT Mon Oct  1 04:08:04 2018
# 
37468 174
24611 6661 51405
8447 6720 3320
57821 12586
8455 3257
198249 29691
28917 12859
22652 3257
198290 6661
34177 174
34019 3303
8426 3356
4230 701 262757
20080 6762 1251 2914
31463 56730 21396
50300 12859
8218 49463 16347 59689 1764 174
16735 22548 174
12779 174
8607 2914
37271 3356 327995
12350 12859
7738 701 263321 8167
12654 3333 12859 1103 5413
12874 3303 15605
3257 6762 701 3356 12956 174 286 1299 47872 2914 2497 7018 15435 12859 30132 3491 14361 4134 6453 3320 5396
47872
263584 263321
41497 174
15576 34288 47176 8758 196621 29691 174
51185 12859
286 12859 1103
23106 52320
50763 8943
28329 6762
20612 31424
52320 174
22548
2895 3267
4777 2497
64396 174
701 2497 1280
53070 22381
47176 25435
8758
41722 20764
3216 20764 6762
3333 31424 1103
3549 3356 52720
21396 12859
4637 1221 12859
41617 31261
37100 327693 174
2613 6893
25160 174
9304 174
25074 9189 61157
29075 198385 174
1916 174
20562 2603
52863 6762
21320 2603 513
6893 25091
25091 13002
59891 51395
25152 19151
29680 174
15605
31133 31261 3320
12389 3491 25227
25435
9189
7018
30132
9002 39821 12859 2914
5392 174
4608 1221
33891 3320 553
57381 42708
20764 174
3303 3320 2914 29222
7575 2914
1764 8596
37239 12859
15547 8220
25933 8167
35054 3356
3252 12859
52720
58299 15623
1836 13030
174 35699 3267 19151 51395 48526 12637 24482 6661
3491
45896 3356
56730
61157 3320
2914 8943 1299 12859 8283 3356
327693 327960
20485 13002 12859
15435
1299 1299 13030 680 13237 14061 1273 62567
12859 49605 6667 42708 29140 31025 20932 41095 2603 25220 50304 37497 15623 1103 30844 4589 29686 8222
1280
513
37497
29691
3267
8167
12586 31025
263321
5413
51395
262757
3356 29608
4134 4809
49463
29222
29140
327995
13237
8596
48526
12637
2497
34288
50304
28220 12956
1221
15623
1103 2603
34781 13030
31261
1251 52888
42708
1273 8468
62567
49605
13030 31424
12956
8283
14061
20932
41095
2603
202194 198385
327960
29686
51405
8220 3320
3320
25220
29608
6661
52888
5396
8222
6762
31424
35699
25227
198385
553
19151
39821
196621
31025
6720
30844
59689
6667
24482
8468
14361
680
6453
16347
8943
4809 22381
4589
22381
13002
