#src/zombie.py
# GMT Fri Sep 28 15:20:08 2018
# 
28138 16735
3549 22548 3356 8468 5392
14361 2914
513 3320
50300 5580 31463
56730 31463
1280 701
1273 1299 174 6667 3216
30844 6939
58299 13030
6461 7575 174 8218
13002 25091 20764
25220 3320
29222 174
1221 4608 4637
9304 174
8422 1299 9189
9002 2914 3356 39821
1136 286 3333
35054 3356
62567 1299
8607 2914
327984 37179
14061 1299
20932 174
2613 25091
34288 15576
41497 174
6661 3320 174 198290 24611
12874 15605 3303
8758 15576 20612
37179 3356
8447 3320 6720
26615 26615 16397 6762 25933
58308 59689
34177 3356
15435 3257
8359 3356 28917
59689 30781
49605 1299
25152 12654 3257 19151 6939
553 33891
3491 174
15576 3303 29691 198249 196621 41562
28917
702 3252 701
16397 263075
41095 3356
3356 680 6453 3356 1239 2914 1299 3257 6762 701 5511 8426 47872 51185 174 19151 3320 22652
6720
8222 3320
15547 8220
198290
1853 1764
64396 174
37239 4809
9189
3257 29686 12586 31122 5580 12859 174 12389 29680
15605
7738 1239 263321
48526 5511
6939 19151 12654
47872
286 1103 174 19151
34019 3303
2497 4777 701
202194 198385
38930 1299 8283
49463 13193
198385 41562
29686
29608 6453
3252
35699 174
16347 174
2895 29076
24611 51405
28329 6762
37271 327995 4809
29680
263321 263584
39821
3216 20764
5511 30781
34781 13030
263584
52888 1916
16735 174 12956
8220 3320
6453 6453 174
8283
31122
29075 50620 174
5580
1103
263075
12859 2914 30132
12586 57821
8455 1299
29140 174
7575
12956 28220 174 18881 10429
13193 3320
51185
52873 52720 18881
19151 174
1764 3320 8596
1239 4637 174
4777
12654
3303 3320
50620
4637
12637 174
57118 196621
12779 174
4608
29076 12389
20764
13030 51395 1299 1836
5392
13237 1299
51395 59891
6762 5396 174 20080
25091
8426
50304 1299 57381 42708
7018 174
52720
174 1916 12350 1299 24482 2914 701 25160 174
20612
30132
28220
680
31424 33891
29691
31463
12350
41562
196621
8468
701
8943 1299 50763
57821
22548
57381
1836
30781
22652
327995
8596 8596
4809 3320
25933
42708 1299
8218
53070 10429
198249
1916
10429 262317
6667
24482
20080
2914 4589
5396
59891
262317
3320 3320 33891
51405
25160
33891
50763
4589
3333
1299
18881
12389
