#src/zombie.py
# GMT Mon Oct  1 04:50:20 2018
# 
1916 2914 28571
14061 3356
7018 3356
34781 13030
8447 3320 6720
12654 9002 8607
25160 174
12389 1273 48166
8943 2914 50763
8422 3320 9189
24611 51405 6661
37989 4844
30844 9002
5396 6939
701 1273 1280 703 3356 2497
6461 7575 3257 8218
263674 28329
20932 174
2613 6893
57381 42708
30781 3356 59689
3320 3320 513 12586 21385 3257 33891 1764 12713 2914 3303 25220 6661
16735 174
59891 51395
12713 47872
8455 13030 8283
3549 3356 4809 52720
57821 12586
263152 6939
8763 5539
50300 31463
6893 25091
264911 6939
680 3356
8426 3356
35369 13030
13002 20764 25091
16347 6939
8758 6939
8359 20764 3356
29636 174
3356 3257 286 49605 19151 2914 6453 1299 6762 8607 9002 6939 22652 15547 31463 174 28917 29608 37271
51405
1853 1764
28917
29608
49463 174
53070 12989
286 1103
6772 13030 15576
6881 15685
1764 8596
202032 6939
19151 174 25152
29691 13030
6453
25220
37239 37271
4844 6939
34019 3303
13030 198249 58299 51395 34288 1299 1836
15685 29208
41497 174
25152
12859 9002
1273
24482 174
6720
48166
15605 12874
9304 174
5511 48526 2914
9189
6939 4635 262317 31424 262757 263075 263651 37640 1239 28329 50620 53067 8607 29208 703 12989
202194 198385
48526
50763
29075 174
52720
12989
29208
8928 10026
50304 42708
47872
262757
52863 4809
20764
64396 174
263651
10026 4635
15547
49605
29140 174
59689
51395
8596
34288
6661 198290
53067
28329
29680 3257
9002 43100
3333 1257
31424
12586
20080 2914
22652
56730 51945
1239 1257
263075
31463
51945 174
174 198385 174 3257 12779 6667 2914 2857
29686 3257
58299
1103
198290
703
8218
4635
7575
262317
1836 20612
42708 1299
5539 21385
513
57118 196621
4589 2914
3257 31122 8607
1257
6667
4809
37640
196621 15576
2914 1299 62567 8607
553 33891
15435 1299
20612
1299
12779
8607
198249
2497
37271
31122
50620
198385
21385
8283
25091
43100
6762
28571
15576
33891
3303 12874
1280
2857
12874
62567
