#src/zombie.py
# GMT Fri Sep 28 19:58:24 2018
# 
50620 174
6881 15685
12874 3303 15605
31463 50300 56730
680 553 3356
196621 15576
37239 37271
202032 6939
37497 6939
37989 4844
2613 6893
42708 1299 50304
21385 6939 5539
30844 6939
12989 6939 16735 53070 22548
57381 50304
1251 28571 1916
13193 3320 49463
6667 1273
8607 6939
6453 62567 1299 29686 3356 9002
56730
198385 29075
202194 13030
9189 6939
262757 16735
12637 174
25220 6939
20612 1836
21320 174 1853
52863 6762
37640 6939
6772 13030 15576
15547 6939
59891 6939
47872 44217
34781 13030
16347 3356
12654 6939 20764 9002
50763 8943
52873 52720 18881
64396 174
59689 30781
8943 1299
49605 3356
23106 10429
1103 3257
35369 13030
1764 8596 174
48526 3356
28917 6939
41497 174
22548
37468 174
15435 174
50304
6461 1299 8218
15576
57821 6939
29680 174
10429 12956 53067
53067
8928 1299
3320 3356
3303 3356
20932 174
262317 6939
8763 5539
29636 174
264911 6939
20080 2914
12859 9002
8732 1299 20764
701 23148 3356 2497
44217 3356
513 174
4589 2914
6893 25091
1299 1273 3356 14061 16735
25091 13002
6720 1853
14061
286 3356
553
1916 174
29140 174
31424 6939
8426 6939
8359 41617 3356
37271 6939
49463
5396 6939
50300 174
1273
34288 13030
29075 174
1257 3333 3356
13030 1836 198249 6939 58299 8455
22652 3356
2857 174
25152 23148
15685 6939
62567
41617
28329 3549
3333
30781 34019 9002
25160 174
1853
41722 20764
7018 3356
24482 174
13002 174
7575 2914
174 174 12779 20764 3356 1280 9304 2914 19151
43100 20764
34019
2914 9002 4844 6661 3356
198249
12956 3356 18881
8283 8455
263152 6939
58299
18881
198290 6661
51405 6939
8596
20764 6939 3356
8218
3356 9002 29608 6762 3257 3549 6939
4844
12779
52720
29608
23148
1836
263651 6939
15605
29686
5539
28571
6762
8758 6939
53070
8455
1280
31122 3257
9304
3257
3549
9002
6939 263075
263075
19151
16735
2497
6661
