#src/zombie.py
# GMT Mon Oct  1 05:47:45 2018
# 
52873 18881 52720
1916 2914
22548 3549
14061 3356
7018 3356
34781 13030
8447 3320 6720
53070 10429
37239 4809
29075 58308 174 50620
5396 3356
6453 12956 62567 29686
701 3356 2497 702
8468 3549
3252 702
16735 28138 3549
57821 12586
3491 174 12389
30844 20764
35054 3303
35699 174
2895 29076
29691 57118 15576
3356 3356 3549 51185 8426 19151 25160 3257 22652 8732 286 49605 1836 2914 24785 1299 8607 30781 3320 9002 50300 6939 34177 20485 12956 3216 31463 6762 174 8359 41095 29608 20932 14361 680 8422
51405 24611
1853 1764
58299 13030
4777 2497
6830 513 6830 12956
13030 1299
9189 8422
1764 3320 8596
19151 25152
8220 3320 15547
1239 4637 174
12956 47872 174 5511 18881 10429
52720
12859 30132 9002
37497 20764
3216 3216 34019 20764
5511 48526
6939 51395
50300
15435 1299
37271 4809 327995
8222 3320
24611 6661
4230 28513 262757
52863 6762
198385 202194 41562
8426
12874 3303 15605
327995
59689 30781
12350 174
15547
29680 174
3333 1136
20080 2914
5392 3549
25933 3549
31463 56730
263321 263584 7738
1103 3257
29076 12389
20562 20764
2613 6893
31424 33891
42708 57381 1299
513
57118
50763 20764
41562 15576
12779 174
30132
41095
2914 7575 3320 9002 28513
553 680
7738 174
1299 1273
8607
198249 15576
8732 20764
2497
263584
4637 1221
45896 3549
6762 28329 47872
4608 1221
15576 196621 3303 34288 8758
14361
62567
25160
12389
4589 3257
47872 12654
24785 1136 24785
262757
34288
56730
7575
30781
3320 4809 33891 3303 25220 13193
59891 51395
8455 3257
34177
20485 13002
6893 25091
680
13002 25091
8758 20612
48526
8422
20764 174 20764 12654
1221
28513
49463 13193
28917 8359
286
25220
28220 3549
34019
12637 174
39821 9002
41497 174
25152
18881
1273 6667
24482 174
6720
9304 3549
33891
202194
8359
13193
50304 174
20932
3549 16397
51185
16397 263075
13237 3257
49605
29140 174
8596 8596
6661 198290 174
28329
9002 12654
12586 3257
22652
57381
174 64396 174 1280 38930 8218
29686
702
29608
198290
28138
38930 8283
15605
8218 16347
1836
51395
263075
3257 31122
1136
6667
4809
29222 3303
10429
196621
12654
64396
20612
16347
58308
31122
50620
8283
25091
3303
1280
