#src/zombie.py
# GMT Fri Sep 28 20:50:00 2018
# 
28138 16735
3549 3356 8468 25933 9304 22548 5392
14361 2914
513 6730
50300 3356
56730 51945
1280 701
15435 1299
262757 4230
30844 5413
58299 13030
6730 3320 6730
6461 7575 2914
13002 25091 20764
25220 3320
29222 3303
1221 4608 4637
9304
8422 3320 9189
9002 2914
1136 24785 3333
35054 3303
62567 1299
8607 2914
7018 2914
14061 1299
20932 3356
2613 6893
34288 15576
5396 6762
6661 6695 198290 24611
2603 1103
12874 15605 3303
8758 15576 20612
4230 28513
8447 3320 6720
35699 174
37497 1103
34177 3356
9189
8359 12859 29076 28917
59689 30781
49605 3356
25152 23148
553 680
29075 50620 6453 174 58308
15576 3303 41562 196621 29691 198249
28917 39821
702 3252 701
41095 3356
3356 2914 29608 680 3356 8426 19151 30781 1853
6720
1273 6667 1299
8222 3320
15547 8220
198290
20562 12859
1853
64396 174
37239 4809
327995 37271
3257 41497 2914 4589 1103 22652 29140 29680
20080 6762
7738 3320 263321
48526 5511
6939 1299 30132
47872 6762
2497 4777 701
202194 198385
16347 12859
49463 13193
198385 41562
29686 6453
29608
3252
45896 174
34019 12859
38930 1299 8283
2895 29076
24611 51405
28329 6762
6695 12859
37271 1103 4809
8218 174
29680
263321 263584
39821
3216 12859 20764
31025 12859 12586 48039
5511 2914
29140
263584
51945 1299
16735 12956
8220 3320
6453 2914 24482
8283
31122 174
3491 28513 2914
1103 12654
12859 2914 286 12654
12586 57821
8455 1299 12654
7575
12956 28220 2914 12654 18881 10429
13193 3320
53067 10429
51185 174
52873 52720 18881
19151
3303 3320
1239 2914 4637
4777
12654 3333 5413
58308
50620
4637
12637 174
57118 29691
12779 174
4608
50763 8943
20764
13030 51395 1299 34781 1836
5392
13237 1299
51395 59891
6762 2914 52863
25091 6893
8426
50304 57381 42708
286 2914 1299
174 2914 25160 12350
20612
30132
6893
28220
680
28513
31424 33891
29691
12350
41562
196621
23148 701
8468
701 2914
8943 2914
29076
57821
22548
57381
1836
30781
22652
8596 48039
4809 3320
34781
3333 3320
42708 1299
5413
53070 10429
198249
1916 2914
24785 24785 1299
10429
6667
24482
15605
2914 3320 1299
41497
59891
52720
3320 33891
51405
25160
33891
48039
4589
25933
1299
18881
52863
