#src/zombie.py
# GMT Mon Oct  1 04:47:06 2018
# 
38861 4657 6453
22548 3549
14061 3356
7018 2914
34781 13030
1916 2914
8447 3320 6720
53070 12989
37239 4809
29075 6762 50620
5396 6762
6453 3356 8468 6453 2914
701 702 2497 1280 23148 2914
8468 34019 37497 3549 12654 20562 6661
25220 3320
3252 702
16735 52320 28138 6762
57821 12586
3491 12389 2914
24785 1136 3356 24785
35054 3303
6730 513 3320 6730
35699 2914
2895 29076
29691 57118 15576
3356 3356 20932 3549 51185 8426 25160 41095 1836 19151 2914 1299 8607 9002 680 34177 31463 29152 174 29608 8359
51405 24611
1853 1764
58299 13030
4777 2497
13030 1299 2914
9189 8422
1764 3320 8596 3257
45896 174
8220 3320 15547
1239 4637 7738 2914
52720 3549
12859 30132 9002
37497
3216 20764 1273
5511 30781 48526 2914
29152 58308
1273 2914
5580 50300 3257
15435 3257
263584 263321
8222 3320
24611 6661
4230 28513 262757
52863 6762
198385 202194 41562
8426
19151
327995 37271
59689 30781
12350 174
15547
4657 24482
29680 3257
3333 1136
59891 51395
5392 3549
25933 3549
31463 56730
263321 7738
1103 3257
29076 12389
20562
7575 6461
31424 33891
42708 57381 50304 1299
513
57118
50763 8943
41562 15576
12779 3257
30132
41095
2914 2828 28513 3257 8943 286 6762 12654 6461 8607 3320 20080 1299 14361 62567
553 33891
7738
1299
8607 12654
198249 15576
2497
37271 3257
8218 6461 16347
4637 1221
29222 3303
4608 1221
15576 196621 3303 34288 8758
14361
12874 3303 15605
62567
2828 52320
25160
12389
34177
47872 6762
262757
34288
56730
2613 6893
30781
3320 33891 4809 3303 8422 13193 6661
8455 8283 3257
8943
1836
6893 25091
680
13002 20764 25091
8758 20612
48526
8422
20764
1221
49463 13193
28917 8359
286
20080
6461
28220 6762
23148 25152
34019
12637 3257
39821 9002
41497 3257
25152
50300
24482
6720
4589 3257
9304 3257
33891
202194
8359
13193
50304
20932
3549
51185
52320
28513
13237 3257
49605 3257
29140 3257
8596
6661 198290
28329 6762
9002 12654
12586 3257
22652 3257
57381
174 64396
29686 3257
702
29608
198290
28138
15605
12989 6762
51395 3257
3257 6667 31122
1136
6667
4809
6762
196621
12654
64396
20612
16347
58308
31122
50620
8283
25091
3303
1280
