#src/zombie.py
# GMT Mon Oct  1 05:51:35 2018
# 
6762 12654 12956 1299
6720 8447
35699 174
15605 12874
29075 15576 198385 174
202032 47692
3333 1136
1103 286
22381 53070 12989
20612 1836
29226 2895 20485
8167 7738 25933
3491 64050 2914 41095 1299
22652 6453
3356 33891 8426 25091 41095 3356 1299 680 3549 9002 5396 8359 25220 16347 14061 34177
29608 57111
680
49605 174
3549 52873
29686 6453
20932 174
31424 33891
6730 6893 47147 513 174 6730
47692 33891 35054 12654
8758 15576 196621
8896 174
28634 22356
29222 3303
39392 174 29504
51405 24611
20485 1299
12654 5413 47147 12779 2914 57111
1136 24785
8359 28917
38001 41095
39351 42708
29680 174
513
12874 3303
52873
8607 2914
327782 37100 327960
39821 9002
34177
50300 174
28917
5392 174
196621
9304 174
56730 51945
6830 15547 1299 59414
15576 29691 198385 21232 34288 198249
1221 4637 4608
4608
20562 12779
198545 174 29152
43578 174
6667 174
23106 10429
23148 25152 701
25091
6893 2613
3257 12586 13237 1299 8455
30781 5511 59689
3252 174
35054
198290 6661
1299 7018 13030 4637 12389 5511 174 2914 286 8732 5400 701 6453 47147 3320 11404 42708
33891
198385 202194
51395 59891 174
12859 47147 30132 57111
28929 12779
38930 8283 174
53070
21232
51945 174
1251 52888 20080
37100 174
25160 174
8943 2914 50763
25933
16735 262757 174
31742 174
4777 2497
8222 3320
59414
5413 2914
3320 3303 8447
12779 174
5400 2110
58299 174
13760 174
29691 57118
553 174
59689
37497 174
34288
395152 63297
52720 37468
25220
16347
25227 12389
12637 174
174 12350 24785 37271 51185 24482 3303 19151 25512 6661 8218 1836 50877 64463 37468 41497 29140 49463 174 15435 1916 48526
20764 8732 41722
12389
8426
20080 2914
9002
202194
2914 47147 15562 30844
50304 57381 42708
42708
4637
286
50763
63297 11404
8455
50877
25152
2895
49463
7738 12956
29504
7018
15562
52888
5511
6881 25512
198249
8732
24611 6661
701 2497
59891
47147
5396
48526
58308 29152
13237
57821 12586
12956 28220 10429 12989
14061
24785 24785
1916
37271
41095
51185
37468 6453 37239
22356 27715
3303
28220 28220
37239
19151
30132
327960
8283
8218
12307 57118
262757
15547
2110 39122
6453
64463
29152
41497
13030
64050
12586
24482
57118
57381
12350
30844
10429 27715
8447
25512
39122
2497
41722
15435
29140
57111
12989
2613
1836
11404
6661
27715
