#src/zombie.py
# GMT Fri Sep 28 15:38:15 2018
# 
1273 12713 1299
16735 262757 28329
21396 6939 31463
6453 6453 29608 29686 6762
513 6830
50300 31463
56730 31463
1280 1299
20676 12586 3356
15435 1299
31122 1299
30844 6939
13030 6772 51395 8455 34781 29691 34288 1836 58299 1299 202194 35369 198249
58299
1103 3257
263075 6939
12859 2914
6461 7575 6762 8218
13002 25091 20764
21320 3356 1853
202194
12586 57821
8455 8283
30781 3356 59689
3549 3356 24611
29140 6939
7575
9304 174
8422 3320 9189
9002 2914
19151 174
1764 174 8596
1239 6762 1257
21385 5539 3356
28329 1916 52720 12654 6939 263674
7018 6762
3303 3320 12874 34019
5539 8763
59891 51395
57118 196621
14061 1299
20932 3356
2613 6893
37640 6939
41497 174
50763 8943
20764 8359
8283
202032 6939
12874 15605
2497 25152 701
48166 3356
12989 53070 6939
62567 1299
8607 6939
6762 2914 3257 701 3320 3356 6939 174 286 8928 1299 52863
29680 8928
25091 6893
8426 3356
50304 42708
37497 6939
52720
174 25512 24482 12779 2857 48526 25160 29636 198385 680 198290 64396 49463 29075
9189
4809 52863 14840
8359 3356
59689
263674
49605 3356
25152
553 680
6893
6772 15576
8763
15576 196621
28917 3356
12654 52863
3356 25220 680 15547 37271 6667 1853 22652
6720 1853
29691
31463
1251 1916 28571
15547
198290
6881 25512
14840
196621
1853
64396
37239 37271
3257 4589
29075
20080 6939
701
20612 1836
48526
8928 10026
680 680
6939 50620 263152 262317 6830 264911
47872 12713
25512
57821
50620
10026 1299
57381 42708
1836
28571
22652
35369
8596
49463
198385
29686
29608
34781
262317
51405 24611
2857
34019
16347 8218
24611
42708 1299
8218
53070
37271
198249
1916
4844 2914 37989
34288
264911
1299 8943
24482
15605
2914
25220
12779
1257 3333
263152
3320
12713
37989
25160
29636
51395
8943
286
4589
3333
6667
262757
6830 6830
52863
