#src/zombie.py
# GMT Mon Oct  1 03:47:48 2018
# 
52873 18881 52720
1916 2914
22548 16735
14061 1299
7018 174
34781 13030
198545 29152 174
8447 3320 6720
1251 52888 20080
53070 10429
37239 4809
29075 5511 50620
5396 3356
6453 174 30844
701 4134 1280 174 2497 702
8468 3549
25220 3320
3252 702
16735 52320 1299 12956 28138
57821 12586
3491 174 12389
30844
35054 3303
37179 41095 327984
35699 2914
2895 29076
29691 57118 15576
3356 14361 3320 3549 51185 8426 29608 34177 1299 31463 41095 174 19151 2914 37271 12956 8359
51405 24611
52888
1853 1764
28917 39821 8359
4777 2497
1103 3257
13030 51395 1299 1836 58299
9189 8422
30132 12859
19151 41095 174 25152
8220 3320 15547
1239 4637 174
12956 18881 174 10429
263321 263584 7738
12859 2914 3257 3333
262589 28329 174
5511 30781 174 48526
29152 58308
50300 2914
15435 3257
37271 327995
24482 174
24611 6661
52863 4809
8426
12874 3303 15605
327995
59689 30781
12350 174
15547
2613 6893
29680 174
3333
20080 2914
5392 3549
25933 3549
31463 56730
6939 12654 25152
58299
52720
29076 12389
198385 202194 41562
262317 10429
31424 33891
42708 57381 50304 1299
513 3320
57118
50763 8943
41562 15576
12779 174
41095
2914 47872 174 16347 9002 8607
553 33891
7738 3320
1299 1273 8455 8943 8732 13237 174 52320 38930 62567 8422
8607
198249 15576
2497
263584
4637 1221
34177
6762 174
4608 1221
15576 196621 3303 34288 8758
14361
62567
25160 174
12389
4589 3257
47872
34288
56730
7575 6461
30781
3320 3320 8222 4809 33891 1764 3303 13193 6661
59891 51395
8455
8943
1836
6893 25091
680 174
13002 20764 25091
8758 20612
48526
8422
20764 8732
327984
1221
49463 13193
286 174
13101 12586 174
6461 174 8218
28220 3549
34019 3303
12637 3257
39821
41497 3257
25152 3257 12654
18881
1273 6667
8222
64396 174
9304 3549
33891
202194
8359
13193
50304
20932 174
3549
51185
52320
4134 4809
13237
49605 3257
29140 3257
8596 8596 1764
6661 198290
28329
9002
6720
12586
3303 29222
22652 174
57381
174 3257 174
29686 3257
702
29608
198290
28138
38930 8283
15605
8218
51395
3257 31122
8732
6667
4809
29222
10429
196621
12654
20612
16347
58308
31122
50620
8283
25091
1764
1280
