#src/zombie.py
# GMT Sat Sep 29 04:22:05 2018
# 
41497 6762
6667 174
16245 3292 205206
41722 20764
12637 174
20080 2914
1853 21320 6720
7473 2516 4844
49605 174
263152 6939
8943 8943 6894 50763
12956 18881 52873 2516
29686 6453
49463 174
38001 4657
8732 20764 1299
3320 3257 47147 33891 3303
202032 6939
51395 59891 174
45896 9002
59689 8218
52320 23106 52863 1299
1273 1299
328145 328206 6774
5400 2110 1299
12307 59414
264911 6939
39351 42708
37640 6939
2110 39122
3292 2516
4777 2497
50300 31463
58299 13030
1251 1916 28571
28917 1299
1916 174 52888
2603 1103 2516
25152 19151
4844 37989
56730 31463
266534 18881
25160 174
6720
29608 3356
20764 174
6453 37468 22652 29075 48526 24482 14061 47692 2516 37271
37468
15547 6939
50763
9002 8758 12859 2914 12654 3356
1103
18881
3491 3257 4657 22356
5396 57111
57381 42708
8455 20495 13030 8283
328206
50620 6939
3549 3356 262375
1280 209
198249 13030
6894 174 3257 13030 6939 16347 12654 35266 2516
43100 57111
47147
3356 3257
22652
1299 3257 50304 20676 680 15435 42708 701 29551
24482
209 2516
50304
8896 174
48526
12874 15605 3303
701 7018 2914 6939 3257 2516
59891
263702 18747
33891 34549
9304 6939
59414 13030
29691 13030
262317 6939
2914 15562 7575 2516
52720 52873
25220 29551
21320 174
12779 12654 174 31424
7575
262375 14840
19151 174
3257 8426 174 6774
20676 12586
6774
29680 174
25512 174 6881
34549
1836 20612 13030
262757 16735
30844 6939
205206
20612
20932 174
57111 174 25091 12654 51405
7018
47692
15562
12586 57821
206356 199714
60501 6762
29075 174 34019 15576
12859 3333
2613 6939
15605
553 174
52863
57821
286 2516
39392 29504 174
680
28571
22548 12989
31463 6762
16735 174 6939
37989
6461 8218 14907 2516
28634 22356
52873
14840
34288 13030
35369 13030
25091
8426
202194 13030
29504
14907
3303
198385 15576
50877 174
14061
513 174
6939 8607 263075 53067 263508 6939
8218
263075
6881
31122 174
39122
35266
21232 13030
4657
18747 174
16347
8758
198290 6661
8607
13030 199714
52888
64463 174
12654
34019
2516 2497 6762
37271 37239
15435
31424
29140 174
42708
199714
8283
6762 12989
29551
2497
23106
2857 174
51405
29636 174
6661 174
174 31742 174
20495
12989
37239
263508
31742
22356
15576 196621
3333
53067
196621
