#src/zombie.py
# GMT Mon Oct  1 04:07:02 2018
# 
37468 37271
50620 174
24489 24490 17579
2857 174
12989 53070 6939
24785 20562 1299
264911 6939
57821 12586
12874 3303 15605
24611 6661 51405
174 7018 6667 3356 1299 25160 513 64396 6453 174 286 3257 6461 2914 12779 20764 6762 29140 20932 41497
43100 25091
286
198249 29691
28917 1299
15685 29208 6881
198290 6661
62567 6939
49605 9002
2914 29208 12637 8455 37271 29636 29686 19151 31463 35369 25220 8607 4589 25074 6661 9002 1764 2497
15435 1299
8455
12859 2603
1280 6939
513 513 6830 12654 6939
29608 5511
31133 1299 31261
20080 6939
29691 6730
10764 11537 5511
31463 56730 50300
15547 6939
24490 20965
16347 29075
41497
559 3303 20965 21320 12654
12586 20676
8218 6461
16735 22548 262757 6939
2497
12779
5539 8763 21385
8607
6830 3320
51395 3257 59891
262757
3356 20676 22652 3549 8426
37271
37640 6939
8763
34288 15576
49463 13193
6939 31424 25091 8758 12956 263152 14061 4657 25152 58299 47872 263075 30844 1299 6730 9304 50763 5396 1251 202032 21320 1916 37239 7575
4657 24482
29140
25074 9189
37239
3257 8928 29680 31122
47872
17579 7660
52863 6762
6881
8596 1764
48526 5511
18881 52873 12956
12637
15576 8220 196621
34019 30781
22388 11537 7660
1916
6661 21320
50304 42708
58299
23106 10429
5511 29075 5511 8220 30781
1103 11537 3333
50763
34781 25091
31261 41617
20612 1836
1251 28571
42708 1299 57381
28571
31424
9002
30781 59689
7575
64396
1836 13030
20965 11537 680 1853
13030 1299
7660
8758
12956 10429
1853 6720
22652
14061
3333
41722 20764
8928
3549 28329
9189
263075
11537
52873 52720
13193 1299
20932
56730
198385 29075 202194
41617
2603 20562 21320 21385
1764
51405
59689
25160
29208
50300
4589
29686
9304
7018
8220
29636
29075
28329
3320 3303
21385
25220
202032
21320
5396
6762
6893 6730 2613
25091 13002 12654
59891
2613
263152
20562
553 680
15605
29680
25152
22548
1299 1273
196621
20676
6720
30844
202194
13002 20764
6667
24482
8426
1273
6730
680
6453
52720
35369
6461
53070
57381
20764 20764
3303
19151
12654
31122
10429
