#src/zombie.py
# GMT Sat Sep 29 11:19:24 2018
# 
41497 3257
29222 3303
41722 20764
12637 2914
20080 2914 1251
4134 4809 3356
49605 3257
263152 6939
8943 50763 1299
12956 174 28220 18881
29686 2914
49463 8218
3216 3356 29226
38001 41095
202032 6939
62663 7738 174
45896 6939
59689 30781
52320 52863 6461
1273 6667 1299
263321 263584 28329
5400 2110 2914
12307 39540
264911 6939
39351 42708
37640 6939
2110 39122
12389 25227 1299
4777 2497
29208 15685 2914
50300 3257
58299 13030
40191 395766 1299
35054 3356
1251 52888
28917 8359
1916 2914
20562 20764
6461 8218 174 62240 7575
56730 31463
266534 18881
25160 2914
12586 3257 57821
42525 2914 205206
6720 8447
4637 1221 1299
29608 20764
20764 13101 12654 51405 30844 6939 174
6453 37468 48526 8426 8220 15576 174 37100 24482 6453 29075 47692
37468
15547 8220
57111 6939
9002 2914 39821
1103 3257
18881
3491 174 64050 41095
5396 6762
262757 16735
57118 29691 39540
4608 1221
263075 6939
3549 23106 5392 16735 52873 9304 52720 3356
1280 701
198249 15576
196621 15576
47147 2914
3356 41095 8359 6730 174
13101 34549
22652 3257
1299 50304 13030 20932 174 8447 14061 1299 553 43578 8222 680 29075 42708
6730 6893
24482
43578
263508 6939
4809 22381
47692
50304
30132 12859
35369 2914
64050
34019 6939
7738 8167
48526
12874 15605 3303
13237 2914
701 174 57866
59891 136620
9304
59414 13030
29691 15576
2914 19151 8607 28329 37271 29140 8455 30781 2497 35699 174 49375 28513 16347 15562 34177 25091 12779 25220
39821
8359
22381 53070
52720
327782 37100 327960
25220
16685 4230 16685 22356
12779
7575
3333 12859
19151 25152
3257 31742 174 39392 15435 31424 31463
136620 62240
29680 174
2828 13760 174
34549
1836 13030
63297 174 395152
30844
205206
25933 8167
4230 28513
20612 31424
35699
1239 174 1257
6830 174 513 6830
28513
680
15562
34177
7018 174
553
1221
50763
29075 198385 15576
12859 41095
2613 6893
15605
37497 174
15685 6881
52863
57821
286 174
39392 29504
28929 6939
8167
31463
57866 8283
41095 16735 12654
25152
28634 22356
52873
62240
34288 15576
29226 2895
327960
25091
8426
202194 198385
29504
14907 1257
6893
8222
3303 174
1257
198385 15576
8455
14061
39540
513
8220
6939 262317 53067
30781
13760
395152
25227
6881
262317
39122
21232 15576
49375
6667
16347
8758 15576
2895
37100
263584
198290 6661
51185 174
53070
8607
13030 31424
52888
64463 174
12654 3252
28329
8896 174
37271
15435
31424
29140
42708
8283
6762 174 50877
12350 174
2497 6894
23106
51405
16735
6661 174
174 3252
3252
395766
31742
8218
20932
5392
8447
22356
15576
28220 28220
53067
6894
50877
