#src/zombie.py
# GMT Fri Sep 28 16:58:14 2018
# 
28138 16735
3549 3356 8468
14361 3356
513 6830
50300 174 31463
56730 31463
1280 701
1273 174 6667 1299 3216
30844 6939
58299 13030
6461 174 8218
13002 25091 41095
29222 3303
1221 4608 4637
9304 174
8422 3320 9189
9002 2914
1136 286 3333
35054 3303
13101 12586 174
62567 2914
8607 2914
7018 3356
14061 1299
20932 1299
2613 25091
34288 15576
5396 3257
6661 174 198290 24611
2603 3267 1299
12874 15605 3303
8758 15576 20612
4230 174 262757
8447 3320 6720
35699 174
58308 29075
34177 174
15435 1299
8359 3356 28917
59689 30781
25091
49605 1299
25152 23148
553 33891
3491 174
3267 2895
15576 3303 41562 196621 29691 198249
28917 39821
702 3252 701
16397 26615 263075
41095 3356
3356 2914 29608 3257 6762 6453 3356 8426 51185 174 680 4809
6720
8222 3320
15547 8220
198290
1853 1764
64396 174
37239 4809
9189
3257 174 12859 4589 1103 13237 29680
20080 2914
48526 5511
6939 1916 51395 52863
47872 2914
2497 4777 701
202194 198385
16347 2914
49463 174
198385 41562
29686 2914
29608
3252
34019 3303
38930 1299 8283
2895
24611 51405
37271 327995 4809
29680
39821
3216 20764
5511 174
34781 13030
263584 52863
262757
16735 12956 22548 174
8220 3320
6453
8283
31122 174
29075 50620 1299 174
1103
263075
12859 2914 30132
14840 52863
12586 57821 48039
8455 2914
2914 7575 174 30781 6762
29140 174
7575
12956 28220 174 18881 10429
51185
52873 52720 18881
19151 174
1764 174
4777
12654 1916 52863
3303 3320
50620
4637 174
12637 174
57118 29691
12779 174
4608
48039 8596
20764
13030 1916 1299
5392 174
13237
51395 59891
6762 174 26615 3320 52863
4134 701 4809
28329 52863
8426
50304 42708
286 174
263152 52863
174 41497 1916 12350 22652 24482 701 3320 25160 174 1299 6830 1836
263651 52863
20612
30132
59891
28220
680
31424 33891
29691
31463
12350
26615
196621
41562
23148 701
8468
701
8943 1299 50763
263674 52863
57821
22548
57381 42708
1836
30781
22652
6830 6830
8596
4809 4809 52863
25933 52863
42708 1299
8218
53070 10429
198249
1916
10429
6667
24482
15605
327995
41497
25220 3320
52720
3320 33891
51405
25160
33891
50763
4589
3333
1299
18881
52863
