#src/zombie.py
# GMT Mon Oct  1 05:56:32 2018
# 
52873 18881 52720
1916 2914
22548 3549
14061 1299
7018 3356
34781 13030
198545 3356 29152
8447 3320 6720
53070 10429
37239 4809
29075 174 50620
5396 6762
6453 3356
701 4134 3356 2497 174 702 1280
8468 3549
25220 3320
3252 702
16735 28138 12956 3549
57821 12586
3491 174 28513
30844 6939
35054 3303
35699 174
2895 3267
29691 57118 15576
3356 3356 6939 3549 8426 8732 41095 2914 12956 20932 30781 3320 9002 50300 34177 1836 1299 25074 51185 31463 680 174 29608 14361 8359
51405 24611
1853 1764
263321 263584 7738
4777 2497
13030 1299 58299
9189 25074
30132 12859
19151 6939 174 12654
8220 3320 15547
12956 47872 10429 18881 174 28220
52720
12859 9002
5511 174 48526
29152 58308
50300
15435 3257
37271 4809 327995
8222 3320
24611 6661
4230 28513 262757
52863 4809
198385 202194 41562
8426
12874 3303 15605
327995
59689 30781
12350 174
15547
29680 174
3333 1136
59891 51395
5392 3549
25933 3549
31463 56730
6939 51395
58299
1103 286
20562 9002
2613 25091
262317 10429
31424 33891
42708 50304 1299
513 3320
57118
50763 8943
41562 15576
12779 174
41095
2914 12637 3320 4713 9002 8455 25160 4589 174 29686 8607
553 33891
7738 3320
1299 31122 1273 12586 8943 49605 174 13237 62567
8607
198249 15576
1136 286
2497
263584
4637 1221 174
34177
29222 3303
4608 1221
15576 196621 3303 34288 8758
14361
62567
25160
4589
47872
262757
34288
56730
7575 6461
30781
3320 3320 4809 33891 1764 3303 13193 6661
8455
8943
1836
680
13002 20764 25091
8758 20612
48526
20764 8732
1221
28513
49463 13193
28917 8359
286 174
20080 6762
6461 174 8218
28220
34019 3303
12637
39821 9002
41497 3257
4713 25152
25152
18881
1273 6667
24482 174
64396 174
9304 3549
33891
202194
8359
13193
50304 57381
20932
3549 16397
51185
16397 263075
4134 4809
13237
49605
29140 174
8596 8596 1764
6661 198290
28329 6762
9002 12654
6720
12586
3303
22652 3257
25074
57381
174 3257 6762 16347 3267 174 38930
29686
702
29608
198290
28138
38930 8283
15605
8218
51395
263075
3257
8732
6667
4809
6762
10429
196621
12654
20612
16347
58308
31122
50620
8283
25091
3267
1764
1280
