#src/zombie.py
# GMT Mon Oct  1 06:18:15 2018
# 
52873 18881 52720
1916 174
22548 3549
14061 3356
7018 5511
34781 13030
8447 3320 6720
53070 10429
37239 4809
29075 58308 174 50620
5396 6762
701 4134 2497 1299 702
8468 3549
25220 3356
3252 702
48039 12586 8596
16735 52320 28138 1299
57821 12586
3491 3356 28513
30844 42708
35054 3303
6730 513 3356 6730
35699 174
2895 3267
29691 57118 15576
3356 3356 47872 1853 20932 3549 51185 8426 25160 41095 19151 1299 9002 680 49605 34177 24785 15547 5511 3267 22652 48526 28917 29608 174 14361 31463 8359 8422
51405 24611
1853
28917 39821 8359
4777 2497
13030 31424 51395 58299 1299 1836
9189 8422
30132 12859
45896 174
6453 5511
1239 4637 1299
12956 18881 5511 10429
263321 263584 7738
12859 42708
5511 2914 3257 286 6762 174 29608 6461 1299
50300 174
15435 1299
37271 4809 327995
24482 174
24611 6661
4230 28513 262757
52863 6762
8426
12874 3303 15605
327995
59689 30781
12350 174
15547
2613 6893
29680 174
3333 1136
20080 2914
5392 174
25933 3549
31463 56730
43100 29608
58299
1103 3257
20562 50304
198385 202194 41562
31424
42708 50304 42708 13101 1299
513
57118
50763 8943
41562 15576
12779 174
41095 13002
2914 30781 29686 1299 8607
553 680
7738 174
1299 52320 50304 3320 1273 8455 8943 13237 1280 38930 62567
8607
198249 15576
2497
263584
4637 1221
19151
26615 6762 16397
34177
6762 28329
4608 1221
15576 196621 3303 34288 8758
14361
62567
25160
4589 3257
47872
24785 1136 24785
262757
34288
56730
7575 6461
30781
3320 3303 8222 13193
59891 51395
8455
8943
1836
6893 25091
680
13002 25091
8758 20612
48526
8422
20764 8359
1221
28513
49463 13193
286
13101 12586
6461
28220 3549
34019 29608
12637 174
39821
41497 174
25152 1273
18881
1273 6667
8222
64396 174
9304 3549
202194
8359
52720
13193
50304 57381 12654 174 6661
20932
3549
51185
52320
16397 263075
4134 4809
13237
49605
29140 174
8596
6661 198290 174
28329
9002
6720
12586
22652
57381
174 31122 174 8218
29686
702
29608 12654
198290
28138
38930 8283
15605
8218 16347
51395
263075
3257
1136
6667
4809
29222 3303
10429
196621
12654
20612
16347
58308
31122
50620
8283
25091
3267
3303
1280
