#src/zombie.py
# GMT Fri Sep 28 21:27:41 2018
# 
15435 1299
1273 12713 25152 1299 6939
16735 12956
3549 52720 3356
6453 29686 174 15576
513 6830
50300 31463
56730 31463
1280 6939
20676 12586 3356
6661 3257 198290
680 3356 553
31122 3257
30844 6939
5580 22652 174
58299 13030
1103 286
34288 15576
12859 6939
6461 174 8218
13002 25091 20764
31424 6939
21320 3356 1853
202194 198385
12586 57821
8455 2914
29140 3257
7575 6939
52720
12956 6939 10429
9304 174
13193 1299 49463
8422 3320 9189
13030 1299 35369 34781 1836
9002 3356
3320 1299 3303
19151 174 3356 25152 6939
3303 34019 12874
21385 5539 6939
8607 2914
7018 174
28329 6939
5539 8763
59891 51395
57118 196621
14061 6939
20932 174
2613 6893
10429 263152 262317 53070
5396 6939
50763 8943
20764 8732 174 20764
8283 38930
202032 6939
12874 15605
8758 6939
22652
8447 1299 6720
48166 12389
51395 3257
62567 1299
6762 174
25091 6893
8426 6939
50304 42708
4657 6939 24482
262317
174 50620 15576 28917 2857 16347 3356 41497 29075 701 1916 29680 64396 2914 3257 12779 1257 5511 25160 29636 286 6667 37271 1299 198385
263651 6939
59689 30781
5511 48526
6667
701 2497
49605 6939
25152 2497 12654 23148 6939
553
6893
8763
15576 198249 196621 29691
28917
12654 6939
3356 29608 25220 15547 6939 31463 37271 30781
6720
29691
31463
1251 1916 28571
15547
198290
6881 25512
196621
8943 1299
263075 6939
64396
37239 37271
9189
23148 6939
29075
20080 2914
50620
1853
8928 10026
6939 51405 37640 264911 2497 1299 52863
47872 12713
25512 1299
57821
10026 1299
57381 42708
1836 20612
30781
2497
35369
8596 286
49463
198385
29686
29608
34781
51405
2857
34019
38930 1299
42708 1299
8218
53070
8732 1299
3257 4589
37271
198249
1916 52888
4844 2914 37989
37640
264911
29680
24482
15605
2914
41497
25220
28571
12779
1257 3333
263152
20612
12713
37989
25160
29636
16347
48526
286
4589
3333
52888
1299 6830 12389
6830 6830
12389
52863
