#src/zombie.py
# GMT Mon Oct  1 04:53:00 2018
# 
263584 263321
16685 22356 16685 4230
6762 20080 3216 20485 31463 2914 1299 12389 57111
6720 1853
41095 29208
35699 174
22356 28634
15605 12874
14907 38930
29075 15576 174
12307 57118
3333 12859
1103 286
22381 53070 4809
20612 9044
29226 2895 20485
6894 2497
8167 7738 25933
31025 12586 29208 29551
3491 64050 38001 2914 28513
22652 6453
3356 8359 8607 3549 9002 8455 5396 553 48526 5511 1299
29608 12654 5511 34019
680 29208
49605 3257
3549 5392 52873 263702
4809 4134
29686 6453
4230 28513
20932 174
37468 52720 174
6730 29208 6893
47692 33891
205206 16245
8896 174
37100 327782 174
29222 3303
34549 33891
39392 174 29504
51405 24611
20485
24611 6661
12654 6881 50304 39351
25160 174
8359 28917
38001
39351 42708 20562
29680 174
8220 3320 15547
513 6830
12874 3303
52873
8607
327782 327960
39821 28917
34177 29208
28917 174
263702
33891 31424 3320
5392
196621 8758
9304 174
56730 31463
6830 29208 6830
15576 29691 198385 21232 8758 34288 198249
1221 4637 4608
4608
20562
61568 263321 18881
43578 174
6461 2914 8218 7575
6667 174
23106 10429
23148 25152 701
34019
25091 29208
1239 4637 1299
6893 2613
3257 2914 1299 50300
30781 29208 59689
3252 29208
35054 3303
198290 6661
1299 12956 701 13030 8943 174 49375 38930 15435 14061 42708 6453 2914 50304 13237 5400
1764 3320 1853
198385 202194
40191 174 395766
29551 25220
31463
12859 50304 30132
38930 8283 174
53070
21232
1251 52888 20080
174 16245 37271 12637 51185 62663 24482 3303 19151 25512 6661 1836 50877 2914 64463 41497 9044 51395 29140 49463 174 16735 31742 1916 52320 12779 58299 13760 12350
6939 50304 14007
8943 50763
25933
16735 262757
31742
4777 2497
8222 3320
59414 13030
14061
3320 47147 2914
51395 59891
12779
5400 2110
58299
13760
263321
29691 57118
553
59689
6695 8426 29208
37497 29208
12637
266534 18881
62663 7738
395152 14007
52720
29208 2914 15685
16347 8218
25227 12389
20764 3216 41722
8426
20080
9002
50877
6881 15685 25512
50304 30844 6661
42708
4637
286 2914
50763
30132
9044
25220
202194
25152
2895
49463
7738
29504
7018 2914
15562 2914
52888
5511 3303 12956
2914 12956 4134 6453
198249
3216
701 2497 1280
59891
4134
47147
5396
48526
13237
57821 12586
12956 28220 10429 18881
16245
1916
37271
28634
51185
31424
24482
3303
49375
28220
19151
8455
327960
8283
8218 35369
12389
262757
15547
395766
2110 39122
6453
8758
64463
50300
41497
13030
1853
64050
12586
57118
12350
7575
34288
30844
14007
15685
35369
25512
39122
52863 52320
2497
41722
15435
1280
29140
57111
2613
52320
1836
10429
28513
6661
18881
