#src/zombie.py
# GMT Fri Sep 28 23:38:09 2018
# 
50620 174
6881 15685
37640 6939
31463 50300 56730
680 6939
196621 15576
1239 1257 1299
202032 6939
37989 4844
2613 6893
42708 6939 50304 57381
21385 5539 12654
30844 6939
12989 16735 53070 22548
20676 12586 3356
57381
1251 28571 1916
13193 3320 49463
8426 6939
28666 6939 262757
6667 174
8607 13030
6453 62567 1299
56730
202194 13030
262757
12637 174
25220 29551
20612 1836
9189 25074
52863 6939
37239 37271
12586 57821
6772 13030 15576
15547 3356
59891 51395
34781 13030
16347 8218
12654 6939 13030
50763 8943
52873 52720 18881
64396 174
59689 30781
264911 6939
8455 8283 13030
23106 52320
1103 3257
35369 13030
37497 6939
48526 5511
28917 6939
41497 174
22548
37468 37271
15435 174
50304
6461 7575 1299 8218 6939
15576
25074 6939
15605 12874
29680 174
21320 174 1853
53067 6939
1273 1299
8928 1299
3320 1299 31133 29551
8943 13030
3303 174 12874
1916 174
262317 6939
8763 5539
29636 174
28329 3549
20080 2914
12859 6939
701 6939 2497
44217 6939 47872
49605 174
513 6730
4589 13030
8218
6893 25091
1299 174 5511 12956 286 6762 3257 3356 2914 6939 7018 13030
25091 13002
6720 1853
31133 31261
14061 3356
286
29140 174
31261 41617
20932 174
31424 6939
198385 29075
48039 8596 174
34288 13030
37271 6939
49463
5396 6939
50300 174
7575
553 174
51405 6939
12874
29075 5511
1257 3333
13030 1836 198249 8758 58299 6939
198249
2857 174
25152 19151
15685 29208
62567
41617
47872
3333
30781 5511 34019
25160 174
1853
41722 20764
52720
7018
24482 174
13002 20764
5511 29608 5511
174 174 51395 12779 198290 20764 6730 52320 1280 31122 9304 19151 16735
34019
9002 3356
51395
22652 6939
12956 6762 16735 18881
8283
263152 6939
58299
18881
198290
8596
20764 20764
5539
29208 6939
3356 3549 6939
4844 2914
12779
29551
29608
1836
263651 6939
57821
29686 3257
28571
6730 6730
6762
8758
53070
52320
1280
31122
9304
3257
3549
2914
6939 263075
263075
19151
16735
2497
