#src/zombie.py
# GMT Sat Sep 29 12:36:21 2018
# 
19151 174 12654 2914 6939
41497 6939
3257 174 37468 12779 1103 29680
4657 24482 38001 6939
38001
34019 3303
41722 20764
12637 2914
20080 2914
16347 6939
263702 3549
1836 13030
262757 16735
8943 50763 1299
12956 52873 6939 10429
29686 6939
49463 6939
9304 6939
39351 6939
20932 6939
6830 174 59414
12586 57821 6939
59414
15562 2914
3320 174 47147 3303
7018 174
202032 6939
1251 1916 28571
553 3356
5511 174 29608 5511
28917 6939
45896 9002
29075 174 1299 15576
52320 52863 6939
1273 6667 1299
12859 9002 3333
2613 6939
50763
5400 2110 1299
12307 57118
2857 6939
14061 1299
264911 6939
52863
57821
286 174
37640 6939
2110 39122
680 1299
51405 6939
6461 8218 174 7575
4777 2497
50300 6939 31463
58299 6939
35369 1764
31463 56730
29636 2914
37989 4844
1916 174 52888
25152 6939
4844 2914
3491 174
56730
28634 22356
52873 52720
263152 6939
34288 15576
25160 174
30781 3356 59689
6720 8447
25091 6939
8426 3356
29608
20764 6939
6453 174
202194 198385
37468
15547 6939
3303
27715 22356 10429
198385 6939
57111 9002
9002 31424 2914 16735 12654
1103
513 6730
15435 6939
15605 12874
57381 50304
6939 59891 6939 49605 328206 30844 6881 262317 1764 20612 50620 198249 6730 198290 8607 263075 64463 8896 48526 12874 29140 29504 47692 20495 37239 31742 53067 25220 8447
8455 2914
8218
328206
50620
6881
31122 174
1764
3549 16735 3356
30844
1280 2914
21232 15576
198249
196621 15576
6667
47147
3356 22652 15576 174
8758 13030
22652
29680
1299 13030 174 38930 37271 42708 16735
6730 29691 6730
24482
198290
53070 10429
8607
29504
50304 42708
13030 12654
52888
64463
12654
8896
37271
262317
48526
12874
20612
29140
42708
263075
10429 23106
59891
8283 38930
6762 174
50877 174
47692
29691 57118
2497 2914
23106
39122
28571
2914 174
16735 263508
49605
59689
174 15576
20495
38930
52720
37239
25220
263508
31742
31424
7575
22356
15576
57118
12779
53067
8447
3333
