#src/zombie.py
# GMT Mon Oct  1 06:09:30 2018
# 
37468 37239 174
24611 6661 51405
8447 6720 2914
57821 12586
43531 24482 5413
34288 15576
198249 29691
28917 8359
22652 3356
198290 6661
41722 20764
34177 2914
8455 2914
8426 5413
4230 701 262757
20080 6762 1916 11096
31463 56730 21396
1267 15605 5413
11096 11537
8218 49463 5413
16735 22548 52320
12779 5413
8607 5413
37271 327995 2914
12350 174
7738 701 263321
12654 25220 6762 5413 2914 680
9044 59622 20612
3257 1299
47872 2914
263584 263321
41497 174
15576 47176 8758 196621 29691 8220 41562
51185 174
58299 15623
23106 52320
286 3356
50763 8943
28329 6762
38930 8283 16265
52320 2828
22548
1136 24785 3333
30781 34019 59689 2914
2895 29076
7575 24490
64396 174
6762 3356 52863 174
20965 11537 680
47176 25435
8758
8928 29680 5413
41617 8359
3333
3549 3356 52720
21396 5413
11537 22388
12956 28220 3356 22381
59414 6830
37100 327782 2914
2613 6893
25160 174
9304 174
25074 9189 5413
29075 174
23148 701 25152
1916 52888 174
20562 25220
52863
6893 25091
25091 13002
59891 51395
9270 24489 7660 9270
25152
29680
15605
9189
2828 5413
25435
7018 1299
327782 327960
30132 12859
5392 174
4608 1221
53070 22381
57381 50304
20764 13002 8359 25227
3303 3320 29222
4777 2497
37239
15547 34781 6830
20940 37497 5413
24489 24490 24489
35054 3356
3252 9002
24785 24785 41095
59622 6830
16265 5413
174 1299 19151 20932
3491 5413
8359 5413 29076
45896 3356
56730
2914 3356 16347 35699 29140 25220 1299 13237 12637 29686 5413 4589 6661 9002 1764
15435 1299
1299 3320 25220 6453 3356
12859 25220
1280 701
37497
29691
24490
263321
12586 31400
5413 62567 49605 13030 6939 8943 1103 4637 48526 41095 6667 15623 8220 50300 42708 9002 6830
6830
51395 6939
262757
3356 701 3356 14361 680 14061 553 29608 25220 5396 3320
49463
50300
29222
29140
327995
13237
8596 1764
48526
12637
2497 701
34019
22388 7660
50304 42708
29076
28220 28220
1221 4637
15623
1103
31400 31025
34781
42708
9002 39821
1836 13030
49605
13030 31424
7660
16347
20612
8283
14061
4637
20932
41095
41562 198385
202194 198385
327960
29686
51405
8220
3320 8222
6939
25220 30844 6661
29608
6661
52888
5396
8222
701
31424
35699
25227
62567
198385
553
19151
39821
196621
31025 680
6720
30844
59689
6667
24482
14361
680
6453
52720
8943
1764
4589
22381
13002
