#src/zombie.py
# GMT Mon Oct  1 04:56:12 2018
# 
37468 174
50620 174
29691 57118 15576
2857 174
52720 52873
202194 198385
62567 6453
174 64396 1836 37271 25512 19151 29680 29140 31133 198290 174 20932 12637 15576 13002 6667 1299 24482 25160 1280 6730 12779 9304 29636 29075 41497 50300 20764 16735 1916 1764
286 1299 34984 1103
12874 3303 15605
198249 15576
34984 44217
22652 6939
198290
56730 31463
61157 25074 3320
2914 14061 1299 20080 8455 9002
15435 6939
8455
12859 6939
1280
513 6730
37497 6939
31133 31261
20080
12956 1299 18881 10429 6939
31463 6939
25512 6881
15547 6939
1257 3333 1239
57821 12586
41497
50300
12586 6939
8218 6461 16347
16735 22548
2497 701
12779
5539 8763 21385
8607 6939
13002 25091
3356 48166 1299 680 6939 9002 553 48526 8732
264911 6939
37271 37239
4844 37989 6939
8763
49463 13193
6939 31424 59891 37640 8758 263152 2852 25220 58299 263075 28917 30844 263651 1299 262317 8426 29686 5511 51405 262757 1251 53067 202032 12654 31122
28917
2852 1853
25074 9189
42708 1299 50304 57381
3257 4589 8928 1299
47872 44217
6881
202032
44217
50304
8596 1764
48526
18881 52873
12637
15576 34288 196621
34019 3303
34288
15605
37989
12307 57118
58299
23106 10429
5511 29608 1299 5511 30781
1103
50763 8943
48166
57118
38930 1299 8283
1251 28571
680
22548
28571
31424
9002 49605
30781 59689
7575 6461
64396
701 1299
1836 20612
49605
13030 1299 12654
8758
16347
20612
8283
14061
3333
8732 20764
41722 20764
8928
4589
263075
13193 3320
20932
37640
263651
1764 35369
59689
25160
262317
29608
29686
9304
51405
29636
29075 198385
31261 41617
3320 1299 3303
21385 12654
25220
52863 6762
41617
1916
6762 1299
6893 25091 2613
25091
59891
2613
263152
198385
553
25152 19151
29680
19151
53067
1299 7018 6453 8943 6461 1239 1273
1239
196621
29140
6720 1853
30844
9189
7018
6667
24482
8426
1273
6730 6730
1853
6453
262757
31122
35369
8943
6461
53070 10429
57381
20764
3303
52873
12654
37239
10429
