#src/zombie.py
# GMT Fri Sep 28 17:21:41 2018
# 
50620 6939
29686 6939
12874 3303 15605
31463 50300 56730
59891 51395
196621 15576
1239 1257 1299
202032 6939
37497 6939
37989 4844
2613 6893
42708 50304 2603
21385 5539 2603
30844 21320
3320 13193 1299 3303 61157
25152 19151
1251 28571 1916
13193 49463
35369 13030
6667 174
8607 2603
6453 62567 1299 29608 6453
56730
202194 13030
9189 25074
262757 16735
12637 174
25220 6939
20612 1836
34288 13030
21320 6939 559 2603
52863 6762
37640 6939
680 3356
6772 13030 15576
15547 6939
34781 25091
2603 20562 2914 12859
12654 25091 559
50763 8943
25074 61157
64396 174
59689 30781
8943 2914
49605 174
6881 15685
8928 29680 10026
23106 52320
1103 286
16347 2914
1764 8596 174
22381 12989 53070
198385 29075
28917 6939
41497 174
22548 16735
37468 174
15435 174
559
6461 7575 1299 8218
61157
15576
8447 6939 6720
15605
29680
10429 12956 53067 264911
53067
20764 20764 41722 174 13002
12989 16735
3303 174 34019
41722
10026 174
1916 174
262317 6939
37239 37271
8763 5539
29636 174
264911
20080 2914
12859
57821 12586
701 1299 2497
44217 47872 3356
4589 3257
8218
6893 25091
1299 24785 174 5511 12956 286 6762 1273 3257 3356 2914 6939 7018 13030
25091 43100 6939 13002
6720
14061 2914
286
12586 6939
1273
7575
34019
20932 6939
29140 174
31424 6939
8426 3356
8455 8283 13030
37271 174
49463
5396 6939
50300 174
24785 20562
8359 41617 3356
29075 174
1257 3333
13030 1836 198249 58299
198249
57381 50304
15685 6939
62567
41617
47872
3333
30781 2914
25160 174
48526 5511
52873 52720 18881
7018
24482 174
13002
5511
174 174 51395 12779 2857 16735 52320 1280 9304 19151
43100
553 3356
2914 9002 4844 6661
51395
22652 3257
12956 6762 18881
58299
263152 6939
8283
18881
198290 6661
51405 6939
20562
50304 6939
5539
3356
4844
12779
52720
29608
1836
263651 6939
2857
8596
28571
6762
8758 6939
53070
52320
1280
31122 6939
9304
3257
9002
6939 263075
263075
19151
16735
2497
6661
