#src/zombie.py
# GMT Fri Sep 28 16:29:31 2018
# 
50620 174
6881 15685
12874 3303 15605
31463 50300 56730
680 174 553 680
196621 15576
1239 1257 1299
202032 6939
37497 6939
37989 4844
2613 6893
42708 6939 50304 57381
21385 5539 12654
30844 6939
12989 16735 22548
20676 12586 3356
57381
1251 28571 1916
13193 3320 49463
28666 6939 262757
6667 174
8607 13030
6453 62567 1299
56730
202194 198385
262757
12637 174
25220 6939
20612 1836
9189 8422
52863 6939
37640 6939
12586 57821
6772 13030 15576
15547 6939
59891 6939
34781 13030
35369 13030
12654 6939 13030
50763 8943
52873 52720 18881
64396 174
59689 30781
8943 1299 8943
49605 3356
15605
23106 10429
1103 286
16347 8218
1764 8596 174
48526 174
28917 6939
41497 174
22548
15435 174
50304
6461 7575 1299 8218
15576
2857 174
29680 3257
10429 12956 53070
53067 6939
8928 10026
3320 1299 31133 3303 6939
3303 34019
10026 6939
20932 174
262317 6939
37239 37271
8763 5539
29636 174
264911 6939
20080 2914
12859 6939
701 1299 2497
44217 47872 6762
28329 3549
513 174
4589 2914
8218
6893 25091
1299 1273 174 14061 12956 286 6762 3257 2914 6939 7018 13030
25091 13002
6720 1853
31133 31261
14061
286
29140 174
8422 13030
31261 41617
34019
1916 174
31424 6939
198385 29075
8426 6939
8359 20764 3356
37271 3356
49463
5396 6939
50300 174
7575
34288 13030
29075 174 6762
1257 3333
13030 1836 29608 198249 58299 8455 29208
22652 6939
25152 19151
15685 29208
62567
41617
47872
3333
30781 3356
25160 174
1853 2852
7018
24482 174
2852 6939
13002 20764
1273
174 174 12779 1280 31122 9304 19151
553
9002 2914
198249
12956 16735 18881
8283 8455
263152 6939
58299
18881
198290 6661
51405 6939
8596
20764
5539
29208
3356 3549 6939
4844 2914
12779
52720
29608
1836
263651 6939
57821
29686 6939
28571
6762 6939
8758 6939
53070
8455
1280
31122
9304
3257
3549
2914 6661
6939 263075
263075
19151
16735
2497
6661
