#src/zombie.py
# GMT Fri Sep 28 19:24:45 2018
# 
12654 19151 9002
28138 16735
3549 28220 9304 22548 16735 8468 25933 45896 3356 52720 5392
14361 3356
513 3320
50300 3356
56730 51945
1280 701
25074 9189 3356
15435 1299
30844 9002
58299 13030
6730 3320 6893
13002 25091 20764
25220 3320
29222 3303
1221 4608 4637
10429 53070 12956
9304
9002 2914 12859 13101 39821 20562 3356 6661
1136 24785 3333
35054 3303
13101 12586
62567 1299
8607 3356
7018 174
14061 3356
20932 3356
2613 6893
34288 15576
41497 174
6661 3320 198290 24611
2603 3267 1299
12874 15605 3303
8758 15576 20612
4230 262757 701
8447 3320 6720
35699 174
58308 29075
34177 3356
9189
8359 3356 28917
59689 30781
25091
49605 3356
25152 19151
553 33891
3491 3356
3267 2895
15576 198249 29691 196621 41562 3303
28917
702 3252 701
41095 3356
3356 680 6453 30781 5396 22652 6939 3257 3356 701 3320 12956 8426 47872 174 1836 5511 1299
6720
8222 3320
15547 8220
198290
20562
1853 1764
64396 174
37239 4809
327995 37271
3257 1103 174 31122
15605
7738 174 263321
48526 5511
6939 51395
47872
2497 4777 701
202194 198385
16347 8218
49463 13193
198385 41562
29686 2914
29608 6453
3252
45896
38930 1299 8283
2895
24611 51405
37271 4809
29680 174
263321 263584
39821
262757
5511
29140 174
263584
51945 174
16735
8220 3320
6453 6453
8283
31122
29075 50620 174
1103
12859 30132
12586 57821 48039
8455 2914
7575 2914
12956
13193 3320
51185 174
19151 174 38861
3303 3320
1239 4637 174
4777
4657 38861 24482
1764 3320
50620
4637
12637 174
57118 196621
12779 174
4608
50763 8943
20764 8732
13030 1299 34781
13237 1299
51395 59891
6762 174 28329 52863
28329
8426
50304 42708
286 174
174 8218 24785 1916 12350 2914 1299 701 25160 174 6667
20612
30132
6893
28220
680
31424 33891
29691
12350
41562
196621
8468
701
8943 1299
57821
22548
57381 42708
1836
30781
22652
8596 48039
4809 3320
34781
25933
42708 1299
8218
53070
38861
198249
1916
24785 24785
5392
6667
24482
20080 2914
2914 3320 4589
5396
59891
52720
3320 3320 33891
51405
25160
8732 1299
33891
48039
4589
3333
1299
52863
