#src/zombie.py
# GMT Fri Sep 28 20:03:39 2018
# 
1273 48526 6667 1299
3549 3356 8468 25933
14361 6830
513 20965 6730 513 3320 12654 6830 21320
50300 3356
56730 31463
1280 1299
15435 1299
30844 21320
58299 174
6730 35054 6730
28329 6762
13002 25091 20764
29222 3303
1221 4608 4637
22388 7660 11537
10429 262317 12956 53070
9304 174
8422 9189 3356
9002 3356
1136 24785 3333
6453 3320
62567 1299
8607 3356
7018 3320
1836 13030
59891 51395
14061 1299
20932 1299
2613 6893
34288 15576
41497 174
6661 174 198290 24611
2603 20562 3267 12859 1299 21320
202032 35054
12874 15605 3303
8758 15576 20612
4230 262757 701
8447 3320 6720
26615 26592 6762
34177 3320
9189
8359 3356 28917
59689 30781
49605 1299
25152 6939
553 680
3491 6830
3267 2895
15576 3303 196621 29691 41562 198249
28917 39821
702 3320 3252
16397 263075 26592
41095 3356
3356 29608 680 3320 3356 8426 25160 51185 31463 30781 24785 6830 1853
6720
8222 1299
15547 1299
198290
20562
1853
64396 174
37239 4809
327995 37271
3257 29686 31122 4589 3320 1103 22652
15605
7738 3320 263321
48526
6939 1299
47872 12956
34019 3303
2497 4777 701
202194 198385
38930 1299 8283
49463 13193
198385 41562
29686
29608
3252
35699 174
16347 29075
2895
24611 51405
24489 24490 9270 24489
37271 4809
29680 174
263321 263584
39821
29551 1299 25220
34781 13030
263584
43100 35054
262757
9270 9270 7660
28138 16735
16735 12956 22548
35054 12654 3303
8283
680
31122
29075 50620 1299 58308
1103
263075
12859 30132
26592
21320
12586 57821 1299
8455 1299
7575 24490
12956 28220 3320 6830 18881
13193 1299
51185
52873 52720 18881
7660
19151 174
3303 3320
1239 4637 3320
4777
12654
58308
50620
4637
12637 174
57118 29691
12779 174
4608
50763 8943
20764 8732
24490
13030 51395 1299 31424
13237 3320
51395
6762 5396 20080 3320 6830
4134 701 4809
25091 6893
8426
50304 57381 42708
52720
174 29140 3320 5392 174 1764 12350 6830 24482
20612
30132
6893
28220
29140
31424
29691
31463
12350
41562
196621
27750 1916 11537
8468
701 6830
8943 1299
57821
22548
57381
11537 20965
30781
22652
6830
8596 1764
4809 52863
25933
42708 1299
8218 3320
53070
8732 1299
198249
1916
24785 24785
5392
1299 3320
24482
20080
2914 3320
5396
25220
1764
262317
3320 286
20965
51405
25160
286
4589
3333
6667
18881
52863
