#src/zombie.py
# GMT Sat Sep 29 13:41:17 2018
# 
41497 6762
6667 1273
16245 174 205206
41722 20764
20080 2914
7473 4635 4844
49605 174
263152 6939
8943 50763 1299
12956 174 18881
29686 6453
49463 13193
38001 4657
8732 20764 6762
3320 174 33891 47147 3303
202032 6939
52320 12859 3257 1299 6939 174 52863 16735
1273 1299
328145 328206 6774
263075 6939
12307 59414
39351 174
37640 6939
2110 39122 5400
59689 30781
50300 31463 6939
58299 13030
1251 1916 28571
28917 1299
1916 52888 262375
25152 23148
4844 37989
56730 31463
266534 18881
25160 174
6720 8447
29608 6453
20764
13193 1299
6453 174 6453 22652
37468 262375
15547 1299
50763
9002 4635
1103 3257
3491 174
5396 6939
57381 42708
50877 6762
328206
50620 174
18881
553 1299
1280 2914
198249 13030
196621 15576
47147
3356 174 30781 3549 5400 8426
13101 174 34549
22652
1299 50304 16735 174 15685 14061 680 15435 20676 42708 8365 6939 29551
24482 4657
50304
4230 174 262757
34019 29075
48526 174
12874 15605 6762
59891 6939
263702 18747
33891 47692
9304 4635
47692
29691 13030
2914 15562 2497 29636 25091 174 30844 35266 16347
20932 174
52720 12654 52873 16735
25220 29551
29140 174
7575 6461
262375 3549 52873 14840
12637 3303
3257 174 6762
20676 12586
6774 174
29680 174
2828 174 23148
34549
1836 20612 13030
262757
30844
205206
20612
1239 174 4637
6830 174 513 6830
7018 174
680
15562
12586 57821
206356 199714
14840
60501 6762
29075 174
4635 6939
12859 3333
2613 6939
57111 6939
8365 2857
15685 6881
52863 12654
57821
19151 174
4637 4657
28571
22548 3549
31463
16735 263508
37989
6461 8218 174
52873
6661 174 198290
34288 13030
59414 13030
35369 13030
25091
8426
202194 13030
29504 39392
14907 13030
3303
198385 15576
8455 20495 13030 8283
14061
513
15605
8220 6939 15576
6939 8607 51405 13030 31424 6939 53067
30781
8218
5400
6881
31122 174
39122
35266
21232 13030
4657
18747 174
16347
3549 23106
198290
8607
13030 199714
52888
64463 174
12654
8896 174
37271 174 37239
15435
31424
12779 174
42708
199714
8283
6762 8447 174
39392 174
29551
2497 4777
23106
2857
51405
286 174
29636
4777
174 31742 174 6894
20495
37239
263508
31742
15576
3333
53067
6894
8447
23148
