#src/zombie.py
# GMT Mon Oct  1 06:33:41 2018
# 
37468 37239 1299 174
24611 6661 51405
57821 12586
28917 8359
22652 174
198290 6661
34177 3356
8455 1299
8426 3356
20080 6762 1251
31463 56730 3356
50300 3356
8218 6461
16735 22548 12956
12779 174
8607 2914
37271 327995 2914
12350 174
7738 701 263321 8167 286
12654 25152 6939
3257 12859 29686 9304 25152 1103 29140 4589 41497 12586 13237 174 12637
47872 3356
263584 263321
41497
15576 3356 41562 8758 196621
51185 3356
286 174 1136 19151
23106 52320
50763 8943
28329 6762
38930 1299 8283
52320 1299
22548
1136 3333
30781 3356 59689
2895 29076
4777 2497
64396 174
6762 29075 2914 52863 5396 174
8758
41722 20764
3216 20764 1273
1764 8596 1853 3320
41617 31261
3333
8732 20764 3356
3549 3356 5392 52720
4637 1221 174
29222 3303
37100 327782 174
2613 6893
25160 174
9304
25074 3356 9189
29075 58308
1916 2914
52863
6893 25091
25091 13002
59891 51395
15605 12874
29680 174
25152 19151 6939
9189
12389 3491 31261 25227 29076
7018 174
327782 327960
30132 12859
1273 6667 8468 1299 174
5392
4608 1221
53070 22381
553 3356
20764 13002
3303 12874 3320
7575 2914
1853 6720
37239
15547 8220
29691 13030
25933 8167
35054 3356
3252 174
12874
174 701 3356 49605 12956 19151 3491 45896 48526 2914 1299 20932 6453 6461 3320 6661 6830
3491
8359 3356
45896
56730
2914 35699 3320 37497 19151
15435 1299
1299 4809 42708 8943 6939
12859
1280 701
513 6830
37497
202194 13030
12956 28220
8167
12586
263321
6830 6830
51395 6939
262757 28666
3356 62567 16347 14061 3356 41095 14361 680 8220 29608 9002
4134 701 4809
49463 13193
28666 4809
29140
327995
13237
8596 8596
48526
12637
2497 701
34288 13030
50304 42708 57381
29076
28220
1221
1103
31261
1251 52888
42708
9002 39821 19151
62567
49605
13030 1836 31424 19151
16347
20612 1836
8283
14061
13193 3320
20932
41095
41562 198385
59689
327960
29686
51405
8220
3320 25220 8222
6939 30844
25220
29608
6661
52888
5396
8222
701
31424
35699
25227
198385
57381
19151
39821
58308
196621
6720
30844
1836
6667
24482 6453
8468
14361
680
6453
52720
8943
6461
4809 22381
4589
22381
13002
