#src/zombie.py
# GMT Fri Sep 28 17:02:05 2018
# 
59891 51395
1273 12713 1299
16735 12989 1299 174
4230 262757 701
3549 52720 3356
6453 3320 1299 3356 9002
513 6830
50300 174 31463
56730 31463
1280 701
25074 9189 6939
6661 2914 198290
15435 1299
31122 6939
30844 9002
13030 6772 51395 8455 1836 34781 58299 34288 1299 35369 29691 198249
58299
1103 3257
263075 6939
12859 9002
6461 3356 8218
13002 25091 20764
31424 6939
21320 174 1853
202194 198385
12586 57821 20676
8455 8283
29140 174
5396 6939
9304 174
13193 1299 49463
9002 2914 43100 12654 3356
19151 174 25152
3303 34019 12874 3356 3320
1239 3356 1257
62567 2914
20612 1836
7018 3356
28329 6939 263674
5539 8763 21385
53067 6939
14061 1299
57118 196621
12779 174
20932 3356
2613 6893
37640 6939
41497 174
50763 8943
20764 8732 174 49605 20764 12654 3356 6939
8283
202032 6939
12874 15605
20676 3356
8758 6939
21396 6939 31463
50620 6939
48166 12389
12989 53070
35369
8607 6939
6762 174 52863
263651 6939
25091 6893
8426 6939
50304 42708
263152 6939
174 25512 2857 3356 48039 29075 29680 24482 64396 2914 3257 5511 25160 29636 174 286 37271 6667 198385
9189
59689 30781
5511 48526
263674
48039 8596
49605
25152
553 680
6893
6772 15576
8763
15576 196621
28917 6939
29608 6939
12654 6939
3356 2914 3257 6939 680 30781 1299 6830
6720 1853
29691
31463
1251 1916 28571
15547 6939
198290
6881 25512
196621
8943 1299
52720
64396
37239 37271
3257 22652 4589
29075
20080 2914
701 703 2497
1853
8928 10026
680
6939 51405 264911 4844 7575 703 25220 262317 57463 1299 21385
47872 12713
25512
57821
1299 42708 10026 8732 12389
10026
57381 42708
1836
30781
22652
6830 6830
8596
49463
198385
29686 57463
21385
34781
51405
2497
2857
34019
16347 2914
42708
8218
53070
8732
37271
198249
1916 2914
4844 37989
34288
264911
29680
24482
15605
2914
703
25220
28571
1257 3333
262317
3320
12713
37989
25160
29636
51395
7575
48526
286
57463
4589
3333
43100
6667
262757
12389
52863
