#src/zombie.py
# GMT Mon Oct  1 05:14:39 2018
# 
263584 263321
16685 22356 16685 4230
7018 3356
6720 8447
35699 174
22356 28634
15605 12874
14907 1257
29075 15576 6762
202032 6939
3333 12859
1103 3257
22381 53070 4809
57866 8283 6762
8167 7738 25933
3491 7738 38001 64050 28513 174 3356
22652 6453
3356 1764 12956 41095 37100 6730 3292 16347 174 286 8359 3257 5511 25091 1299 8426 3549 3320 9002 2914 4230
29608 20485
680 1299
49605 3257
3549 5392 52873
4809 4134
29686 6453
4230 28513 262757
6939 34019 63297 53067 262317 20764 28929 264911 263508 263075 14840 58299 45896 263152 37640
20932 1299
28634
31424 13030
53067
47692 33891
205206 16245
8896 174
37100 327782
29222 3303
39392 174 29504
51405 20764
20485 20485 3303 41722 57111
12654 3252 41095 20764 41722
25160 174
1273 6667 1299
8359 20764 28917
38001
198290 6661
1257 1239
29680 174
8220 3320 15547
513 6730
12874 3303
52873
8607 41095
327782 327960
39821 9002
264911
34177 174
28917
1764 35369
5392
196621 15576
9304 174
56730 31463
15576 29691 198385 21232 8758 34288 198249
1221 4637 4608
4608
20562 20764
61568 263321 18881
43578 1299
20612 1836
263152
23106 10429
34019
29504
25091
1239 174
3257 12586 174
30781 5511 59689
3252 174
35054 3303
39351 174
1299 553 8455 37497 29551 15435 13030 174 49375 8447 8943 15685 12389 14061 5400 50304 13237 1299
33891 3320
198385 202194
40191 174 395766
29551 25220
31463 6762 50300
12859 30132 20764
28929
53070
21232
14840
1251 52888 20080
174 4637 12637 51185 20764 29140 16735 12350 6762 24482 174 19151 701 31742 13760 12779 1916 8218 37468 48526 51395 1836 6453 4134 64463 6661
286
8943 8943 50763
2895 41722
16735 266534
31742
13237
39540 57118 12307
8222 3320
59414 13030
14061
3320 47147 3303
51395 59891
12779
5400 2110
58299
13760
263321
29691 57118
553
59689
37497
12637
262317
266534
395152 63297
263075
52720 37468
3292 16245
16347
25227 12389
45896
31133 6762 41722
20764 30844
12389
8426
20080 6762
9002
50877 6762
2914 15562 7575
50304
4637
50763
63297
30132
25220
202194
25152 19151
25933
49463 8218
57821 12586
6730 6893 6730
6762 52863 41497 6762 5396 37271
15562
52888
5511
6881 15685
198249
701 2497 1280
59891
4134
15435
47147
37640
5396
48526
4777 2497
12956 28220 10429 18881
16245
1916
37271
41095
51185
37468
6893 2613
3303
49375
28220
19151
8455
327960
6661
8218
12307
6667
262757
15547
395766
2110 39122
6453
8758
64463
50300
41497
13030
64050
12586
24482
57118
12350
7575
34288
30844
15685
35369
8447
39122
52863
2497
41722
7738
1280
29140
57111
2613
263508
1836
10429
28513
8283
18881
