#src/zombie.py
# GMT Sat Sep 29 11:19:37 2018
# 
12637 174
41497 174
3257 1103 5511
4657 3491 38001
20676 12586 3356
34019 29075
6774 328145 5511
41722 20764
6762 2914 8732 5511
20080 2914
1853 21320 6720
25512 174 6881
16347 2914
263702 3549
1836 20612 13030
262757 6939
8943 50763 1299
198249 13030
29686 2914
49463 174
20612
20932 174
38001
12586 57821
8732 20764
59414 13030 12307
15562 12654 2914
3320 47147 5511
7018 5511
202032 6939
1251 1916 28571
553 174
5511 2914 3491 174 286 1299 6939 29608 6453
51395 59891 174
29636 174
29075 174 15576
52320 23106 52863 16735
1273 1299
328145 328206
2613 6939
50763
263075 6939
12307
14061 3356
264911 6939
52863
57821
286
37640 6939
24482 174
680 3356
51405 6939
6461 8218 1299 7575
22548 6939
50300 174 31463
58299 13030
31463 56730
28917 1299
37989 4844
1916 174 52888
4844 2914
25152 2497
3491
56730
28634 22356
263152 6939
34288 13030
25160 174
39392 29504 174
35369 13030
25091 3356
8426 3356
29608 12654 43100 174
20764
6453
202194 13030
29504
15547 3356
3303 174 12874
12859 42708 3333
198385 15576
57111 42708
9002 2914
1103
19151 174
513 6730
5396 6939
6939 262317 8607 31424 3356 22652 39351 6939 9304 53067
8455 20495 13030 8283
8218
328206
15605 12874
50620 174
6881
31122 174
39122 174
3549 3356
30844 39351
1280 2914
21232 13030
31742 174
196621 15576
6667 174
47147
3356 1299 30781 33891
8758 50304
22652
29680 174
1299 701 42708 174 49375 13030
6730 174 6730
43100
198290 174
4777 2497
6720
262317
50304 12654 42708
13030 29691
52888
64463 174
12654 39351
8896 174
37271 174 37239
15435 174
48526 174
12874
31424
29140 174
39351 174
701 2497
59891
8283
33891 47692
9304
50877 174
47692
29691
2497
23106
2857 174
8607
28571
2914 25220
16735 174 263508
49605 174
59689 30781
174 37468 174 12779 21320 22356
20495
37468 52720
52720
37239
25220
263508
21320
22356
15576
30781
12779
3333
53067
49375
7575
42708 42708
