#src/zombie.py
# GMT Mon Oct  1 05:18:24 2018
# 
52873 18881 52720
1916 174
22548 16735
14061 1299
7018 3356
34781 13030
198545 29152 174
59891 51395
53070 10429
37239 4809
29075 174 50620
5396 6762
6453 3356
701 3356 2497 4230 702 2914 1280
8468 13101 37497 12654 3549 20562 30844 8607
3252 702
48039 8596 3320
16735 52320 12956 28138
57821 12586
3491 12389 2914
30844
35054 3303
35699 174
2895 29076
29691 57118 15576
3356 3356 3549 8426 3257 8732 286 6762 2914 12956 8607 3320 9002 680 1299 5511 31463 41095 174 29608 14361 8359
51405 24611
1853 6720 1764
58299 13030
4777 2497
13030 31424 51395 1299 1836
9189 8422
1764 8218
19151 174 25152
8220 5511 15547
1239 4637 7738 2914
12956 18881 28220 10429
52720
12859 30132 9002
37497
53067 10429
5511 30781 48526 2914
29152 58308
50300 2914
15435 1299
37271 4809 327995
8222 3320
24611 6661
4230 262757
52863 4809
198385 202194 41562
8426
12874 3303 15605
327995
59689 30781
12350 174
15547
29680 174
3333 1136
20080 2914
5392 174
25933 3549
31463 56730
263321 263584 7738
1103 286
29076 12389
20562
2613 6893
31424
42708 50304 1299
513 3320
57118
50763 8943
41562 15576
12779 174
30132
41095
2914 7575 3320 9002 51185 8455 3257 4589 4134 6762 174 29686 12654 1299 8607
553 680
7738
1299 1273 8943 49605 13237 38930 62567
8607 12654
198249 15576
8732 20764
2497
263584
4637 1221
26615 6762 16397
29222 3303
15576 196621 3303 34288 8758
14361
62567
25160 174
12389
8943
47872 6762
24785 1136 174 24785
262757
34288
56730
7575
30781
3320 3320 25220 8422
8455
34177 174
1836
6893 25091
680 174
13002 174 25091
8758 20612
48526
8422
20764
1221 4608
49463 8218
28917 8359
286
13101 12586
25220
28220
34019 3303
12637 174
39821 9002
41497 174
25152
18881
1273 6667
24482 174
64396 174
4589
9304 174
202194
8359
4608
50304 57381 174
20932 174
3549
51185
52320 174
16397 263075
4134 4809
13237
49605
29140 174
8596
6661 198290 174
28329 6762
9002 12654
6720
12586
22652 3257
57381
174 31122 174 3303 8218
29686
702
29608
198290
28138
38930 8283
15605
8218 16347
51395
263075
3257
1136
6667
4809
6762
10429
196621
12654
20612
16347
58308
31122
50620
8283
25091
3303
1280
