#src/zombie.py
# GMT Mon Oct  1 05:46:55 2018
# 
29608 3356
50620 174
8422 3356 9189
2857 174
12989 16735 53070
264911 6939
57821 12586
62567 3356
174 64396 3356 25512 25160 9304 19151 2914 29075 41497 24482 1764
43100 9002
286 3356
12874 3303 15605
198249 13030
28917 1299
22652 6939
8359 20764 3356 41617
198290 6661
56730 31463
41722 20764
2914 3356 6461 3320 12956 1299 20080 8607
15435 1299
8455 8283 13030
12859 9002
1280 1299
513 6730
37497 6939
20080
16347 6939
31463 21396 50300
25512 6881
15547 3356
1257 3333 1239
41497
50300
12586 20676
8218 6461
16735 22548 3549 4809
2497 701
12779 6939
5539 8763 21385
8607 3356 12654 6939
51395 3257 59891
262757 28666
3356 701 6762 49605 553 14061 20676 3257 48526 7018 1299 680 6453 3549 6939 25220 21320 9002 30781
37271 37239 6939
4844 37989 6939
8763
34288 13030
49463 13193
21385 6939
6661 6939
28666 4809
29140 3257
42708 1299 50304
3257 29636 1103 4589 31122 12637
6881
52863 6939
262317 6939
8596 1764
48526
18881 52873 12956
12637
15576 6772 196621
34019 3303
1916 1251 6939
37989
50304 57381
58299 13030
23106 3549
1103
50763 8943
34781 13030
28329 3549
20612 1836
15605
1251 28571
680
22548
28571
31424 6939
1273 6667 1299
30781 59689
7575 6461
64396
701 23148
1836 13030
49605
13030 35369 6939 6772
1853 21320 6720
8758 6939
12956 6939 10429
8283
14061
3333
8928 1299
3549
9189
263075 6939
21396 6453
13193 1299
20932 6939
37640 6939
263651 6939
1764
59689
25160
51405 6939
4589
29686 6453
9304
7018
29636
29075 198385
23148 25152
3320 6730 3303
6939 263152 202032 29680 1239 8426 12654 5396
25220
202032
21320
41617
5396
53070
6762
6893 25091 2613
25091 13002
59891
2613
263152
198385 202194
553
25152
29680
19151
53067 10429
1299 8943 6453
1239
196621
20676
37239
6720
30844 9002
202194
13002 20764
6667
24482
8426
6730 6730
9002 6453 12654
6772
6453
52720 52873
35369
8943
6461
4809
57381
20764
3303
52873
12654
31122
10429
