#src/zombie.py
# GMT Fri Sep 28 21:20:45 2018
# 
25512 1299 6881
16735 12989 52320
21396 6939 31463
6453 29686 174 62567
513 6830
50300 174
56730 31463
1280 1299
20676 12586 3356
44217 6939 47872
15435 174
31122 6939
29075 174
58299 13030
1103 286 3333
28329 6939
12859 6939
6461 174 8218
13002 25091 174
31424 6939
21320 174 1853
202194 198385
12586 57821
8455 13030 8283
3549 52720 3356
29140 174
7575 6939
9304 174
13030 6772 51395 34781 1836 1299 35369 29691 198249 34288
9002 2914
19151 174
3303 34019 174 12874
21385 5539 6939
20612 1836
7018 174
5539 8763
59891 51395
57118 196621
14061 1299
20932 174
2613 6893
30844 6939
34288
5396 6939
50763 8943
20764 174 20764 12654 3356 6939 8426
6661 174 198290
202032 6939
12874 15605
25074 2914 9189
8758 6939
2497 25152 6939 701
50620 6939
12989 53070
35369
8607 6939
6762 174
25091 6893
8426
50304 42708
4657 6939 24482
62567
174 680 12779 2857 3356 41497 48039 2914 1299 3257 5511 25160 29636 29680 174 286 6667 37271 22652 64396 49463 198385
263651 6939
52320 2914
48039 8596
49605 1299
25152
553 680
262317 6939
6893
6772 15576
8763
15576 196621
28917 6939
29608 5511
12654
3356 2914 37271 701 5511 1299 6939
6720 1853
29691
31463
1251 1916 28571
8283
15547 6939
198290
6881
196621
8943 1299
52720
64396
37239 37271
9189
3257
20080 2914
701
1853
8928 10026
680 680
6939 51405 37640 264911 263152 52863
47872
57821
10026 1299
57381 42708
1836
1273 1299
30781 5511 59689
22652
6830 1299 6830
8596
49463
198385
29686
29680
34781
59689
51405
2857
34019
16347 8218
42708 1299
8218
53070
37271
198249
1916 52888 2914
4844 2914 37989
37640
264911
1299
24482
15605
2914 4589 25220
41497
25220
28571
12779
263152
5511 48526 5511
37989
25160
29636
51395
48526
286
4589
3333
52888
6667
52863
