#src/zombie.py
# GMT Fri Sep 28 21:15:41 2018
# 
28138 16735
3549 3356 8468
14361 209
513 6730
50300 174
56730 31463
1280 701
1273 6667 1299
30844 6939
58299 13030
6730 174 6730
6461 2914 7575 8218
13002 25091 20764
25220 29551
29222 3303
1221 4608 4637
10429 262317 53070 12956
9304 174
8422 3320 9189
9002 1136 20562 12654 3356 12859
1136 3333
35054 3303
62567 1299
28329 262589
7018 2914
14061 1299
20932 174
2613 25091
34288 15576
41497 174
6661 174 24611
12874 15605 3303
8758 15576 20612
8447 3257 6720
26615 26615 16397 6762 25933
58308 29075
34177 174
15435 174
52320 1299 16735
25091
49605 1299
25152 23148
553 680
29075 174
50763 8943
15576 198249 29691 196621 41562 3303
28917 1299 174 39821
702 3252 701
16397 263075
41095 3356
3356 2914 51185 174 8607 47872
6720
8222 3320
15547 8220
198290 174
20562
1853 1764
64396 174
37239 4809
9189
3257 2914 12586 8455 1103 22652 4589
20080 6762
7738 6453 263321
48526 5511
6939 1299
47872
2497 4777 701
202194 198385
16347 8218
49463 174
198385 41562
29686 6453
29608 174
59689 30781
3252
34019 3303
38930 174 8283
2895 29076
24611 51405
37271 327995 4809
29680 174
263321 263584
39821
5511 2914 8220 30781
29551 1299
29140 174
263584
52888 1916
16735 12956 22548 1299
8220
6453 2914 8426 24482
8283
31122 174
3491 2914 12389
1103
263075
12859 30132
12586 57821
8455
7575
12956 28220 2914 18881
51185
52873 52720 18881
19151 174
1764 174
1239 2914 4637
4777
12654 2914 8607
3303 3320
50620 174
4637
12637 174
57118 196621
12779 174
4608
262589 1299
20764 174
13030 51395 1836 1299 34781 31424
13237 1299
51395 59891
6762 5396 2914 31463
4134 2914 4809
8607 2914
8426
50304 174 57381 42708
286 2914
262317
174 680 5392 12350 1916 2914 35699 25160 174 48039
48039 8596
20612
30132
28220
680
31424
29691
31463
12350
41562
196621
23148 701
8468
701 2914
8943 1299
57821
22548
57381
1836
30781
22652
327995
8596
4809
34781
25933
42708 1299
8218
53070
198249
1916
5392
1299 2914
24482
15605
2914 209 3320
5396
59891
52720
3320
51405
25160
35699
29076 12389
209
4589
3333
6667
18881
12389
