#src/zombie.py
# GMT Mon Oct  1 04:26:12 2018
# 
52873 18881 52720
1916 2914
14061 1299
7018 174
34781 13030
6881 15685
30844 13030
53070 10429
12389 1299 48166
37239 37271
24611 51405 3549
37989 4844
8763 5539
5396 6939
8426 6453
4230 262757 2914
701 3356 1280 174 2497
6461 174 8218
263674 28329
20932 174
2613 6893
21320 174 1853
6772 13030 15576
3320 3303 6453
16735 52320
59891 51395
4844 2914
8455 13030 8283
3549 3356 4809 28329
57821 12586
263152 6939
1836 13030 20612
6893 25091
680 553 3356
56730 31463
35369 13030
13002 20764 25091
16347 2914
8758 6939
29075 174
29636 2914
3356 9002 22652 5511 31463 6939 174 19151 37271 25074
51405
1251 20080 28571
1853 6720
28917 1299
21385 6939 5539
6830 513 6830 174
29680 174
49463 13193
25160 174
286 174 1103
21396 31463 6939
29608 5511
202032 6939
19151 6939 174 12654
8943 1299 50763
29691 13030
6453 174 9002
25220 29551
29551 1299
1239 174 1257
12956 18881 174 10429
34019 3303
13030 198249 51395 58299 12654 34288 1299
15685 29208
41497 174
25152 1273
12859 9002
1273 12713 1299
24482 174
10026 8928 1299
6720
48166
9304 3257
5511 5511 6939 174 30781 48526
6939 262317 31424 264911 263075 28329 37640 12654 8607
202194 198385
48526
12654 9002
50300 31463
15435 1299
52720
1257 3333
29208 2914
8928
13193 1299 13193
50304 42708
47872 12713
262757
52863 4809
20764 8732
64396 174
12874 3303 15605
15547 1299
18881
49605 3257
29140 2914
59689 30781
52320 2914
51395
20676 12586 1299
34288
6661 198290 174
264911
28329
8596 48039
3333
12586
20080 2914
22652
25074 9189
57381 42708
263075
31463
9189
174 3257 6762 2914 48039 50620 198385 1299 3303 2857
29686 2914
58299
1103
198290
15605
8218
7575 2914
262317
31424
42708 1299
48039
5539
513
57118 196621
50763
4589 3257
3257 6667 31122 12779
12779
8732 1299
6667
4809
37640
10429
196621 15576
2914 9002
553
20612
1299 62567
8607
198249
2497
37271
31122
50620
30781
198385
9002 43100
8283
25091
43100
6762
28571
15576
12713
3303
1280
2857
62567
