#src/zombie.py
# GMT Sat Sep 29 14:12:45 2018
# 
41497 6762
4657 24482 3491 38001 4637
41722 20764
20080 2914 1251
49605 8758 12654 57111 6939
263152 6939
8943 50763 1299
198249 13030
29686 6453
49463 13193
22652 6939
38001
8732 20764 1299
3320 33891 47147 3303 6939
202032 6939
52320 23106 52863 1299
1273 6667 1299
328145 328206 6774
263075 6939
12307 59414
264911 6939
39351 42708
37640 6939
2110 39122 5400
59689 30781
29208 15685 6939
50300 57111 31463
58299 13030
1251 28571 52888
28917 1299
1916 2914
25152 23148
4844 37989 6939
56730 31463
25160 6939
6720 8447
29608 57111
20764
13193 57111
6453 6939
37468 52720 37271
15547 3356
8607 6939
50763
9002 4635
1103 286
3491 174 22356 6939
5396 6939
8455 20495 13030 8283
328206
50620 6939
3549 16735 3356
1280 6939
196621 15576
43100 57111
47147
3356 6939
19151 6939
1299 15435 42708 6939 20676 14061
24482
47692 33891
50304 42708
8896 6939
48526 5511
12874 15605 3303
701 2497 6939 23148
59891 6939
263702 18747
33891 39392
9304 4635
59414 13030
29691 13030
2914 12637 15562 29140 29636 6939 49375
52720
25220 29551
12779 57111
7575 6939
3333 12859
12637
3257 6939
20676 12586
6774 6939
29680 6939
31025 57111 29551
1836 20612 13030
262757 6939
30844 57111
20612
20932 57111
6830 513 6830 6939
12586 57821
680 6939
15562
7018 6939
553 6939
5511 6939
29075 57111 34019
4635 6939
12859 57111
2613 57111
57111 12654 6939 50877 2857 51405 6661 174 16347 30781 25091 8447
15685 6881
52863
57821
286 6939
39392 29504
28571
22548 6939
31463
16735 263508 6939
37989
6461 8218 6939
28634 22356
4777 2497
34288 13030
35369 13030
25091
8426 6939
6762 6939
202194 13030
29504
6939 6939 5400 262317 53070 31122 13030 64463 37271 4637 31424 42708 37239 31742 15576 53067
198385 15576
50877
14061
513
15605
3303
30781
8218
5400
6881
31122
39122
21232 13030
49375
6667
18747 174
16347
8758
198290 6661
53070
262317
13030
52888
64463
12654
34019
37271
15435
31424
29140
42708
8283
4637
29551
2497
23106
2857
51405
29636
6661
174
20495
37239
263508
31742
22356
15576
53067
8447
23148
