#src/zombie.py
# GMT Fri Sep 28 17:17:40 2018
# 
1273 1299
16735 52320
3549 52720 3356 24611
6453 29686 1299 62567 30844
513 6730
50300 174 31463
56730 31463
1280 701
20676 12586 3356
6661 174 198290
15435 174
31122 174
29075 174
58299 13030
6730 174 6730
263075 6939
12859 6939 3333
6461 7575 1299 8218
13002 25091 20764
31424 6939
21320 174 1853
29680 174
8455 13030 8283
29140 174
7575
12956 1299 10429
9304 174
13030 6772 29608 51395 12654 34781 29691 34288 15547 1836 1299 35369 8758 198249
9002 2914
3320 3303 6939
19151 174 3356 25152
1764 174 8596
8928 10026
62567
8607 2914
7018 1299
28329 6939
5539 8763 21385
59891 51395
57118 196621
14061 1299
20932 174
2613 6893
30844
34288
5396 6939
50763 8943
20764 174 20764
8283
202032 6939
12874 15605 3303
25074 9189 3356
8758
2497 701
6762 1299 8447
50620 174
51395
21385 12654
8447 6720
35369
25091 6893
8426 6939
50304 57381 42708
263152 6939
174 29636 25512 12779 2857 41497 3303 1916 6667 24482 64396 25160 47872 174 10026 37271 52320 1299 198385
263651 6939
52320
5511 48526 6939
49605 3257
20612 1836
553 680
262317 6939
6893
6772 15576
8763
15576 196621
28917 3356
12654 6939
3356 25220 6939 680 37271 30781 1299 22652
6720
29691
31463
1251 1916 28571
15547
198290
6881 25512
1103 286
196621
1853
52720
64396
37239 37271
9189
3257 1299 4589
20080 2914
701 703
48526
12586 57821
680
6939 703 264911 37640 1299 52863
47872
25512
57821
37640
10026
57381
1836
3303 34019
30781 59689
22652
202194 198385
8596
49463 8218
198385
29686
29608
34781
59689
51405 24611
2857
34019
16347 8218
24611
42708 1299
8218
53070 10429
37271
198249
1916 52888
4844 2914 37989
10429
264911
1299 2914 8943 286
24482
15605
2914
703
25220
28571
12779
41497
25152
37989
25160
29636
8943
286
4589
3333
52888
6667
52863
