#src/zombie.py
# GMT Mon Oct  1 03:51:42 2018
# 
263584 263321
6762 3257 20080
6720 8447
20485 12859 29226
22356 3491 28634
15605 12874
14907 38930
29075 174
202032 47692
3333 20562 12654 12859 5413
1103 2603 12654 286
22381 53070 174
20612 1836
29226 2895
6894 2497
8167 7738 25933
31025 12586 47692
3491 3257 7738 3491 64050 28513 41095
22652 3356
3356 3257 8426 3549 8455 5396 35054 2914 286
29608 57111
680 1299
49605 174
3549 52720 52873
29686 2914
14061 1299
4230 262757 28513
6939 15685 30132 13760 12654 1280 12859 14007
20932 174
28634
31424 13030
6730 6893 174
47692 33891 1836 12654 13101
205206 16245
8896 174
37100 327782 174
29222 3303
34549 13101
39392 174 29504
51405 24611
35699 174
12654 5413 8455 12859 57111
25160 12859
38001 41095
39351 42708
29680 174
8220 3320 15547
2603 30844
5392 174
12874 3303
52873
8607 2914
327782 327960
39821 28917
34177 174
28917 174
1764 35369 174
513 174
196621 8758
9304 174
4637 1221 1239
15576 29691 198385 21232 8758 34288 174 198249
1221 4608
4608
20562
43578 174
6461 3257 7575
6667 174
23106 52320
23148 25152 701
25091 12859
1239 3257
3257 12956 701 174 12859 3320 2914 5511 6453 1299 286
30781 5511 59689
3252 174
35054
198290 174
13101
1299 13030 29551 8943 13237 42708 1299 8447
33891 3320
198385 202194
40191 174 395766
29551 25220
31463 56730 50300
12859 6661 41095 286 2914 49375
38930 8283 174
53070
21232
1251 52888 20080
174 12779 16245 37497 37271 12637 51185 8218 24482 3303 19151 20764 12389 50877 553 12350 64463 50300 37468 41497 51395 29140 1836 49463 174 16735 15435 31742 1916 52320 48526
286 7018 2914
8943 50763
25933
16735
31742
13237
8222 3320
59414 13030
5413
3320 47147
51395 59891
12779
5400 2914 2110
58299 13030
13760
263321 28329
29691 57118
553
59689
37497
12637
266534 18881
395152 14007
52720
25220
16347 8218
25227 12389
20764 41722
12389
8426
20080
9002 2914
50877
2914 28329 8455 13030 15562
50304 57111
42708
56730
50763
30132
202194
25152
2895
49463
7738
29504
7018
15562
52888
5511
6881 15685
198249
24611 6661
701 2497
59891
47147
5396
48526
4777 2497
57821 12586
12956 28220 18881
16245
1916
37271
41095
51185
37468
6893 2613
3303
49375
28220
19151
8455
327960
8283
8218
12307 57118
262757
15547
395766
2110 39122
6453
8758
64463
50300 57111
28329
41497
13030
64050
12586
24482
57118
12350
7575
34288
30844
14007
15685
35369
8447
39122
52863 52320
2497
41722
15435
1280
29140
57111
2613
52320
1836
28513
6661
18881
