#src/zombie.py
# GMT Mon Oct  1 04:50:20 2018
# 
52873 18881 52720
1916 14840 262317 6939 263674 12654 174
22548 16735
14061 3356
7018 174
34781 13030
198545 3356 29152
8447 3320 6720
53070 10429
37239 4809
29075 5511 50620
5396 6762
6453 3356 174 6453 29608
701 4134 1280 174 2497 702
8468 3549
25220 3320
3252 702
48039 8596 3320
16735 52320 12956 28138
57821 12586
3491 174 28513 3356
30844 6939
35054 3303
174 3356 6461 3257 286 13101 6762 29140 2914 7738 1239 1299 12637 3320 31122 1273 24482 64396 12956 5511 174
35699 2914
2895 3267
29691 57118 15576
3356 3356 20932 3549 22652 25160 3257 34177 8732 4809 41095 19151 1299 3320 9002 50300 49605 25074 51185 31463 680 8426 14361 8359
51405 24611
1853 1764
263321 263584 7738
4777 2497
13030 51395 1299 1836 58299
9189 25074
30132 12859
19151
8220 3320 15547
24785 1136 41095 24785
1239 4637
12956 18881 6762 10429
52720
12859 3257
5511 30781 48526
6939
50300
15435 3257
37271 4809 327995
24482
24611 6661
4230 28513 262757
52863 4809 6762 12654
198385 202194 41562
8426
12874 3303 15605
327995
59689 30781
12350 1299
25074
14840
29680 3257
3333 1136
20080 6762
5392 3549
31463 56730
29152 58308
58299
1103 286
2613 6893
262317
31424 33891
42708 50304 1299
513 6730
57118
50763 8943
41562 15576
12779 3257
41095
2914 8607 4589 9002
553 680
7738
1299 1273 52320 38930 2603 62567 8943
8607
198249 15576
1136
2497
263584
4637 1221
26615 6762 16397
29222 3303
13193 3320 49463
15576 196621 3303 34288 8758
14361
62567
25160
2603 3267
47872 6762
8943
262757
34288
56730
263674
7575 6461
30781
3320 33891 8222 6762 1764 3303 6730 6661
59891 51395
8455 3257
34177
1836
6893 6730
680
13002 20764 25091
8758 20612
48526
20764 8732
1221 4608
28513
49463
28917 8359
286
13101 12586
6461 8218
28220 6762
34019 3303
12637
39821 9002
41497 3257
25152 1273
18881
1273 6667
8222
64396
4589
9304 3549
33891
202194
8359
4608
50304 57381
20932
3549
51185
52320
16397 263075
4134 4809
13237 3257
49605
29140
8596
6661 198290
28329 6762
9002
6720
12586
3303
22652
15547
57381
6730 6730
29686 3257
702
29608
198290
28138
38930 8283
15605
8218 16347
51395
263075
3257
8732
6667
4809 4809
6762
10429
196621
12654
20612
16347
58308
31122
50620
8283
25091
3267
1764
1280
