#src/zombie.py
# GMT Mon Oct  1 04:56:03 2018
# 
37468 174
50620 6939
2857 174
59689 8218
264911 6939
57821 6939
62567 6453
174 64396 29680 19151 174 198290 29140 12637 24482 25160 1280 513 12779 9304 29075 29636 2914 41497 52320 20764 29608 1916 31122 1764
58299 6939
12874 3303 15605
198249 15576
28917 6939
22652 3356
198290
56730 31463
49605 3356
2914 6762 7018 1299 4844 44217 6453 286 3257 6461 1239 6939 4589 2914 2497
15435 1299
34019 3303
12859 3257
1280
513
4230 262757 6453
20080 6939
16347 8218
31463 21396
15547 6939
1257 3333 1239
41497
50300 6939
15685 6881 6939
8218 49463 6461
16735 22548 1299
2497 3356 3320 6939 48526 6453 10026 12654 9002
12779
5539 8763 21385
8607 6939
262757
3356 3549 37271 8426 680 21385 9002
37271 37239
4844 37989
8763
49463
21385
29140
42708 1299 50304 57381
3257 1103
47872 44217
6881
52863 6762
262317 6939
8596 1764
48526
12637
15576 3303 34288 8220 196621
4589
34288
1916 1251
37989
50304
8455 13030
286
23106 52320
1103
50763 8943
34781 13030
28329 3549
38930 1299 8283
15605
1251 28571
52320
22548
28571
1273 6667 1299
7575 6461
64396
1836 20612 13030
680 553
13030 1299
1853 6720 1764
12956 10429 6939
20612
8283
14061 1299
3333
41722 20764
8928 10026
3549
9189 6939
263075 6939
21396 6939
20932 6939
37640 6939
263651 6939
1764 35369 6939
44217
25160
8943 1299
51405 6939
29608
29686 6939
9304
7018
8220 6939
29636
29075 198385 6939
3320 3303
6939 59891 263152 53067 30844 37497 25220 202032
25220
202032
41617 9002
6762
6893 25091 2613
25091 13002
59891
2613
10026
263152
198385 202194
57381
25152 19151
29680
19151
53067
1299
1239
196621
6720
30844
202194
13002 20764
6667
24482
8426
9002
6453
31122
35369
37497
6461
53070 10429
553
20764 20764
3303
12654
37239
10429
