#src/zombie.py
# GMT Mon Oct  1 04:41:11 2018
# 
52873 18881 52720
1916 174
22548 3549
14061 3356
7018 1299
34781 13030
198545 3356 29152
8447 3320 6720
53070 10429
37239 4809
29075 174 50620
5396 3257
701 4134 2497 1280 1299 702
8468 3549
3252 702
16735 52320 28138 12956
57821 12586
3491 28513 174 12389
30844 12779
35054 3303
6730 513 3320 6730
35699 174
2895 29076
29691 57118 15576
3356 3356 47872 1853 3549 8426 3257 22652 8732 6667 49605 1764 19151 25220 1239 12956 6762 15547 30781 9002 34177 1299 51185 31463 680 174 8359 41095 14361 48526 8422
51405 24611
1853
28917 8359
4777 2497
13030 51395 1299 58299
9189 8422
1764 8596
202032 49605
19151 174 25152
6453 174
1239 4637
12956 18881 174 10429
52720
12859 30132 12779
29152 58308
15435 174
37271 4809 327995
8222 3320
24611 6661
4230 28513 262757
52863 6762
198385 202194 41562
8426
12874 3303 15605
327995
59689 30781
12350 174
15547
29680 174
3333 1136
59891 51395
5392 3549
25933 3549
31463 56730
263321 263584 7738
1103 3257
29076 12389
20562 49605
58299
7575 2914
31424 33891
42708 50304 1299
513
57118
4637 1221
41562 15576
12779 174 12654 12779 3257 34019
41095 24785
2914 174 29686 16347 9002 8455 8607 20080 1299 62567 4589
553 680
7738 174
1299 2828 286 49605 174 13237 3320 6762 20932
8607
198249 15576
8732 20764
2497
263584
31025 12586 49605
45896 3549
26615 6762 16397
29222 3303
15576 196621 3303 34288 8758
14361
62567
2828 52320
25160 174
12389
4589
47872
24785 1136 24785
262757
34288
56730
2613 6893
30781
3320 33891 3303 3257
8455
34177
1836 174
6893 25091
680
13002 20764 25091
8758 20612
48526
8422
20764
1221 4608
28513
49463 174
286
20080
25220
28220 3549
34019
12637 174
39821 9002
41497 174
25152
18881
50300 174
24482 174
6720
9304 174
33891
202194
8359
4608
50304 57381 174
20932
3549
51185
52320
16397 263075
4134 4809
13237
49605 29608 12654 3257
29140 174
8596
6661 198290 174
28329 6762
9002
12586
3303
22652
57381
174 64396 174 38930 8218
29686
702
29608
198290
28138
38930 8283
15605
8218
51395
263075
3257 31122
1136
6667
4809
6762
10429
196621
12654
64396
20612
16347
58308
31122
50620
8283
25091
30132
1280
