#src/zombie.py
# GMT Sat Sep 29 08:57:36 2018
# 
41497 174
6667 174
16245 174 205206
41722 20764
12637 174
20080 2914
1853 6720 3356
7473 4635 4844
49605 9002
263152 6939
8943 8943 50763 2914
12956 18881 1299
29686 6453
49463 174
38001 4657
3320 2914 3303 6939 174 47147 3356
202032 6939
51395 59891 174
52320 23106 52863 16735
1273 1299
328145 328206 6939
5400 2110 1299
12307 59414
264911 6939
39351 42708
37640 6939
2110 39122
59689 30781
50300 174 31463
58299 13030
1251 1916 28571
28917 6939
1916 174 52888
25152 19151
4844 37989
56730 31463
266534 18881
25160 174
6720
29608 3356
20764 174
6453 1299 47692
37468 37271
15547 3356
50763
9002 4635
1103 3257
3491 22356 6939
5396 6939
57381 50304
8455 20495 13030 8283
328206
50620 174
18881
1280 6939
198249 13030
196621 15576
47147 13101 2914 1299 12654 57111
3356 3549 553 2914 25091 20932 22652 20676 8426 14061 680 60501 1299 6939 30781 47692
13101 34549
22652
1299 3257 50304 13030 6461 174 35266 7018 42708 6939 701 6762
6730 174 513 6730
24482 4657
50304
34019 3303
48526 3303
12874 15605 3303
701 2497
59891
263702 3549
9304 4635
47692 12654 6939
29691 13030
262317 6939
2914 15562 7575 16347 174 37271 25220
52720 3549
25220
12779 174
7575
3333 12859
19151 174
3257
20676 12586
29680 174
25512 174 6881
8283
1836 20612 13030
262757 6939
30844 6939
205206
20612
20932
12586 57821
59414 13030
15562
7018
206356 199714
60501
29075 174
4635 6939 4637
12859 6939
2613 6939
57111
553
52863
57821
286 6939
39392 29504 174
680
28571
22548 12989
31463
16735 263508 174 3549 12989
37989
6461 8218
28634 22356
52873 3549
4777 2497
34288 13030
35369 13030
25091
8426
6762
202194 13030
29504
14907 13030
6939 263075 3303 12654 8896 37271 15435 8220 6939 8607 51405 64463 37239 31424 53067
198385 15576
50877 174
14061
513
15605
8220 15576
3303 174
30781
8218
263075
6881
31122 174
39122
35266
21232 13030
4657 4637
16347
8758 13030
3549
198290 6661
8607
13030 12654 199714
52888
64463
12654
8896
37271
15435
31424
29140 174
42708
199714
34549
4637
2497
23106
2857 174
51405
29636 174
6661 174
174 31742 174 6894
20495
12989
37239
263508
31742
22356
15576
53067
6894
