#src/zombie.py
# GMT Fri Sep 28 23:07:03 2018
# 
50620 174
6881 15685
37640 6939
31463 21396 56730
15576 6772 196621
196621
1239 1257 1299
202032 6939
37989 4844
2613 6893
42708 1299 50304
21385 5539 12654
30844 6939
3320 1299 3303 13193 6730 6939 29551
20676 12586 3356
50300 174
25152 23148
1251 28571 1916
13193 49463
6667 174
8607 6939
6453 62567 1299 29686
56730
9189 8422
262757 6939
12637 174
25220 29551
20612 1836
21320 13030 1853
52863 6762
37239 37271
12586 57821
6772 13030
15547 6939
34781 13030
35369 13030
12654 6939 13030
50763 8943
52873 52720 18881
64396 174
59689 30781
264911 10429
8455 8283 13030
23106 52320
1103 286
16347 8218
37497 6939
48526 5511
28917 6939
41497 174
22548 16735
15435 174
50304 57381
6461 7575 1299 8218 6939
680 174 553 680
57821
29680 174
10429 12956 53070
53067 6939
1273 1299
8928 1299
1764 8596 174
8943 1299
7018 1299
1916 174
262317 6939
29686
8763 5539
59891 51395
28329 3549
20080 2914
12859 6939
701 6939 23148 2497 1299
44217 47872 6762
49605 174
513 6730
4589 3257
8218
6893 25091
1299 174 5511 12956 286 6762 3257 2914 6939 13030
25091 13002
8422 3356
6720 1853
14061 2914
286
29140 174
3303 12874 34019
553
20932 174
31424 6939
198385 202194 29075
8426 6939
8359 41617 20764 13030
37271 174
49463
5396 6939
202194
7575
34288 13030
12874 15605
29075 174
1257 3333
13030 1836 198249 8758 58299 29208 6939
22652 6939
2857 174
57381
15685 29208
62567
41617
47872
3333
30781 3356
25160 174
1853
29636 174
4635 6939 9304
24482 6939
24611 51405 6661
13002 20764
5511 6939 5511 29608
174 174 51395 12779 52320 1280 31122 19151
34019
9002 2914
51395
198249
12956 6939 16735 18881
8283
263152 6939
58299
18881
198290 6661
51405
8596
20764
5539
29208
3356 6939 3549
4844 6939
12779
21396 6939
52720
29608
23148
1836
263651 6939
15605
29551
28571
6730 6730
6762
8758
53070
52320
1280
31122
9304
3257
3549
2914 6661
6939 263075 6661
263075
19151
16735
2497
6661
