#src/zombie.py
# GMT Mon Oct  1 05:45:41 2018
# 
52873 18881 52720
1916 174
22548 16735
14061 1299
7018 174
34781 13030
198545 29152 174
8447 3320 6720
53070 10429
37239 4809
29075 174 50620
5396 6762
6453 174 8468 29686
701 4134 2497 1280 1299 702
8468
25220 3320
3252 702
48039 12586 8596
16735 52320 12956 28138
57821 12586
3491 174 28513
30844 50304
35054 3303
174 3356 50304 12779 19151 51185 52320 4637 25160 3257 286 6762 45896 2914 12350 7738 1299 12956 12637 29140 29680 41497 6667 24482 174 64396 34177 5392 9304 5511 680 6730 28917 20932 15435 6661 35699 8218
35699
2895 3267
29691 15576
3356 5511 47872 29608 41095 9002 50300 3549 14361 1299 25074
51405 24611
1853 21320
263321 263584 7738
4777 2497
13030 31424 51395 58299 1299 1836
9189 25074
30132 12859
45896
8220 3320 15547
12956 18881 10429 28220
52720
12859 42708
5511 1299 48526 29608
29152 58308
50763 8943
15435
263584
24482
24611 6661
4230 28513 262757
52863 6762
198385 202194 41562
8426 6695
12874 3303 15605
327995 37271
59689 8218
12350
15547
29680
3333 1136
20080 2914
5392
25933 3549
31463 56730 21396
43100 29608
28917 39821 8359
1103 3257
13237 1299
20562 50304
58299
7575 6461
31424
42708 57381 50304 49605 42708 21396 6695 13101 1299 8359 2603
513 6730
57118 196621
4637 1221
4589 2914
12779
41095
2914 8607
553 680
7738
1299 50304 3320 2603 8732 6762 8943 38930 6461 62567
8607
198249 15576
8732 20764
2497
37271 4809
29222 3303
15576 196621 3303 34288 8758 41562
14361
62567
25160
34177
47872
8943
262757
34288
56730
2613 6893
21320 2603
3320 4809 6730 3303 8222
59891 51395
8455 3257
2603 3267
1836
6893 6730
680
13002 20764 25091
8758 20612
48526
20764
1221 4608
28513
49463 8218
286 1136
13101 12586
6461
28220 28220
34019 29608
12637
39821
41497
25152 19151
18881
50300
8222
6720
9304
202194
8359
4608
6695
50304 12654 6661
20932
3549
51185
19151
4134 4809
52320
41562
49605
29140
8596
21396
6661 198290
28329 6762
9002
12586
22652 3257
25074
57381
6730 6730
29686
702
29608 12654
198290
28138
38930 8283
15605
8218 16347
51395
3257 31122
1136
6667
4809
6762
10429
196621
12654
64396
20612
16347
58308
31122
50620
8283
25091
3267
3303
1280
