#src/zombie.py
# GMT Fri Sep 28 17:51:32 2018
# 
50620 174
6881 15685
12874 15605 3356
31463 6762 50300 56730
680 1299
196621 15576
1239 1257 174
202032 6939
37989 4844
2613 6893
37468 1299
21385 5539 3356
30844 6939
12989 16735 22548
20676 1299 12586
50300
57381 50304
1251 28571 1916
7575 6461
13193 1299 49463
48166 9002
35369 13030
6667 1273
8607 6939
6453 174 29686 3356 9002 22652
56730
9189 8422
6830 6830 174 513
12637 2914
25220 29551
20612 1836
20485 3356 13002
52863 6762
37640 6939
12586 57821
6772 13030 15576
15547 1299
59891 51395
12307 59414
12654 6939 20764 9002
50763 8943
52873 52720 18881
64396 174
59689 30781
8943 1299
8455 8283 13030
23106 52320
1103 286
16347 2914
37497 6939
48526 5511
28917 1299
41497 3257
22548
42708 1299 50304
15435 1299
50304
6461 174 8218
15576
15605
29680 3257
10429 12956 53067 53070
53067
8928 1299
59414 13030
1916 174
262317 6939
37239 37271
8763 5539
29636 2914
264911 6939
20080 2914
12859 9002
8732 1299 20764 3356
701 174 2497
44217 47872 3356
49605 174
513
4589 3257
8218
6893 25091
1299 174 14061 6939 13030 15685 1273 37271 29551 62567 31122 16735
25091 13002
6720 1853
14061
286 8596 174
29140 2914
8422 3356
553 3356
20932 6939
31424 6939
198385 29075
8426 3356
34288 13030
37271
49463
5396 6939
202194 13030
1273
8359 41617 3356
29075 174 6762
1257 3333
13030 1836 198249 58299
198249
25152 19151
15685
62567
41617
47872
3333
30781 34019 2914
25160 174
1853 3356
41722 20764
52720
7018 174
24482 174
13002
5511 174
174 20764 3356 12779 2857 19151 6762 52320 1280 9304 3257 2914 16735
43100 20764
34019
9002 2914 8758
51395 3257
22652
12956 6939 6762 18881
8283
263152 6939
58299
18881
198290 6661
51405 6939
8596
20764 6939 3356
5539
3356 29608 6939
4844 2914
12779
262757 16735
29551
29608
1836
263651 6939
2857
29686
57821
28571
6762
8758
53070
52320
1280
31122
9304
3257
2914 6661
6939 263075
263075
19151
16735
2497
6661
