#src/zombie.py
# GMT Mon Oct  1 04:04:44 2018
# 
1916 6939
14061 6939
7018 3356
34781 13030
59891 6939
30844 13030
25160 174
12389 1299 48166
37239 37271
37989 4844
1836 13030 20612 174
34288 15576
25220 29551
263674 6939
20932 174
2613 6893
21320 174 1853
30781 2914 59689
3320 3303 6453
16735 6939 262757 12956
12713 1273 47872
8455 3257
25512 6881 174
57821 12586
263152 6939
8763 5539
6893 25091
264911 6939
680 553 3356 680 174
8426 13030
174 3356 198290 15576 3257 12779 286 3303 29075 19151 2914 6453 701 1239 1299 6762 29680 31122 6667 50300 198385 50620 64396 9304 6730 58299 35369 2857 48526
13002 20764 25091
8607 6939
8758 6939
8359 20764 3356
29636 3257
20764 8732
51405 6939
1853 6720
28917 9002
29075
21385 6939 5539
29608 3356
49463 13193
53070 6939
286
8422 6939 9189
6881
20676 3356 12586
202032 6939
19151 25152 6939 12654
8943 1299 50763
29691 15576
6453 9002
6461 1299 8218
29551 3257
4844 2914
12956 6939
34019 3303
13030 12654 1299
29680
25152
12859 9002
1273 1299
24482 4657
6720
48166
1239 1257
6939 3356 262317 52863 263075 37640 12654 21396 7575 28329 31424 52720 15435 1280 4657 28571
202194 198385
48526
12654 9002
50300 31463
15435
52720
8218 16347
8928 10026
13193 1299
50304 42708
47872
262757
52863
3356 37271 9002 2914 49605 22652 3257 1299
64396
10026 1299
15547 1299
49605
29140 3257
59689
25091
21396 31463
4657
9304
28329
8596 48039
9002 43100 2914
12586
20080 2914
22652
56730 31463
57381 42708
263075
31463
9189
35369
29686 3257
58299
1103 3257
198290
38930 8283 1299
1257 3333
7575
262317
31424
42708 1299
48039 3257
5539
513 6730
57118 196621
50763
4589 3257
3257
12779
8732 1299
6667
701 2497
37640
196621 15576
2914 1299
553
20612
1299 62567
16347
198249 15576
2497
37271
31122
50620
198385
3333
8283
6730 6730
43100
6762
28571
15576 3303
3303
1280
2857
62567
