#src/zombie.py
# GMT Mon Oct  1 04:03:05 2018
# 
37468 174
50620 174
2857 174
12989 22548 16735
37640 6939
52720 52873
57821 12586
62567 6453
29208 15685 13030
174 64396 41497 10026 49463 553 19151 29140 198290 174 20932 1916 13002 6667 15435 1299 24482 25160 1280 29680 9304 29636 29075 12637 52320 20764 16735 12779 31122
286 1299 1103
12874 3303 15605
198249 13030
29551 25220 31025
28917 6939
22652 6939
8359 13030 41617
198290
56730 31463
41722 20764
2914 4589 20080 1299 9002 4844
8447 6720 3320
15435
34019 3303
12859 6939
1280
513 6830
29608 13030
1299 6762 7018 13030 14061 6453 8943 3257 6461 3320 6939 37271 6830 1273 1239
20080
12956 18881 10429 6939
31463 21396 50300
15547 6939
1257 3333 1239
41497
50300
12586 31025
8218 6461 59689 16347
16735
2497 701
12779
5539 8763 21385
8607 13030
6830 6830
7018
3356 37271 8426 6939
264911 6939
37271 37239
4844 37989
8763
15685 6881
49463
21385 12654
29140
25074 9189 6939
42708 50304 6939
3257
47872 44217
6881
52863 6762
44217 6939
50304 57381
8596 48039
48526 5511
18881 52873
12637
15576 6772 196621
34288 13030
1916 1251
37989
12307 59414
58299 13030
23106 52320
5511 6939
1103
50763 8943
48166 13030
20612 1836
15605
1251 28571
52320
22548
28571
31424 6939
9002
7575 6461
64396
701 4230 6939
1836 13030
49605 6939
13030 8455 202194 8758 6772 35369 6939 31025 12654 59414
8758
16347
8283 8455
14061
3333
8928 10026
9189
263075 6939
21396 6939
8426
20932
59414
263651 6939
59689
25160
262317 6939
4589
29686 6453
9304
51405 6939
29636
29075 198385
3320 3303 6939
6939 263152 59891 30844 37497 680 5396 6461 53067 202032 12654
25220
202032
41617
5396
6762
6893 25091 2613
25091 13002
59891
2613
10026
263152
198385
553
25152 19151
29680
19151
53067
8455
1239
196621
31025 48039
6720
30844
202194
13002
6667
24482
48039
37497
4230 262757
680
6772
6453
1273
262757
31122
35369
8943
6461
53070 10429
57381
20764
3303
52873
12654
37239
10429
