#src/zombie.py
# GMT Mon Oct  1 04:23:22 2018
# 
52873 18881 52720
1916 2914
22548 16735
14061 2914
28138 16735
34177 2914
34781 13030
8447 3320 6720
2914 7575 3356 3320 9002 50300 20080 31463 30781 174 35699 62567 16347
25160 3356
2603 3267 1299
30132 9002
24611 51405 6661
29075 58308 174 1299 50620
5396 3356
8220 3320 15547
4230 701 262757
701 2497 174 1280 702
8468 3549
6461 174 8218
7018 174
2613 6893
25933 3549
30781 59689
3320 1764 3356 6730 48039 3303 7738 13193 6661
16735 52320 12956
59891 51395
209 3356 14361
8455 9002
57821 12586
57866 8283 9002
1836 13030
50300
6893 6730
51185 174
35054 3303
680 553 9002
16347
56730 31463
20932 174
174 3356 1299 3257 12779 29222 19151 12350 1239 12956 12637 29680 41497 24482 64396 3491 5392 9304 5511 45896 29608 13101
13002 20764 25091
8607 3356
8758 20612 15576
2895 3267
48526 5511
8422 9189 9002
20764 8732
51405
1853 1764
58299 13030
4777 2497
1221 4637 4608
29608
49463 13193
39821 9002
53070 10429
286 1136 3356
13101 12586
1764
19151 3356 13030 12654
6453 9002
25220 3356
28220 12956
1239 4637
12956 3356 10429 18881
263321 263584 7738
12637
13030 1299
41497
25152 6939
12859 9002
35699
8222 3356
64396
4589 9002
9304
5511
6939 3356
202194 198385
29691 57118 15576
41095 3356
50763 9002
15435 9002
52720
263584
24482
13193
50304 57381 42708
47872 9002
262757
52863 6762
3549 3356
3356 8426 3257 6762 9002 49605 22652 1299 8359
8426
45896
3491
34288 15576
12874 3303 15605
18881
12350
49605
29140 9002
59689
52320 1299
51395 9002
8596 48039
15547
6661 198290
28329 6762
29680
7738
9002 6667 31424 12654 29686 1103 20562
6720
12586
20080
22652
5392
57381
58308
31463
9189
6730 513 6730
29686
702 3252
1103
198290
13237 1299
20562
15605
8218
3252
31424
42708 1299
48039
513
57118
4637
41562 198385 15576
3257 31122
12779
1136 3333
6667
29222
10429
196621 15576
12654
553
20612
1299 8732
7575
198249 15576
8732
2497
31122
50620
8359 28917
198385
3333
8283
25091
3267
6762
4608
15576 3303
3303
1280
14361
28917
62567
