#src/zombie.py
# GMT Fri Sep 28 19:50:02 2018
# 
15435 6939
1273 1299
16735 12989 174
3549 52720 3356
6453 29686 174 3320 1299 62567 9002
513 3320
50300 174 31463
56730 31463
1280 174
8607 6939
44217 1299 47872
6661 174 198290
15576 6772 196621
31122 3257
30844 13030
13030 6772 51395 8455 12654 34781 29691 34288 15547 1836 58299 1299 35369 198249
58299
1103 286
263075 6939
12859 286
6461 174 8218
13002 25091 20764
31424 6939
21320 174 1853
12586 57821 20676
8455 8283
29140 174
7575 2914
9304 174
8422 9189 3356
9002 43100 12654 3356 49605
19151 174 25152
3303 3320 12874 34019
1239 3356 1257
21385 5539 6939
20612 1836
7018 174
1764 174 8596
5539 8763
14061 1299
57118 196621
12779 174
20932 3356
2613 6893
37640 6939
5396 6939
59891 51395
50763 8943
20764 8732
8283
202032 6939
12874 15605
31463
8758 6939
2497 701
8447 3320 6720
48166 12389
12989 53070
62567
6762 5511 174 12654
35369
25091 6893
8426 3356
50304 25220 57381
4657 6939 24482
262317 6939
174 680 3356 198385 41497 1916 29680 64396 2914 3257 25160 29636 2857 174 286 1299 49463 29075
263651 6939
28329 6939
59689 30781
5511 2914 48526 5511 29608
701 3356
49605
25152
553 680
6893
6772
8763
680 680 3356 12654
28917 1299
15685 6881 29208
12654 2914 286 25220 6939
3356 2914 20676 6939 37271 1299 22652
6720
29691
25160
1251 1916 28571
15547
198290
6881
196621
8943 1299
52720
64396
37239 37271
9189
3257 6667
29075
15605
34781
20676
1853
8928 10026
29208 6939
6939 50620 51405 198385 37271 264911 263152 52863
47872
6667
50620
10026 1299
57381
1836
30781 2914
22652
202194 198385
8596
49463
198385
29686
29608
51405
2857
34019
16347 8218
42708 1299
8218
52888 1916
8732 1299
37271
198249
1916
4844 2914 37989
34288
264911
29680
24482
20080 2914
2914 1299 25220 4589
41497
25220
28571
1257 3333
263152
3320 3320
37989
53070
29636
51395
48526
286
4589
57821
3333
43100
1299 12389
12389
52863
