#src/zombie.py
# GMT Sat Sep 29 16:14:41 2018
# 
41497 174
64050 3491
29222 3303
16245 174 205206
41722 20764
20080 2914 1251
4134 2914 4809
50300 174 2914 31463
8943 50763 2914
12956 1299 18881 28220 5511
29686 2914
49463 8218
38001 41095
3320 8222 2914
8426 3356
25512 174 6881
51395 59891 174
52320 23106 29208 52863
263321 263584 28329
5400 2110 1299
12307 39540
39351 12654 174 20562 6939
2110 39122
12389 174 25227
59689 30781
29208 12859 15685 2914 37497 52873 57111 9002 13101 31025 3303 680 6881
49605 3257
58299 174
40191 395766 174
1251 52888
28917 174
1916 174
25152 6939
56730 31463
266534 18881
25160 174
12586 31025 57821
4809 22381
29608 12654 6661 34019 5511
20764 8359
6453 1299
37468 174
15547 8220
50763
9002 2914 39821
1103 3257
3491 7738 41095 2914 28513
5396 3356
63297 395152 6939
57118 29691 39540
4608 24130
18881
1280 6939
198249 15576
196621 15576
47147 2914
3356 3549 41095 553 8359 5511 37271 22652 1299 25091 8455 37100 33891 6730 8220
13101 34549
22652
1299 3257 50304 2914 13030 6461 174 5511 14061 7018 701 6762 2497
6730 174 6893 59622
24482 174
43578 174
35369 8218
50304 12654 12859 30844 3267
30132 12859
24130 7545
4230 262757 28513 16685
34019
7738 8167
48526 174
12874 15605 3303
13237 2914
59622 9044
701 2497
59891
33891 47692
9304 174
47692
29691 15576
2914 8607 28329 286 15562 49375
20932 174
8359
22381 53070
52720 52873
327782 37100 327960
25220 29551
16685 16685 22356
12779 3257
7575 6461
3333 12859
12637 174
3257 31742 39392
29680 174
31025 29551
34549
1836 13030
262757
30844
205206
3267 2895 3267
25933 8167
20612 9044
35699 174
39821
7545 6939
9044
57111
28513
680
15562 12654
34177 174
7018
553
5511 30781
2497 6894 4777
327960
12859
2613 6893
20562
37497
15685 6881
52863
57821
286
39392 29504
8167
31463
41095
6461 8218 14907
28634 22356
52873 3549
6661 174 198290 24611
34288 15576
59414 13030
29075 174 15576
25091
3549
202194 198385
29504
14907
6893
8222
3303 174 35054
198385 15576
8455
14061
39540
19151 174
513 174
15605
8220
6939 13760
30781
13760
395152
25227
6881 12654
39122
21232 15576
49375
6667 174
16347 8218
8758 15576
2895
37100
263584
198290
51185 174
53070
8607
13030 31424
52888
64463 174
12654
28329
8896 174
37271
15435 174
31424
29140 174
35054
24611 51405
8283 38930
6762 8447
12350 174
29551
6720 8447
23106
51405
16735 174
4777
174 15576 50877 174 38930 3252 5392
38930
3252
395766
31742
8218
5392
8447
22356
15576
28220
6894
50877
