#src/zombie.py
# GMT Mon Oct  1 04:55:46 2018
# 
1916 2914
22548 3549
14061 3356
7018 3356
34781 13030
8447 3320 6720
53070 10429
37239 4809
29075 58308 174 50620
5396 3356
6453 3356 29686 9002 6453 24482 12389
701 3356 1280 2497 702
8468 3549
6461 3356 8218
3252 702
48039 12586 8596
16735 28138 262757 3549
57821 12586
3491 3356
30844 20764
35054 3356
35699 174
2895 29076
29691 15576
3356 3549 51185 8426 19151 25160 22652 49605 25220 20932 3320 9002 209 24785 12956 31463 680 174 29608 8607 8422 20764 1853 3257 8732 286 6762 3356 2914 1299 34177 50300 3216 33891 15576 41095 14361 29222
51405 24611
1853
263321 263584 7738
4777 2497
6830 513 6830 174
39821 28917
9189 8422
30132 12859
19151 174 25152
8220 5511 15547
12956 3320 47872 10429 5511
52720 3549
12859 9002
3216 3216 13101 6762 20764
5511 30781 48526
50300
15435 1299
37271 4809 327995
8222 3320
24611 6661
262757
52863 4809
198385 202194 41562
8426
12874 3303 15605
327995
59689 30781
12350 174
15547
29680 174
3333 1136
59891 51395
5392 3549
25933 3549
31463 56730
58299 13030
1103 286
29076 12389
20562 9002
7575 2914
262317 10429
31424 33891
42708 57381 50304 1299
513
57118 196621
50763 8943
41562 15576
12779 174
41095 13002
2914 174 20080 4589 16347
553 680
7738 3320
1299 13030 13237 1273 8455 8943 62567
8607
198249 15576
8732 20764
2497
263584
4637 1221 209
6762 28329 47872
15576 174 196621 3303 34288 8758
14361
62567
25160
12389
8943
47872 3320 12654
24785 1136 24785
34288
56730
2613 25091
30781 34019
3320 3303
8455
34177
1836 174
680
13002 25091
8758 20612
8359 20764 28917
8422
20764 174 12654 20764
1221 4608
49463 174
28917
286
13101 12586
20080
25220
28220 3549
34019
12637 174
13030 51395
41497 174
25152
1273 6667
24482
6720
4589
9304 3549
33891
202194
48526
209
4608
50304
20932
3549 16397
51185
16397 263075
4134 4809 174
13237
49605
29140 174
8596
6661 198290 174 9002
28329
9002 12654
12586
22652
57381
174 31122 64396 174 38930
29686
702
29608
198290
28138
38930 8283
15605
8218
51395
263075
3257
1136
6667
4809
29222
10429
196621
12654
64396
20612
16347
58308
31122
50620
8283
25091
3303
1280
