#src/zombie.py
# GMT Mon Oct  1 05:24:45 2018
# 
1916 2914
22548 3549
14061 1299
7018 3356
34781 13030
38861 4657 19151
8447 3320 6720
53070 10429
37239 4809
29075 58308 174
5396 3257
6453 3356
701 3356 1280 23148 702 2497
8468 3549
25220 3320
3252 702
48039 12586 8596
16735 28138 174 12956
57821 12586
3491 3356 28513
30844 9002
35054 3303
174 3356 20764 25160 3257 12779 286 6762 19151 2914 12350 6461 1239 1299 12637 29680 41497 50620 50300 29140 64396 22652 24785 5392 9304 680 174 198290 35699 8218
35699
2895 3267
29691 57118 15576
3356 3549 51185 8426 49605 2914 1299 8607 3320 9002 34177 12956 3216 5511 41095 29608 14361 8359
51405 24611
1853 1764
263321 263584 7738
4777 2497
26592 16397 26615
13030 51395 1299 1836 58299
9189 25074
30132 12859
19151 12654
8943 1299 50763
8220 3320 15547
1239 4637
12956 28220 47872 10429
52720 3549
12859 9002
3216 20764
5511 30781
50300
15435 1299
37271 4809 327995
24482 4657
47872
4230 28513 262757
52863 6762
198385 202194 41562
8426
12874 3303 15605
327995
59689 30781
12350
15547
4657
29680
3333 1136
20080 2914
5392
25933 3549
31463 56730 2914
58299
1103 3257
20562 9002
2613 6893
31424 33891
42708 57381 50304 1299
513 6730
57118
50763
4589 2914
41562 15576
41095
2914 9002 3320 25074
553 33891
7738 3320
1299 20932 1273 2603 38930 62567
8607
198249 15576
2497
263584
4637 1221
45896 3549
26615 6762
6762 28329
4608 1221
15576 196621 3303 34288 8758
14361
62567
25160
2603 3267
24611 6661
24785 1136 24785
262757
34288
56730
7575 6461
30781
3320 8222 3303 33891 1764 6730 13193
59891 51395
8455 3257
34177
1836
6893 6730
680
13002 20764 25091
8758 20612
48526 9002
20764
1221
28513
49463 13193
28917 8359
286
13101 12586 9002
6461
28220
23148 25152
12637
39821 9002
41497
25152
1273 6667
8222
64396
9304
33891
202194
8359
13193
50304
20932
3549
51185
16397 263075
4134 4809 9002
13237 3257
49605
29140
8596
6661 9002
28329
9002 12654
6720
12586
3303 29222
22652
25074
57381
6730 6730
29686 3257
702
29608
198290
28138
38930 8283
15605
8218 16347
51395
263075
3257 31122
1136
6667
4809
29222
10429
196621
12654
20612
12779
16347
58308
31122
50620
8283
25091
3267
1764
1280
