#src/zombie.py
# GMT Mon Oct  1 05:39:46 2018
# 
52873 18881 52720
1916 174
22548 16735
14061 1299
7018 1299
34781 13030
8447 3320 6720
53070 10429
37239 4809
29075 58308 174 50620
5396 6762
6453 8426 174 1299
701 4134 1280 2497 1299 702
8468 3549
25220 3320
3252 702
48039 12586 8596
16735 262757 12956 28138
57821 12586
3491 174 12389
30844 12779
35054 3303
35699 174
2895 29076
29691 57118 15576
3356 3356 30781 174 41095 3549 680 2914 49605 1299
51405 24611
1853 1764
28917 39821 174
4777 2497
1103 3257
13030 51395 1299 1836 58299
9189 8422
30132 12859
202032 12779
19151 174 25152
8220 3320 15547
1239 4637 1299
12956 4809 47872 10429 7738 18881 28220 3257
263321 263584 7738
12859 12779
37497 49605
53067 10429
1273 6667 1299
15435 1299
37271 4809 327995
24482 174
24611 6661
262757
52863 4809
198385 202194 41562
8426
12874 3303 15605
327995
59689 30781
12350 174
15547
29680 174
3333 1136
20080 2914
5392 174
25933 3549
31463 50300 56730
58299
52720
29076 12389
20562 49605
2613 6893
31424 33891
42708 50304 1299
513 3320
57118
50763 8943
41562 15576
12779 51185 49605 174 12654 28929 3257
41095
2914 174 29686 9002 14361 8607
553 33891
7738
1299 3257 8732 286 49605 13237 6461 3320 8455 8943 20485 6762 174 62567 38930 48526
8607
198249 15576
8732 20764
2497
263584
4637 1221
26615 6762 16397
6762 28329 174
4608 1221
15576 196621 3303 34288 8758
14361
62567
28929
25160 174
12389
34177 174
47872
1836
34288
56730
7575 6461
30781
3320 3320 8222 3257 33891 3303 13193 8422
59891 51395
8455
8943
20485 13002
6893 25091
680
13002 25091
8758 20612
48526
8422
20764
1221
49463 13193
286 1136
13101 12586 49605
6461 8218
28220
34019 3303
12637 174
39821
41497 174
25152
18881
50300 174
8222
6720
4589 3257
9304 174
33891
202194
13193
50304 57381
20932 174
3549
51185
16397 263075
4134 4809
13237
49605 43100 6661 29608 12654
29140 174
8596
6661 198290 174
28329
9002
12586
3303 29222
22652 174
57381
174 64396 3257 31122 174 8218
29686
702
29608
198290
28138
38930 8283
15605
8218 1764 16347
51395
263075
3257
1136
6667
4809
29222
10429
196621
12654
64396
20612
16347
58308
31122
50620
8283
25091
43100
1764
1280
