#src/zombie.py
# GMT Mon Oct  1 08:21:52 2018
# 
4844 2914 37989
41617 31261
13237 8763 9002
1103 3333 286
7575 6939
29686 6939
6730 6939 6730 513
8758 6939
20932 6939
8447 6720 6939
29680 8928
37271 6939
16347 6939
20080 6939
12779 174
15576 8220 196621 34288
18881 12956 52873
57118 12307 6939
62567 6939
30844 6939
57821 6939
37239 6939
41722 20764
9002 8220 2914 33891 6939 8928 24482 43531 12654 25220 3356
15605 12874
37640 6939
48166 6939
4589 3257
20612 6939
16735 4809 22548 6939 262757
24482
12307
53067 6939
263651 6939
202032 6939
12654 47872 6939 20764
31122 6939
2914 6762 174 1299 701 3356
22652 6939
49605 6939
553 33891
57381 6939
6720
12859 6939
29608 3356
58299 6939
1273 1299 6667
198385 6939
198290 6939
1916 6939
286 174
52720 52873
50763 6939
37989
25160 174
34288
6881 6939
8426 6939
1836 174
51405 6939
513
8784 34019 6939
12637 3257
262317 6939
29691 6939
15547 6939
1251 28571 6939
53070 10429
6453 174
1299 680 3356 13030
25152 6939
6667
31261 31133
59891 6939
1764 35369 6939
28917 6939
33891
3257 29636 174 8455
37468 174
196621
8596 43531
12874 6939
12956 6939 10429
2613 6939
701 2497
25091 13002
35369
9304 6939
198249 6939
50620 6939
6762
263152 6939
20764 174 6939 20764 13002 3356
13002
47872 6939
680
25220
23106 52320
52873
31424 6939
29075 6939
3333
52320 6939
15435 6939
22548
64396 174
8218 6461
2497
29636
202194 6939
8763
49463 6939
43531
263075 6939
52863 4809
8607 6939
48526 6939
3356 174
8220
174 19151 7018 6461
31133 6939
6939 51945 1280 5396 9189 37497 50304 264911 29140 14061 59689 41497 50300 2857
8455 8283
9189
37497
8283
8928
34019
56730 51945
1280
50304
264911
28571
4809
262757
14061
19151
59689
41497
51945
50300
5396
29140
2857
7018
10429
6461
13030
