#src/zombie.py
# GMT Mon Oct  1 05:46:38 2018
# 
29691 13030
49605 1299
6762 30844 12654 174 6939 57111
6720 8447
267286 52720 22548 4809 263651 14840
12637 2914
262317 6939
39351 12552
59414 13030 12307
15605 12874
8426 6453
553 33891
29075 15576 6453 34019 174
12307
3333 12859
52888 1251
22381 53070 12989
12956 10429 174
25220 29551
16347 2914
4657 38001 3491
2857 174
10429 27715
20612 1836
29636 2914
52863 52320
3491 174
37640 6939
22652 6453
15685 6881 1299
34019
20764 8359 41722
3356 8359 5400 3549 174 29608
29608
680 1299
20080 1251 1916 6939
3549 16735 52873 263702
4809 16735
198290 6661
9002 2914
20495 8455
29686 6453
15547 1299
2914 2497 12654 25091 1280 12859 29140 4844 30781 15562 174 6939 50300
286 1103 174
56730 31463
20932 174
8359
37468 1299
8455 8283 13030
53067 6939
47692 33891
50877 174
25152 2497
59891 136620
49463 13193
39392 3257 29504
51405 6939
29504
7018 174
15562
1103
12654 19151
6881
198249 13030
29680 3257
31122 1299
38001
50304 1299
1273 48526 6667 1299
14840
513 6830
12874 3303
59689 30781
52873
62240 136620 1299
8607 6939
47147 3320
263651
28571 1251
22356 27715 28634
48526
20676 12586 1299
4777 2497
28917 1299
57821 12586
263702
136620 136620
12779 3257
196621 15576
9304 3257
1916
37271 37239 174 1299
263075 6939
6830 174 6830
202194 13030
15576 6453 198385
52720
50763 8943
264911 6939
49375 1299
12552 1299
6461 174 8218 7575
3303 174
6667
263152 6939
23106 52320
37239
19151 174 45896 16735
13030 34288 21232 1836 35369 58299 1299
25091
8283
8218
202032 6939
45896
3257 41497 31742 31463 174
30781
262757 16735
4844 37989
3320 33891 174 8447 13193
2110 39122 5400
6453 24482 174
1299 29551 8896 15435 8943 16735 174 14061
64463 174
50300
33891
198385
8896
41497
29551
50620 174
12586
31463
24482
12859
22548
53070
21232
28634
7575
34288
30844
1251
174 25160 6661
35369
8447
6939 2613 6939 263508
39122
8943
2497
16735 12989 52320
37989
41722
15435
31742
1280
29140
57111
13193
12989
14061
2613
263508
52320
1836
5400
58299
6661
25160
27715
