#src/zombie.py
# GMT Fri Sep 28 18:37:11 2018
# 
28138 16735
3549 28220 9304 22548 16735 8468 25933 52720 16397 3356 24611 5392
14361 3356
513 6730
50300 3356
56730 31463
1280 701
15435 1299
30844 6939
58299 13030
6730 3356 6730
6461 7575 701 8218
13002 25091 41095
29222 3303
1221 4608 4637
9304
8422 3320 9189
9002 3356 49605 39821
1136 286 3333
35054 3303
62567 1299
8607 2914
7018 701
14061 3356
20932 3356
2613 25091
34288 15576
5396 3356
6661 174 198290
2603 3267 1299
12874 15605 3303
8758 15576 20612
4230 262757 701
35699 174
58308 29152
34177 3356
9189
8359 3356 28917
59689 30781
49605
25152 4713
553 680
3491 3356
3267 2895
15576 198249 196621 29691 41562 3303
28917
702 3252 701
16397 263075
41095 3356
3356 29608 680 3356 22652 31463 8732 33891 8426 198545 1853 6667 25220 8220 701 25160 47872 51185 19151 1836 30781 2497 1764
6720 1853
8222 3320
15547 8220
198290
1853
64396 174
37239 4809
327995 37271
3257 2497
20080 2914
7738 263321 701
48526 5511
6939 2497
47872
2497 2914 4134 701 3320 12654 2516 13030
202194 198385
16347 2914
49463 13193
198385 41562
29686 6453
29608
3252
34019 3303
38930 1299 8283
2895
24611 51405
28329 6762
37271 4809
29680 174
263321 263584
39821
5511 29075 701
29140 174
263584
262757
16735
8220
6453 701
8283
4713 2914
31122 1299
29075 50620
1103 286
263075
12859 2914 30132
12586 57821 1299
8455 1299
7575
12956 701 10429
13193 3320
51185
19151
3303 3320
1239 4637 701
4777 2516
12654
1764 8596
50620
4637
12637 174
57118 29691
12779 174
4608
50763 8943
20764 8732
13030 51395 34781 1299
5392
13237 1299
51395 59891
6762 701
4134 4809
25091
8426
50304 57381 42708
262317 10429
174 2914 701 41497 174 1916 12350 24482
6667
20612
30132
59891
28220
680
31424 33891
29691
31463
12350
41562
196621
8468
701 2914 701 3320 286 1299
8943 1299
57821
22548
57381
1836
30781
22652
8596
4809 52863
34781
2516
25933
42708 1299
8218
53070 10429
8732
198249
1916
10429
198545 29152
24482
15605
2914 2914 1299 4589
41497
25220
52720
3320
51405
25160
33891
286
4589
3333
1299
52863
29152
