#src/zombie.py
# GMT Mon Oct  1 06:33:41 2018
# 
37468 37239 174
24611 6661 51405
8447 6720 3320
57821 12586
61568 3549 263321
198249 15576
28917 8359
22652 3356
198290 6661
41722 20764
34177 3356
8455 2914
48039 8596 174
4230 262757 3356
20080 6762 1251
198545 174 29152
31463 56730 3356
50300 2914
8218 49463 174
16735 22548 52320
12779 174
8607 2914
30132 12859
37271 327995 174
12350 174
7738 8167 1239
3257 2497
47872 3356
263584 263321
50304 42708
41497 174
15576 47176 8758 196621 3303 29691 8220
51185 3356
286 701 1103
23106 52320
2516 2497 4777
50763 8943
28329 3549
38930 8283 174
52320 174
22548
1136 24785 3333
30781 3356 34019 59689
2895 3267
7575 6461
64396 174
701 701 7018 3356 1280 12956 6453 174 6461 1239 2497 2914 6830
1916 174
53070 10429
47176 25435
8758 20612
8928 29680 2497
41617 8359
3333
3549 3356 28220 5392 52720
4637 1299 1221
59414 6830
37100 327782 2497
2613 6893
25160 174
9304 174
25074 9189 61157
29075 198385 174
25435
52863 6762
6893 25091
25091 13002
59891 51395
15605 12874
29680
25152 19151
34019
1239
9189
7018
327782 327960
8426 3356
5392
4608 1221
33891 31424 3356
57381 42708
20764 8359 25227
3303 29222 12874 3320 35054
4777
37239
15547 8220
25933 8167
35054
3252 9002
24785 24785 41095
52720
58299 15623
12874
174 35699 49605 19151 29140 51395 174 12637 24482 15623 2914 6661
3491 2497
8359 3356
45896 3356
56730
61157 3320
2914 6762 3356 12859 29686 1299 2914 4589 13237 2497
15435 1299
1299 13030 8943 42708 12586
12859
1280
513 6830
29691 57118
3267 3356
29152 58308
8167
12586
263321
6830 6830
51395
262757
3356 62567 16347 553 14061 3356 48526 41095 2497 6667 20932 8220 14361 680 25220 29608 9002 5396 8222
49463
29222
29140
327995
13237
8596
48526
12637
2497 9002 6453 3320 6661 12654
34288 9002
12307 57118
28220
1221
15623
1103
57118
1251 52888
42708
9002 39821
62567
49605
13030
12956 10429
20612
8283
14061
20932
41095 13002
202194 198385
327960
29686
51405
8220 3320
3320
25220
29608
6661
52888
5396
8222
6762
31424
35699
25227
198385
553
19151
39821
58308
196621
6720
30844 6453
59689
6667
24482
14361
680
6453
16347
8943 8943
6461
4589
12654
13002
10429
