#src/zombie.py
# GMT Fri Sep 28 16:07:27 2018
# 
50620 6939
6881 6939
57118 6939 12307
59891 6939
196621 15576
37239 6939
202032 6939
37989 4844
2613 6939
37468 174
30844 6939
57381 6939
1251 6939 28571
8220 9002 15576
48166 9002
35369 13030
6667 174
8607 6939 3356 2914 12654
6453 1299 22652
56730 51945
37640 6939
202194 6939
262757 16735
12637 174
25220 9002
20612 6939
9189 6939
52863 6762
33891 553 9002
680 1299
15547 6939
12307
12654 6939 2914 9002
50763 6939
52873 52720 18881
64396 174
59689 6939
264911 6939
8455 8283 13030
1299 24785 1273 174 286 6762 6461 3257 3356 2914 7018
23106 52320
1103 286
16347 6939
37497 6939
198385 6939
28917 6939
41497 6939
22548 16735
15435 6939
50304 6939
6461 8218
15576
8447 6939 6720
8784 6939 34019
29680 8928
10429 12956 53070
53067 6939
43531 8596 9002
8928 9002
20932 6939
262317 6939
8763 13237
29636 174
57821 6939
20080 6939
12859 6939
701 2497 3356
49605 6939
513 6730
4589 3257
1239 1257 3356
25091 13002
31261 41617 31133
6720
31133 6939
51945 6939
286
1273
553
15605 12874
29140 6939
29691 6939
31424 6939
8426 3356
34288 13030
37271 174
49463 6939
5396 6939
50300 6939
24785 20562
51405 6939
12874 6939
29075 6939
1257 3333
13030 1836 198249 6939
13237 9002
22652
25152 6939
62567 6939
41617
47872 6939
3333
25160 174
48526 6939
41722 20764
7018
24482 9002
1916 6939
13002 20764
7575 6939
174 3356 2914 12779 19151
34019
9002 20562 3356 6939
198249
12956 6939 18881
58299 6939
263152 6939
8283
18881
198290 6939
20562
20764 6939 20764
8218
3356 2914 6939 29608
4844 2914
12779
14061 6939
52720
29608
1836
263651 6939
2857 6939
29686 6939
8596
28571
6730 6939 6730
6762
8758 6939
53070
52320 6939
1280 6939
31122 6939
9304 6939
3257
2914
6939 263075 16735
263075
19151
16735
2497
