#src/zombie.py
# GMT Fri Sep 28 15:40:31 2018
# 
50620 6939
6881 15685
57118 29691 12307
31463 50300 56730
680 3356
196621 15576
1239 1257 1299
202032 6939
37989 4844
2613 6893
42708 50304 2603 57381
21385 5539 2603
30844 21320
3320 8447 1299 3303 31133 29551
8426 3356
38930 8283 16265
1251 28571 1916
7575 6461
48166 3356
35369 1764
6667 174
8607 6939
6453 62567 1299 29608 6453
56730
202194 198385
9189 6939
262757 16735
12637 174
25220 29551
20612 6939
10429 12956 53067
52863 6762
37640 6939
12586 6939 57821
15547 6939
59891 6939
12307
12654 25091 559
50763 8943
52873 52720 18881
3303 15576
59689 30781
264911 6939
49605 3356
29691 15576
23106 52320
1103 286
2603 20562 21320 12859
37497 6939
22381 12989 53070
28917 6939
41497 174
22548 12989
37468 174
15435 174
50304
6461 1299 8218
15576 174 198249 34288
1764 174
8447 6720
15605 12874
29680 174
21320 6939 16265 559
64396 174
1273 1299
8928 10026
12989 16735
262317 6939
16347 8218
10026 174
1916 174
25152 19151
37239 37271
8763 5539
29636 174
57821
20080 2914
12859
701 1299 2497
44217 47872 3356
4589 2914
8218 49463
6893 25091
1299 24785 174 13030 5511 12956 286 6762 3257 3356 2914 6939 7018 8943
25091 25091 43100 6939 13002
31261 41617 31133
6720
31133
14061 3356
286
29140 174
553 174
20932 6939
198385 174
31424 6939
48039 8596 174
8455 2914
37271 174
49463
5396 6939
50300 174
24785 20562
34288
12874 6939
29075 174
1257 3333
8943
25160 174
22652 3257
2857 174
57381
15685 29208
62567
41617
47872
3333
30781 5511 34019
559
48526 174
13030
41722 20764
52720
7018
24482 4657
13002 20764
5511
174 174 12779 198290 20764 1836 52320 1280 31122 9304 19151
43100
34019
2914 29208 4844 6661 9002
198249
12956 6939 16735 18881
58299 6939
263152 6939
8283
16265
198290
51405 24611
20562
20764 20764
5539
29208
3356
4844
12779
29551
53067
29608
18881
1836
263651 6939
4657 6939
29686 6939
8596
28571
6762
8758 6939
53070
52320
1280
31122
9304
3257
24611 6661
9002
6939 263075 16735
263075
19151
16735
2497
6661
