#src/zombie.py
# GMT Mon Oct  1 06:13:53 2018
# 
37468 37239 174
24611 6661 51405
57821 12586
263584 263321
198249 15576
29551 25220 31025
28917 39821 174
22652 3356
198290 6661
41722 20764
34177 174
34019 3303
8426 9002
37239
198545 174 29152
31463 56730 50300
13101 12586 9002
50300 174
8218 49463 16347 59689 174
16735 22548 262757 174
12779 174
8607 9002 3356 12654 41095 2914
37271 327995 174
12350 174
7738 701 8167
3257 3356
47872 174
61568 6762 263321
12307 57118
1836 20612 174
15576 34288 47176 8758 196621 3303 29691 174
51185 174
286 2914 1103
23106 52320
50763 8943
28329 3549
20612
52320 174
22548
1136 24785 3333
2895 3267
4777 2497
64396 174
701 2914 2497
53070 10429
47176 25435
8758
6893 25091 2613
41617 31261
3333
3549 3356
4637 1221 1239
59414 6830
37100 327782 174
2613
25160 174
9304 174
25074 9189 9002
29075 174
31261 12389
1916 174
20562 9002
52863 6762
38930 8283 174
29680 174
59891 51395
15605 12874
25152 19151
9189
1239 2914
12389 174
25435
7018 3356
327782 327960
30132 12859
5392 174
41497 174
4608 1221
33891 31424 3320
57381 50304
20764 13002 25227 174
3303 174 29222 12874
52873 52720 12956
7575 2914
1853 6720 1764
20080 6762 1251
15547 8220
20940 37497 9002
25933 8167
35054 3356
3252 174
24785 24785 174
52720
58299 15623
12874
174 49605 3267 174 20932 2914 15435 513 29608 6661 51395 35699 198385 553 19151 29140 48526 12637 6667 24482 1280 15623 1764
3491 9002
25091 13002
45896 3356
56730
2914 6762 3356 1299 9002 3320 8943 4589 12654 29686
15435
1299 3356 8455 13030 42708 13237 14061 62567
12859 9002
1280
513
37497
29691 57118
3267
29152 58308
8167
12586
263321
6830 3356
51395
262757
3356 12956 14361 6453 3320 9002
49463
29222
29140
327995
13237
8596 1764
48526
12637
2497
34288
50304 42708
8455
28220 12956
1221
15623
1103
57118
1251 52888
42708
9002 12956 680 5396 8220 31025 12654 30844
62567
49605
13030
12956 10429
8283
14061
20932
41095
202194 198385
327960
29686
51405
8220
3320 8222
25220
29608
6661
52888
5396
8222
6762
31424
35699
25227
198385
553
19151
39821
58308
196621
31025
6720
30844
59689
6667
24482
14361
680
6453
16347
8943
1764
4589
12654
13002
10429
