#src/zombie.py
# GMT Fri Sep 28 19:39:38 2018
# 
50620 174
6881 15685
57118 29691 12307
31463 3356 56730
680 1299
196621 15576
1299 1273 174 29075 15435 13030 14061 28917 42708 1280 8732 37271 38930 13193 8943 15685
202032 6939
37989 4844
2613 6893
42708 50304 57381
59891 51395
30844 6939
12989 16735 22548
20676 6939 12586
57381
1251 28571 1916
8220 6939 15576
13193 49463
48166 9002
35369 13030
6667 1273
8607 6939
25160 174
56730
37640 6939
202194 198385
41722 9002
6830 6830 174 513
12637 3257
25220 6939
20612 1836
9189 25074
52863 6762
33891 6939 5539 553
12586 57821
15547 3356
12307
12654 6939 25152
50763 8943
25074 3356
64396 174
59689 30781
8943
49605 9002
29691 15576
23106 10429
1103 3257
16347 174
37497 6939
28917
198290 6661
22548
37468 6453
15435
50304
6461 7575 174 8218
15576 198249
8447 3257 6720
15605 12874
29680 8928
10429 12956 53067 53070
53067
43531 6939 8596
8928 6939
3320 3303 2914
3303 174 12874 34019
1916 174
262317 6939
37239 37271
8763 5539
29636 3257
264911 6939
20080 2914
12859 6939
8732 20764
44217 47872 3356
513
4589 2914
8218
38930 8283
1239 1257 174
25091 6893 13002
6720
14061
286 174
29140 3257
41497 3257
7575
20932 3356
198385 29075
31424 6939
8426 3356
34288 9002
37271 2914
49463
5396 6939
50300 174
1273 6939 174 25152
553
51405 24611
12874
29075
1257 3333
13030 1836 58299 8455
22652 3257
25152 23148 6939 19151 2497
15685
62567 6453
41617 9002
47872
3333
30781 3356
6453 174 29686
48526 5511
52873 52720 18881
7018 174
24482 6939
13002 6939
5511 5511 174 29608
174 12956 3356 2857 19151 6762 3257 2914
34019
9002 6939
51395 3257
198249
12956 16735 18881
58299
263152 6939
8283
18881
8596
20764
5539
3356
4844 2914
12779 3257
262757 16735
6893
52720
29608
23148 6939
1836
263651 6939
2857
29686
57821
28571
6762
8758 6939
53070
8455
1280
31122 3257
9304 3257
3257
24611 6661
2914 2497 19151 6661
6939 263075 19151 2497
263075
19151
16735
2497
6661
