#src/zombie.py
# GMT Mon Oct  1 04:57:56 2018
# 
16685 22356 16685 4230
7018 174
6720 1853
22356 28634
15605 12874
29075 15576 198385 1299
202032 35054
3333 1136
1103 11537
22381 53070 4809
57866 8283 1299
29226 2895 12389
15935 29504 1299
8167 7738 25933
3491 7738 41095 174 28513
22652 1299
3356 8426 3549 6730 9002 25091 16347 41095 37271 8896 174 35054
680 20965
49605 9002
3549 52873 5392 9304
4809 1299
29686 3257
4230 28513
6939 24785 1280 51395 15685 1299 21320
20932 174
28634
31424 13030
22388 7660 11537
47692 33891
8758 15576
8896
11537 27750 20965 293 11537
37100 327782 6453
29222 3303
51405 24611
35699 2914
24611 6661
12654 35054 513
1273 3216 48526 25152 6667 12389 1299
38001 41095
39351 42708
1136 24785
2603 8607 21320 12859 20562
559 553 513 20965
513 513 293 6730 20965 174 6830 21320
12874 3303
52873
8607
327782 327960
39821 28917
34177 174
28917 1299
5392
196621 15576
9304
4637 1221 1299
6830 1299
15576
1221 4608
4608
20562
43578 174
6461 174 8218
20612 1836
23106 52320
16347
25091
6893 2613 6730
3257 29140 3252 12779 31742 12586 12637 174
30781 5511 59689
3252
35054 64463 6730
198290 6661
1299 33891 37468 29551 64050 15547 15435 12350 13030 174 8943 16735 42708 8222 13193 14061 52320 47147 5400 25160 13237 8455 51945
33891
198385 202194
29551 25220
20965 1853 21320
51395 59891
12859 30132
29680 174
53070
21232 13030
51945 56730
174 37468 12956 6762 701 37497 51185 16735 5511 286 6327 19151 57111 3320 2914 6453
286
8943 50763
2895
16735 262757
31742
13237
8222
59414 13030
13193 49463
14061
3320 3303
12779
5400 2110
58299 13030
25160
29691 13030 57118
553
59689 58308
37497
12637
395152 63297
52720 37468
25220
6327 63297
25227 12389
9270 9270 7660 24490
20764 3216 41722
24490 24490 7575
12389
8426
20080 6762
9002 2914
50877 6762
2914 15562 50300
50304 42708 57381
42708
56730
50763
63297
30132
202194
25152
25933
49463
7738
29504
6762 41497 5396
15562
52888 1916
5511
6881 15685
198249 13030
3216
701 2497
59891
21320 30844 6661
47147
27750 1916
5396
48526
7660
58308
4777 2497
57821 12586
12956 28220
293
24785 24785
1916
37271
41095
51185
37468 37239
24482 6453
3303
28220
37239
19151
8455
327960
8283
8218
12307 57118
6667
262757
15547
2110 39122
6453
64463
50300
41497
13030 34288 1836
1853
64050
12586
57118
57381
12350
7575
34288
30844
15685
39122
2497
41722
15435
1280
29140
57111
2613
52320
1836
28513
6661
6730 6730
