#src/zombie.py
# GMT Fri Sep 28 16:53:21 2018
# 
50620 6939
29686 6939
12874 3303 15605
31463 6939 56730
680 3356
196621 15576
1239 1257 1299
202032 6939
37989 4844
2613 6893
42708 1299 50304 12654
21385 5539 3356
30844 6939
3320 13193 1299 3303
20676 12586 3356
25152 19151
1251 6939 28571
13193 49463
48166 3356
35369 13030
6667 3356
8607 6939
25160 174
56730
198385 29075
202194 13030
262757 16735
12637 2914
25220 3356
20612 1836
9189 25074
52863 6762
37640 6939
12586 57821
6772 13030 15576
15547 3356
59891 6939
12307 59414
12654 9002 2914 6939 286 6762 13030
50763 8943
25074 3356
64396 174
59689 30781
264911 6939
49605 9002
6881 25512
23106 3549
1103 286
16347 8218
1764 8596 3356
22381 12989 53070
48526 3356
28917 6939
1836 13030
22548 12989
37468 6453
15435 6939
50304 57381
6461 7575 1299 8218
15576
15605
29680 174
53067 6939
8928 1299
12989 16735
8943 1299 8943
3303 34019
59414 13030
20932 174
262317 6939
37239 37271
8763 5539
29636 174
41722 20764
20080 2914
12859 9002
44217 47872 3356
513 6730
4589 2914
8218
6893 25091
1299 286 6762 1273 3257 3356 2914 6939 7018 13030 6453
25091 13002
6720 1853
31133 31261 9002
14061 3356
286 174
31261 41617
34019
1916 174
29140 6939
29691 6939
31424 6939
8426 6453
8359 20764 3356
37271 174 3356
49463
5396 6939
50300 6939
7575
34288 13030
29075 174
1257 3333
13030 29608 198249 58299 8455 6939
37497 6939
2857 6939
57381
62567 3356
41617
47872
3333
30781 2914
6453 3356 9002 24482
22652 3257
1853 2852
52873 52720 18881
7018
24482
2852 6939
13002 20764
1273
174 25512 6762 1280 9304 2914 12779 19151
43100 9002
553 3356
2914 2497 4844 6661
198249
12956 6762 18881
58299
263152 6939
8283 8455
18881
198290 6661
51405 9002
8596
20764 20764 3356
5539
3356 6730 3549 9002 6939
4844
12779
52720
29608
41497 6939
263651 6939
57821
25512
28571
6730 6730
6762
8758 9002
53070
8455
1280
31122 3257
9304
3257
3549 16735
9002 6939
6939 263075
263075
19151
16735
2497
6661
