#src/zombie.py
# GMT Mon Oct  1 04:35:25 2018
# 
52873 18881 52720
1916 174
22548 16735
14061 1299
7018 3257
34781 12859
8447 6720 3257
53070 10429
37239 4809
29075 12859 58308 174
5396 6762
6453 3257
701 2497 1280 3257 702
8468 3549
6461 3257 8218
3252 702
16735 52320 174 28138
57821 12586
3491 28513 3257 12389
30844 12859
35054 3303
174 20764 25160 3257 1764 19151 198290 52320 12637 29140 41497 50620 50300 24482 64396 1836 5392 9304 15435 174 28917 38930 35699 48526
35699
2895 29076
29691 57118 15576
3356 3356 680 29608 51185 8426 3549 3257
51405 24611
1853 21320
58299 13030
4777 2497
13030 12859 31424 51395 1299
9189 8422
1764 8596
19151
8220 3320 15547
1239 4637 3257
12956 18881 28220 10429 3257
41497
12859 20932 12654 3257 2603 6667 49605 2914 12350 12779 16347 31122 9002 34177 25091 31463 41095 6661 20562 8422
53067 10429
5511 30781 3257
6939 30132 1299
50763 8943
15435
37271 4809 327995
24482
24611 6661
4230 28513 262757
52863 4809
198385 202194 41562
8426
12874 3303 15605
327995
59689 30781
12350
15547
29680 3257
3333 1136
20080 2914
5392
25933 3549
31463 56730
263321 263584 7738
1103 286 2603 12654
29076 12389
13237 1299
20562
2613 25091
31424
42708 57381 50304 1299
513 6730
57118
4637 1221
4589 3257
41562 15576
41095
2914 7575 47872 29686 4713 9002 3257 8607
553 680
7738 3257
1299 4809 3257 8455 62567 8943
8607
198249 15576
2497
263584
26615 6762 16397
29222 3303
13193 3320 49463
15576 196621 3303 34288 8758
14361 3257
62567
25160
12389
34177
47872
8943
262757
34288
56730
7575
21320 2603
30781
3320 4809 6730 3257 3303 8222 25220
59891 51395
8455
2603
1836
680
13002 20764 25091
8758 20612
48526
8422
20764
1221 4608
28513
5413 12654
49463
28917
286 1136 3257
25220
28220
34019 3303
12637
39821 9002
52720
4713 25152
25152
18881
50300
8222
6720
9304
202194
4608
50304
20932
3549
51185
16397 263075
4134 4809 3257
52320
49605
29140
8596
6661
28329 6762
9002
12586 3257
3303
22652 3257
57381
6730 6730
29686
702
29608
198290
28138
38930 8283
15605
8218
51395
263075
3257 6762
1136
6667
4809
6762
10429
196621
12654
64396
20612
12779
16347
58308
31122
50620
8283
25091
30132
1280
