#src/zombie.py
# GMT Mon Oct  1 05:44:47 2018
# 
263584 263321
6762 52863 41497 3491 50877 37271 174 31463 3356
6720 8447
22356 52863 28634
15605 12874
14907 6461
264911 52863
12307 39540
3333 12859
1103 3257
57866 8283 701
29226 52320 2895
6894 2497
3491 64050 38001
22652 3356
3356 8359 553 8220 41095 51185 3356 680 8607 49605 3549 6730 5396 1836 5400 174 34177
680
49605
3549 52873 5392 9304 16735
29686 2914
20932 174
31424 33891 20612
53067 52863
47692 33891
205206 42525
8896 174
28634
14007 395152 6939
34549 13101
39392 174 29504
51405 24611
35699 2914
12654 52863 1916
701 1280 1299
8359 28917
38001
39351 42708
29680 8220
8220 3320 15547
513 6830
12874 3303
52873
8607
327782 37100 327960
39821 28917
29075 1299
34177
28917
42525 3320
1764 35369 8218
5392
196621 8758
9304
56730 31463
6830 174 6830 59414
15576 29691 198385 21232 8758 34288 174 198249
1221 4637 4608
4608
20562 52320
43578 174
6461 2497 7575 52320 174 8218
20612
263152 1916
23106 52863
25091 2914
3257 174
30781 2914 59689
3252 9002
35054 3303
198290 6661
13101 52320
1299 8732 12586 1273 13030 6453 4637 12389 15435 42708 52320 50304 174 286
33891 3320
198385 202194
40191 174 395766
31463 50300
12859 52320 30132
53070 52863
21232
14840 52863
174 37497 24482 51395 12350 7018 3303 19151 31742 6661 1916 3320 52320 12779 2914 58299 6453 64463
6939 1916
8943 2914 50763
2895
16735
31742
4777 2497
39540 57118
1916 52863 52888 1916
59414
13193 3320 49463
14061 2914
3320 8222 3303 8447
51395 59891
12779
5400 2110
58299
13760 2914
25160 2914
12350
29691 57118
553
59689
37497
12637 2914
262317 52863
266534 52863
395152
263075 52863
52720 52863
25220 2914
16347 2914
25227 12389
20764 8732 41722
8426 6453
20080 2914
9002 2914
50877
2914 8455 29140 15562 29208 2497 49375 47147 13237
50304
42708
4637
286
50763
8455
202194
25152 19151
25933 52863
49463
15435
29208 15685
29504
7018
15562
52888
6881 15685
198249
8732
24611 6661
1273 48526 6667
59891
47147
5396
48526
13237
8222
37271
41095
51185
37468 52863
6893 2613 6730
3303 29222
49375
28220 52863
19151
30132
327960
8283
8218
12389
6667
262757 52863
15547
395766
2110 39122
6453 37100
8758
64463
50300
263321 52863
41497
13030
64050
12586 57821
24482
57118
37100
7575
34288
30844 52320
29222
15685
35369
8447
39122
52863 52320 263508
2497
41722
57821
1280
29140
57111 52320
2613
263508
52320 6661
1836
6661
6730
