#src/zombie.py
# GMT Mon Oct  1 05:13:26 2018
# 
37468 6453
50620 6939
8422 1299 9189
24611 3549 51405
12989 22548 16735 53070
264911 10429
57821 12586
62567 6453
174 701 6762 3356 1299 25160 1280 16347 6453 7018 19151 286 3257 6461 1239 20764 64396 16735 2914 6830
286 8596 1103
198249 29691
28917 1299
22652 3356
52863 6762
56730 31463
2914 29140 6661 12859 8365 20080 8607 29636 4589 12637 50300 25220 7575 9002 30781 1916 4844
20485 13002 3356
15435 1299
1299 15685 8928 31133 13030 20932 14061 8943 29075 553 42708 37271 16735 13193 1273
12859
1280
513 6830
37497 6939
31133 31261
20080
29691 15576
31463 21396
15547 3356
1257 3333 1239
16347
41497 3257
50300
12586 20676
8218 6461
16735 262757
15576 6772 34288 196621
12779 3257
5539 8763 21385
8607
6830 6830
51395 3257 59891
7018
3356 20676 49605 8426 44217 680 6939 21385 3549 15605 20764 1853
37271 37239
4844 37989
8763
49463 13193
21385
6661 198290
29140
15685 6881
3257 9304 31122
47872 44217
6881
202032 6939
44217
262317 6939
8596
48526 1273
12637
2497 701 25152
34019 30781
34288
15605
37989
50304 42708
58299 13030
23106 10429
1103
50763 8943
34781 13030
31261 41617
20612 1836
1251 28571 1916
680
22548
28571
31424 6939
1273 6667
30781 59689
7575
64396
701
1836 13030
49605
13030 35369 8455 6772
1853 6720
8758 6939
12956 6762 10429
21396 6453
14061
3333
8928 29680
3549 28329 52720
9189
263075 6939
198290
13193
20932
37640 6939
263651 6939
52720
59689
25160
4589
29686 6453
9304
51405
8365 2857
29636
29075 198385
28329
1916
6939 263152 20764 5396
25220
29608 6453
41617
5396
6762
6893 25091 2613
25091 13002
59891
2613
263152
198385 202194
57381 42708
25152
29680
19151
42708
2857
8455
1239
196621
53067 10429
20676
6720
30844 6453
202194
13002
6667
24482 6453
8426
9002
6772
6453 6453
262757
31122
35369
8943
6461
53070
553
20764 12654
12654
37239
10429
