#src/zombie.py
# GMT Mon Oct  1 05:45:11 2018
# 
1916 28329 1251
14061 1299
7018 6762
34781 13030
8447 6939 6720
30844 6939
53070 12989
25160 174
12389 1273 48166
37239 6939
24611 51405 6661
37989 4844
1836 13030
25091 6893 13002
34288 15576
6461 7575 6762 8218
263674 28329
20932 174
2613 6893
21320 174 1853
3320 3303 6762 6730 8422
16735 28329 12989
59891 6939
12713 1273 47872
8455 13030
25512 6881 1299
57821 12586
4589 3257
8763 5539
6893
680 553 3356
8426 3356
35369 174
13002 20764
16347 8218
1239 6762 1257
8422 9189
3356 20676 19151 21385 49605 22652 6762
263651 4809
3333 1257
1853
28917 6939
29075 174
8943 1299 50763
29680 3257
49463 8218
9189
286 6762 8596 1103
6881
29608 174
202032 6939
19151
29691 15576
6453 6762
25220 6939
14840 4809
4844 2914
52720 28329
13030 1299
29636 174
41497 174
25152 2497
12859 2914
1273 1299
24482 174
10026 8928 6939
6720
48166
37497 6939
9304 174
6939 28329 20612 31122 53067 29686 37640 58299 50300 15547 6762 8607
202194 198385
48526 174
12654 28329 52863
50300 31463 174
15435 1299
12989
8928
50304 57381 42708 174
47872
52863 4809 6762
20764 20764 174
64396 174
8365 2857 6762
12874 3303 15605
34019 3303
49605
29140 174
59689 8218
20676 12586
15547
6661 198290 174
53067
28329
8596
9002 2914
12586
20080 2914
22652
56730 31463
57381
701 2497 6762
31463
174 198385 12779 6667 6762 50620 174 15576
29686
58299
1103
1251 28571
198290
38930 8283 1299
15605
8218
7575
42708 1299
5539 21385
513 6730
57118 196621
50763
3257 6762
1257
6667
4809
37640
196621 15576
2914 2497 6762
553
20612
1299 6762 1280 62567
12779
8607
198249 15576
2497
37271 6762
51405
31122
50620
198385
21385
8283
6730 6730
6762 3303
28571
15576 3303
3303
1280
2857
62567
