#src/zombie.py
# GMT Mon Oct  1 04:35:25 2018
# 
1916 174
22548 3549
14061 1299
196621 8758
34781 13030
198545 29152 174
8447 3320 6720
12654 3252 20764 41095 9002
25160 174
8943 1299 50763
30132 12859
24611 51405 6661
29075 174 50620
24785 1136 41095 24785
5396 6762
8220 3320 15547
701 3356 2497 7018 3491 1299 286 6762 174 702 2914 6453 6461 1280
8468 3549
25220 3257
263075 16397
7018
3252 174 702
57381 50304
7738 3320 263321
3320 3356 3320 513 8222 33891 4809 3303 702 2914 13193 8422
16735 174 28138 262757 3549
59891 51395
8455 3257
57821 12586
34177 3356
1836 174
50300 31463 174
35054 3549
680 553 3356 174
56730 31463
37239 4809
49605 3257
13002 20764 25091
8607 2914
8758 20612 15576
2895 3267
29691 57118 15576
8422 9189
20764 20562 174 30844
51405
1853 1764
58299 13030
4777 2497
1221 4637 4608
1103 3257
49463 13193
39821 28917
53070 10429
286
1764 174 8596
19151 174
6453 8426 174
6461 8218
28220 3549
28329 6762
12956 174 10429
263321 263584
12637 3257
13030 1299
38930 174 8283
41497 3257
4713 2914 25152
25152
12859 9002
35699 174
24482 174
6720
9304 3549
9189
33891 31424
202194 198385
48526 174
50763
15435 3257
52720 3549
37271 4809 327995 9002
8222
13193 13193
50304 42708
47872 3356
262757
52863 4809
3549 25933 3356 16397 5392
51185 3356
8426
16397
3491
34288 15576
12874 3303 15605
15547
12350 174
34019 3303
31424
29140 3257
20932 174
59689 30781
13237 3257
51395 3257
8596
10026 4637 41095
6661 198290 174
53067 10429
28917 174
29680 174
9002 3356 2914
12586 3257
20080 2914
22652 3257
5392
25933
58308 29152
31463
29152
174 3356 3257 29222 2914 1299 6762 64396 174 29608
30844
702
29608
29222
198290
28138
20562
30781 3356
15605
8218
7575 2914
327995
42708 1299
513
57118
4637
4589 3257
3257 31122 6667 29686 14361 12779
41562 198385 15576
1136 3333
6667
4809 1299
41095 3356
10429
3356 3356 2497 2914 1299
2914 16347
553
64396
20612
1299 3267 62567
12779
16347
198249 15576
2497
263584
2613 25091
31122
50620
29686
198385
3333
8283
25091
3267
6762
4608
15576 3303
3303
1280
14361
62567
