#src/zombie.py
# GMT Sat Sep 29 04:29:30 2018
# 
41497 6762
41722 20764
20080 2914 1251
49605 8758 12654 57111
263152 6939
8943 50763 1299
12956 6939 10429
29686 6453
49463 13193
29608 3356
38001 6453
8732 20764 6762
3320 42525 6939 3303 47147 33891 13193 8447
202032 6939
52320 52863 1299
1273 6667 1299
263075 6939
12307 39540
264911 6939
39351 42708
37640 6939
2110 39122 6939
59689 30781
50300 31463
58299 6939
1251 28571
28917 1299
1916 2914
25152 2497
4844 37989 6939
56730 31463
266534 6939
25160 6939
42525 205206
6720 8447
25512 6939 6881
20764
13193
6453 37468 4230 22356 48526 14061 38930 37271 22652 8426 6939 15576 24482 47692 29075
37468
15547 1299
50763
9002 4635
1103 286
3491 6939
5396 6939
8455 1299
57118 29691 39540
50620 6939
3549 263702 52873 3356
1280 6939
198249 15576
6894 2516
43100 57111
47147
3356 553 6939
22652
1299 50304 16735 20676 49375 42708 6939 13030 680
24482
50304
4230 262757
8896 6939
48526
12874 15605 3303
701 2516 6939 2497
59891 6939
263702
33891 34549 39392
9304 15830
47692
29691 15576
262317 6939
2914 12637 15562 29140 29636 6939
52720 6939
25220 29551
12779 57111
7575 6939
3333 12859
12637
3257 6939
20676 12586
29680 6939
31025 57111 29551
34549
1836 13030
262757
30844 6939
205206
20612 6939
20932 57111
57111 12859 2613 51405 25091 6661 12654 2857 50877 16347 6939 30781
6830 513 6830 59414 6939
12586 57821
680
15562
7018 6939
553
29075 198385 34019
4635 6939
12859
2613
15605
52863
57821
19151 6939
39392 29504
28571
22548 6939
31463 6762
16735
37989
6461 8218 6939
28634 22356
52873
4777 2497
34288 15576
59414
35369 13030
25091
8426
202194 198385
29504
14907 38930
15830 6939
3303
198385 15576
50877
14061
39540
513
6939 31122 8607 52888 64463 286 15435 31424 6762 2497 263508 31742 53067
30781
8218
6881
31122
39122
21232 15576
49375
6667
16347
8758
198290 6661
53070 10429
8607
13030
52888
64463
12654
34019
2516
37271 37239
15435
31424
29140
42708
10429 23106
8283 38930
6762
29551
2497
23106
2857
51405
286 20495
29636
6661
20495
38930
37239
263508
31742
22356
15576 196621
53067
196621
8447
