#src/zombie.py
# GMT Mon Oct  1 03:50:45 2018
# 
52873 18881 52720
1916 52888 174 2914
22548 16735
14061 1299
7018 5511
34781 1299
198545 29152 174
59891 51395
53070 10429
37239 4809
29075 174 50620
5396 6762
6453 5511
701 4134 1299 702
8468 3549
25220 29551
3252 702
48039 12586 8596
28220 12956
16735 174 12956 28138
57821 12586
3491 174 12389
24785 1136 174 24785
35054 3549
6730 513 174 6730
35699 174
2895 29076
29691 57118 15576
3356 5511 41095 1853 3549 51185 174 14361 25074
51405 24611
52888
1853 6720 1764
263321 263584 7738
4777 2497
13030 1299 58299 29608
9189 25074
30132 12859
19151 174
8220 3320 15547
1239 5511 4637 7738
12956 18881 5511 10429
52720
12859 42708
262589 28329 174
3216 20764 1273
5511 2914 3257 6762 174 29608 6461 1299
6939 1280 51395 1299
50300 31463 174
15435 1299
263584
24482 174
24611 6661
8426 6695
12874 3303 15605
327995 37271
59689 30781
12350 174
15547
2613 25091
29680 8928
3333 1136
20080 2914
5392 174
25933 26615
31463 56730
29152 58308
58299
1103 3257
29076 12389
20562 50304
198385 202194 41562
262317 10429
31424 33891
42708 50304 30781 42708 31025 8928 6695 13101 1299 30844 16347
513
57118
50763 8943
41562 15576
12779 174
41095
2914 7575 2497 47872 29686 4713 9002 8455 8607
553 680
7738
1299 50304 3320 1273 33891 49605 8943 174 13237 38930 62567
8607
198249 15576
2497
37271 4809
4637 1221
31025 12586 29551
8928 4589
26615 6762 16397 26615
34177 174
29222 3303
13193 3320 49463
15576 196621 3303 34288 8758
14361
62567
25160 174
12389
4589
47872
30844
34288
56730
7575
30781
3320 3303 8222
8455
8943
1836 174
680 174
13002 20764 25091
8758 20612
48526 174
20764
1221 4608
49463
28917 39821 174
286 174
13101 12586
6461 8218
29551
34019 3303
12637 174
39821
41497 174
4713 25152
25152
18881
1273
8222
64396 174
9304 174
33891
202194
4608
6695
50304 57381 174 12654
20932 174
3549
51185
16397 263075
4134 4809
13237
49605
29140 174
8596
6661 198290 174
28329
9002
6720
12586
3303
22652 3257
25074
57381
174 6667 1764 31122 174
29686
702
29608 43100 12654
198290
28138
38930 8283
15605
8218
51395
263075
3257
1136
6667
4809
6762
10429
196621
12654
20612
16347
58308
31122
50620
8283
25091
43100
1764
1280
