#src/zombie.py
# GMT Mon Oct  1 06:13:03 2018
# 
29608 3356
50620 6939
8422 9189 3320
2857 174
12989 22548 16735 53070 6939
42708 1299 50304
30844 6939
264911 6939
57821 12586
62567 3356
174 64396 3356 12637 198385 19151 29680 29140 198290 174 48526 41497 24482 1280 25160 6730 12779 48039 29636 29075 2914 1916 31122
43100 9002
286 3356
198249 13030
28917 1299
22652 6939
198290
56730 31463
2914 3356 1299 4844 12956 20080 29686 6461 3320 6939 4589 12654 8607 2497
12713 3356 47872
15435 6939
34019 3303
28666 262757 4809
12859 9002
1280
513 6730
37497 6939
1299 8943 3356 1273 13030 8732 50304 6453
20080
16347 8218
31463 3356
25512 6881 6939
15547 3356
1257 3333 1239
41497
50300 9002
12586 20676
8218 6461
16735 3549 6939 4809
2497
12779
5539 8763 21385
8607 3356 12654 6939
7018 3356
3356 6762 20676 680 6667 14061 3257 1239 9002 6453 3549 6939 25220 1853 30781
37271 6939
4844 37989
8763
49463 13193
6939 31424 49605 37640 8758 10026 263152 4635 263075 59891 20932 263651 262317 8426 37239 51405 28329 1251 21385 53067 202032 12654 5396
4635 9304
12874 3303 15605
37239
3257 1103
47872
6881
52863 6762
50304 57381
8596 48039
48526
18881 52873 12956
12637
15576 6772 196621
34288 13030
1916
37989
262317
58299 13030
23106 10429
1103
50763 8943
34781 13030
31261 31133 41617
20612 1836
15605
1251 28571
680 553
53067
28571
31424
9002 6453 12654
30781 59689
31133 3320
7575 6461
64396
1836 13030
49605
13030 35369 8455 6772
8758
12956 6762 10429
8283 8455
14061
3333
8732 20764
8928 10026
3549
9189
263075
13193 3320
20932
37640
263651
59689
25160
4589
29686
9304
51405
29636
29075
28329
3320 3303
21385
25220
202032
41617
5396
4809
6762
6893 25091 2613
25091 13002
59891
2613
10026
263152
198385 202194
553
25152 19151
29680
19151
22548
8455
1239
8426
196621
29140
6720 1853
20676
202194
13002 20764
6667
24482
48039
1273
6730 6730
12654
6772
6453
262757
52720 52873
35369
8943
6461
53070
57381
20764
3303
52873
1853
31122
10429
