#src/zombie.py
# GMT Mon Oct  1 05:09:01 2018
# 
1916 6939
14061 1299
7018 174
34781 13030
8447 6939 6720
2914 4844 8455 174 4589 9002
25160 174
263152 6939
48526 5511
37989 4844
30844 6939
5396 6939
701 3356 1280 174 2497
57463 6939 29686
56730 31463
20932 6939
2613 6893
21320 6939 1853
3320 3303 6939
16735 12956
59891 6939
8455
3549 3356 52720
57821 12586
8943 1299 50763
8763 5539
6893 25091
680 553 6939
8426 6939
35369 174
13002 6939 25091
8607 6939
29691 198249 15576
29636 174
3356 20764 6939 174 15576 5511 37271 1299 22652
263651 6939
52888 1251
1853
28917 6939
6830 513 6830 6939
29608 6939
49463 6939
53070 12989
286 6939 1103
8422 6939 9189
6881 15685
1764 8596 174
202032 6939
19151 174
6453 6939 62567
25220 6939
37239 37271
4844
12956 6939
23148 6939 25152
34019 3303
13030 1299
15685 29208
41497 6939
25152
12859 6939 3333
1273 6667 6939 1299 5539
24482 4657
6720
9304 6939
5511
31463 50300
6939 52863 1251 262317 12874 49605 29075 59689 15547 6661 7575 28329 12586 20080 1299 44217 58299 12989 20764 31424 264911 263075 12779 37640 20612 16347 29140 2857 51405 31122 50620 8218 15435 4657 29208
202194 198385
12989
50300 5580
5580 3257
29075
52720
37271
29208
8928 1299
50304 57381 42708
47872 44217
52863
20764 174 12654
64396 174
51405
12874 15605
31424
29140
59689
8596
34288 15576
6661 198290
4657
264911
28329
29680 174
3333
12586
20080
22652
15547
57381
263075
44217
9189
174 198385 3257 6762 1836 1299
29686
58299
1103
1251 28571
198290
38930 8283 1299
15605
8218
7575
262317
1836
42708 1299
5539
513
57118 196621
50763
4589
3257
12779
6667
37640
196621 15576
12654
553
15435
20612
1299
16347
198249
2497
49605
31122
50620
198385
9002
8283
25091
6762
28571
15576 3303
3303
1280
2857
62567
