#src/zombie.py
# GMT Mon Oct  1 04:37:03 2018
# 
52873 18881 52720
1916 2914
22548 16735
14061 1299
7018 2914
34781 13030
59891 51395
1251 20080 28571
53070 10429
37239 4809
29075 5511 58308 8468 50620
5396 3356
6453 2914 8468 29686 5392
701 2497 702 23148 2914
8468 42708 20932 51185 12779 8732 553 13101 41095 1764 12654 13237 16347 29140 6695 31122 31025 24482 49605 34177 30844 6939 28917 20562 13193
25220 29551
3252 702
48039 12586 8596
29551 31025
16735 12956 28138
57821 12586
3491 12389 2914
30844
35054 3303
35699 174
2895 29076
29691 57118 15576
3356 3549 3320 29608 9002 174 2914 12956 8607
51405 24611
52888 28571
1853 6720 1764
263321 263584 7738
4777 2497
39821 28917
9189 6695
1764
19151 174
8220 5511 15547
1239 4637 262589 7738 2914
12956 28220 10429 18881 6695
52720
12859 30132 9002
262589 28329
5511 30781 48526 2914
6939 51395 1280
50300 174
15435 1299
263584
8222 3320
24611 6661
198385 202194 41562
8426 6695
12874 3303 15605
327995 37271
59689 30781
12350 174
15547
29680 174
3333 1136
20080 6762
5392
25933 26615
31463 6762 56730
28917
1103 3257
29076 12389
20562 24785
58299 13030
2613 25091
262317 10429
31424 13030
42708 50304 1299
513 3320
57118
50763 8943
41562 15576
12779
30132
41095
2914 47872 25160 3257 286 6762 12654 6461 6661 3320 9002 1299 174 37271 8607
553
7738
1299 13030 38930 1273 4809 62567 8943
8607 12654
198249 15576
1136 24785
2497
37271
8218 6461
4637 1221
31025 12586
26615 6762 16397 26615
34177
6762
4608 1221
15576 196621 3303 34288 8758
14361 3257
62567
25160
12389
4589 3257
47872
24785 24785
34288
56730
7575 6461
30781
3320 3320 3303
8455 3257
8943
1836 13030
680 174
13002 20764 25091
8758 20612
48526
20764 8732
1221
49463 13193
286
13101 12586
6461
28220
23148 25152
34019 3303
12637 3257
13030
41497 3257
25152
18881
1273 6667
24482
64396 174
9304 174
202194
13193
6695
50304 57381
20932
3549
51185
16397 263075
13237
49605
29140
8596
6661 198290
28329
9002 12654
6720
12586
22652 3257
57381
174 174
29686
702
29608
198290
28138
38930 8283
15605
28571 28571
51395
263075
3257
8732
6667
4809
29222 3303
10429
196621
12654
20612
16347
58308
31122
50620
8283
25091
3303
1280
