#src/zombie.py
# GMT Sat Sep 29 09:23:33 2018
# 
41497 6762
6667 1273
6661 57111 198290
41722 20764
12637 3257
20080 2914
49605 12654 8758 57111 6939 12859
263152 6939
8943 50763 1299
12956 6939 10429
29686 6453
49463 13193
38001 4657
3320 3303 6939 8447
202032 6939
52320 23106 16735
1273 1299
328145 328206 6774
263075 6939
12307 59414
264911 6939
39351 42708
37640 6939
2110 39122 5400
4777 2497
29208 15685 57111
50300 3356
58299 13030
1251 1916 28571
28917 1299
1916 2914 52888
25152 19151
4844 37989 6939
56730 31463
25160 6939
6720 8447
29608 3356
20764 8359 3356
13193 1299
6453 174
37468 37271
15547 3356
8607 6939
50763
9002 3356
1103 286
3491 6939
5396 6939
57381 50304
50877 57111
328206
50620 6939
3549 263702 52873 16735 3356
1280 6939
198249 13030
196621 15576
43100 57111
47147 1299
3356 25091 14061 15576 6774 8896 37271 48526 6939 30781 33891 680 8359 174 12586 47692 22652 8426 553 6730
22652
1299 5400 62240 174 15435 31742 42708 6939 29075
6730 513 6730
24482 4657
50304 42708
8896
48526
12874 15605 3303
701 174 2497
59891 136620
263702
33891 39392
9304 4635
47692
29691 13030
2914 15562 29140 29636 6939
20932 57111
8359
52720 52873
25220 29551
12779 3257
7575 6939
3333 1257
19151 174 6939
3257 6939
6774
29680 6939
31025 57111 29551
1836 20612 13030
262757 6939
30844 57111
20612
1239 6939 1257 4637
12586 12586 57821
680
15562
7018 174
553
29075
4635 6939
12859
2613 57111
57111 2857 51405 174 16347 12654 6939
15685 6881
57821
286 174
4637 4657
28571
22548 6939
31463 6762
16735
37989
6461 8218 174
28634 22356
52873
62240 136620
34288 13030
59414 13030
35369 13030
25091
8426
202194 13030
29504 39392
136620 136620
6939 262317 13030 37271 64463 6762 31122 263508 31424 53067
1257
27715 22356 10429
198385 15576
8455 20495 13030 8283
14061
513
15605
3303 34019
30781 59689
8218
5400
6881
31122
39122
21232 13030
4657
16347
8758
198290
53070 10429
262317
13030
52888
64463
12654
34019
37271 37239
15435
31424
29140
42708
10429
8283
6762
39392
29551
2497
23106
2857
51405
29636
59689
174
20495
37239
263508
31742
22356
15576
53067
8447
