#src/zombie.py
# GMT Fri Sep 28 20:09:38 2018
# 
50620 174
6881 15685
37640 6939
31463 21396 50300 56730
59891 6939
196621 15576
1299 1273 2914 14061
202032 6939
37989 4844
2613 6893
37468 174
30844 6939
3320 31133 3303 2914
57381 50304
1251 6939 28571
6667 1273
8607 6939 3356 12654
6453 3356
56730
202194 13030
9189 25074
262757 6939
12637 2914
25220 2914
20612 1836
10429 12956 53070
52863 6762
37239 6939
12586 57821 31025
6772 13030 15576
15547 6939
34781 13030
16347 9002
12654 6939 2914 9002
50763 8943
52873 52720 18881
64396 174
59689 30781
8943 2914
49605 9002
23106 52320
1103 3257
35369 13030
37497 6939
48526 174
28917 6939
41497 174
22548 16735
15435 174
50304 6939
6461 6939 7575 8218
15576
25074 2914
57821
29680 174
21320 9002 1853
53067 6939
8928 2914
1764 8596 174
3303 12874 34019
1916 2914
262317 6939
8763 5539
29636 2914
264911 6939
20080 2914
12859 6939
44217 47872 2914
28329 3549
31025 6939
8218 49463
6893 25091
1239 1257 3356
25091 13002
6720 1853
31133 31261
14061
286 3356
29140 2914
680 6939 553
31261 41617
31424 6939
198385 29075
8426 6939
8455 8283 13030
37271 2914
49463
5396 6939
50300
1273
553
34288 13030
12874 15605
29075 174 9002
1257 3333
13030 1836 198249 6939 58299
22652 6939
2857 6939
25152 19151
15685 29208
62567 2914
41617
47872
3333
30781 2914
25160 174
1853
41722 20764
7018 3356
24482 6939
24611 51405 6661
13002 20485
7575
174 198290 20764 3356 12779 29608 52320 1280 31122 9304 2914 19151 16735
43100 9002
34019
2914 12956 5539 3356 2497 29686 4589
198249
12956 16735 18881 3356
8283
263152 6939
58299
18881
198290
51405
8596
20764
5539
29208 6939
3356 9002 3257 3549 6939
4844 6939
12779
21396 6762
52720
29608
4589
1836
263651 6939
15605
29686
28571
6762 6939
8758 6939
53070
52320
1280
31122
9304
3257
3549
9002 6939
20485 6939
6939 263075 6661
263075
19151
16735
2497
6661
