#src/zombie.py
# GMT Mon Oct  1 04:08:04 2018
# 
37468 174
50620 174
2857 174
22548 16735
264911 10429
57821 12586
62567 6453
29208 15685 2914
174 64396 3356 16347 6453 19151 29680 29140 286 3257 51945 5511 1239 6762 174 20932 12637 15576 1299 48039 25160 6730 12956 9304 15623 4230 29075 6461 2914 198385 12779 31122
43100 9002
286 1103
198249 29691
28917 1299
22652 3257
8359 3356 41617
52863 6762
56730 51945
29140
41722 20485
2914 1299 4844 12956 20080 19151 29636 4589 6661 9002 1916
20485 13002 9002
15435 1299
1299 7018 8928 20676 25220 13030 1280 680 14061 8732 8943 38930 15547 3356 42708 16735 13193 1273
12859 6939
1280
513 6730
37497 6939
20080
29691 15576
31463 6939 50300
15547
1257 3333 1239
16347
41497 3257
50300
12586 20676
8218 6461
16735
2497 701
12779
5539 8763 21385
8607 6939
3320 3303 3356
51395 3257 59891
13002 25091
3356 701 49605 44217 12956 9002 553 25074 3549 6939 1853
37271 37239 6939
4844 37989
8763
15685 6881
49463 13193
21385 6939
6661 198290
51945
12874 3303 15605
25074 9189
37239
3257 8455
47872 44217
6881
202032 6939
44217
262317 6939
8596 48039
48526 5511
18881 52873 12956
12637
15576 34288 6772 196621
34019 3303
34288
15605
37989
50304 42708
58299 15623
23106 10429
5511 29608 5511 30781
15623
1103
50763 8943
34781 13030
28329 3549
38930 8283
1251 28571 1916
680
53067 6939
28571
31424 6939
1273 6667 25152
30781 59689
7575 6461
64396
701
1836 20612 13030
49605
13030 35369 6772 12654
1853 6720
8758 6939
12956 10429
20612
8283
14061
3333
8732 20764
8928
3549
9189
263075 6939
198290
13193
20932
37640 6939
263651 6939
59689
25160
4589
29686 6453
9304
51405 6939
29636
29075 198385
1916
6939 263152 19151 5396 12654 30844
25220
29608
41617
5396
6762
6893 25091 2613
25091
59891
2613
263152
198385 202194
553
19151 12654
29680
25152
42708 57381
8455
1239
8426 6453
196621
20676
6720
30844
202194
7018
6667
24482 6453
48039
4230 262757
6730 6730
9002 12654
6772
6453
262757
52720 52873
35369
8943
6461
53070 10429
57381
20764
3303
52873
12654
31122
10429
