#src/zombie.py
# GMT Mon Oct  1 06:19:50 2018
# 
263584 263321
263321 61568
49605 47692
7018 286
6720 47692
37497 57111
12637 57111
266534 16735
15605 47692
14907 3333
29075 47692
202032 47692
3333 8426 15435 37468 9002 6762 16347 12654 41095 6667 23106
52888 1251
52720 52873
12956 28220 7738 10429 12654
20612 47692
16347
25227 9002
29226 47692 2895
6894 12859
8426
8167 7738 25933
31025 12586 47692
3491 6453
31424 47692
20764 3356
3356 3549 8455 22652 1280 51185
29608 57111
680 20965
20080 2603 1916
3549
9002 5413 41722 39821 47692
56730 57111
2914 64050 15562 12859 35699
286 1103 29222
4637 1221 8455
20932 47692
28634 10429
13101 34549 47692
37468
63297 395152 6939
8455 38001 13030 52320 12654 1299
47692 29691 198385 8758 202194 59891 34288 29140 25220 12654 30844 198249 25091 6453 8222 52873 59414 35054 3252 47147 12307 1836 35369 58299 13237 29686 64463 29504
8758 196621
8896 1103
25152 3257
25933
37100 1103 327782
29222
34549
15435
51405 57111
29504
6762 61568 5396
35699
15562
1103 513 20965 2603 37271 11537 8218 3257 12350 12654
12654 12779 5413 6939 6830 12859 57111
6881 3257
198249
59891
38001
3252
50304 57111
29680 8220
8220 57111
2603 16735 553 2497 25160
6830 21232
5392 57111
19151 5413
52873
8607 5413
327782 327960
395152
47147
39351 57111
5396
39821
48526 12859
34177 57111
13237
28917 12859
57821 12586
12779
513
196621
9304 57111
14061 5413
8222
37271
41095
51185
202194
1221 4608
4608
61568
43578 1299
59414
6667
23106
28220 28220
50877 57111
24482 57111
25220
29691
327960
25091
8218
12307
49375 5413
3257 31742 41497
59689 57111
262757 16735
15547 57111
395766 40191
553
35054
198290 57111
6453 2497
1299 40191
64463
50300 5413
198385
40191
41497
1916
13030
20965
64050
12586
29686
12859
11537 1251 11537 7575
2497 4777
53070 10429
21232
49463 57111
7575
34288
30844
1251
35369
6939 13760
39122 57111
52863 52320
2895
16735
41722
7738
31742
4777
1280
29140
57111 2613
22652
5413
2613
52320
1836
10429
58299
13760
25160
12350
