#src/zombie.py
# GMT Mon Oct  1 04:06:31 2018
# 
52873 18881 52720
1916 174
22548 16735
14061 1299
7018 174
34781 13030
20080 1251 19151 6762
1251 52888
53070 10429
37239 4809
29075 58308 6762 174 50620
5396 9002
6453 8468 174
701 3356 1280 174 2497 702
8468
6461 3356 8218
3252 702
16735 6762 12956 28138
57821 12586
3491 174 12389
30844 6939
35054 3356
35699 9002
2895 29076
29691 57118 15576
3356 3356 47872 3549 8426 4134 29222 1299 3320 9002 680 34177 12956 6939 174 28917 41095 14361 8359 8422
51405 24611
52888
1853 9002
263321 263584 7738
4777 2497
13030 51395 1299 1836 58299
9189 8422
30132 12859
19151 174 12654
8220 3320 15547
12956 18881 10429
52720
12859 9002 3333
262589 28329 1299
5511 174 48526
6939
1273 6667 1299
5580 50300 3257
15435 1299
37271 4809 327995
24482 174
24611 6661
52863 4809
198385 202194 41562
8426
327995
59689 30781
12350 9002
15547
29680 9002
3333
59891 51395
5392 9002
25933 26615
31463 50300 56730
58299
1103 3257
29076 12389
20562 9002
7575 2914
262317 10429
31424 33891
42708 50304 1299
513 21320
57118
50763 8943
4589 3257
263152 10429
41095
2914 30781 174 9002 38930 16347
553 33891
7738 3320
1299 174 8943 62567
198249 15576
2497
263584
4637 1221 209
26615 6762 26615
6762 174 28220
4608 1221
15576 196621 3303 34288 8758 41562
14361
62567
22652 174
25160 174
12389 25227
8943
47872
34288
56730
2613 25091
21320 9002
30781
3320 33891 3303 8222 25220 13193 6661
8455 3257
34177
1836
680
13002 20764 25091
8758 20612
48526
8422
20764 174
1221
49463 13193
28917 39821 8359
286 174
13101 12586 174
25220
28220
34019 3303
12637 9002
39821
41497 9002
25152 3257
18881
50300
8222
6720 9002
9304 3549
33891
202194
8359
13193
50304 57381
20932 9002
3549
51185 9002
4134 4809
13237 9002
41562
49605 3257
29140 174
8596 9002
6661 198290 9002
28329
9002 12654 3257 15605
12586
209 174
57381
174 3257 12779 64396 174 29608
29686 3257
702
29608
198290
28138
38930 8283
15605
8218
51395
3257 31122
6667
4809
29222
10429
196621
12654
64396
20612
12779
16347
58308
31122
50620
8283
25091
3303
1280
25227
