#src/zombie.py
# GMT Mon Oct  1 04:26:49 2018
# 
20612 1836
29686 12779
25933 3549
35054 3303
3252 174
3491 12389 174
22548 3549
57821 12586
12874 3303 15605
174 701 6762 3356 12350 6453 58299 35699 19151 286 3257 37468 28917 45896 64396 2914 15576 1299 51185 25160 3267 29075 6461 38930 1916 20764 3303 12779 6830
43100 49605
58299
198249 15576
28917 8359 39821
22652 3356
8359 3356
198290 49605
56730 31463
29140 12779
34177 49605
2914 6762 37271 8607 47872 20080 7575 9002 12637
34288 49605
15435 3257
1299 3356 49605 13030 1273 14061 8943 3320 6939 15576 20932 8222
12859 49605 12779 30132
1280 701
513 6830
29608 49605
202194 198385
20080 6762 1251
48039 12586 8596
3267 2895
13101 12586 12779
31463 6762
15547 8220
37239 37468
263321 263584 7738
41497 3257
50300 49605
25227 12389
8218 6461
16735 262757 52320
15576 8758 196621 29691
12779 49605 37271 20562 52320 3333 3257 31025 48526 8426 37497 680 12779 553 25220 202032 12654 31122
8607
6830 6830
51395 59891 6939
262757
3356 3549 49605 12956 1853 41095
37271 327995
12350
7738 3257
49463 49605
6939
3333
12586 31025
3257 7018 37100 29680 8455 8468 3320 1103 13237 12637 2497
327995
47872
52863 6762
263584
24482 6453
8596
48526
12637 12654
2497 701 4777
34019 49605
1916
50304 49605
51185
286
28220 3549
680
1221 4637 4608
1103
50763 8943
23106 49605
34781 13030
31261 12389 41617
38930 8283
15605
1251 52888
52320
42708 49605 57381
9002
2895
4777
64396
701 23148
1836 13030
49605 9189 59689 2613 16347 58308 4637 30844 25435 12654 51405 29075
13030 31424
29691
8758
12956 10429
8283
14061
25091 13002
553
3549 5392 52720
45896
4637
8426
20932
41095
29222 3303
9189
37100 327782
59689
25160
327960 327782
51405
35699
7018
8220 3320
29075 198385
6461
23148 25152
3320 3303
198385
25220
202032
41617
52888
5396 6762
8222
6762 28329
31424
29680
28329
59891
2613
20562
16347
25152
19151
39821
8455
58308
196621
31025
12389
6720 1853
30844
25435
13002 20764
6667 1273
37468
327782
30132
37497
8468
12654
5392
6453
4608
13237
52720
8943 8943
1273
53070 10429
57381
20764
3303
7575
1853
31122
10429
