#src/zombie.py
# GMT Fri Sep 28 18:40:30 2018
# 
15435 174
1273 6667 1299
16735 12989 1299
3549 52720 3356
6453 174
513 6830
50300 5580 31463
56730 31463
1280 701
20676 12586 1299
44217 1299 47872
6661 174 198290
680 174 680 3356 553
31122 174
30844 6939
5580 3257
13030 51395 8455 1836 34781 1299 35369
58299 174
1103 286
34288 15576
12859 42708 3333
6461 1299 8218
13002 25091 20764
31424 29608
21320 174 1853
202194 198385
12586 57821
8455
6695 8426 42708
5396 6939
52720
12956 6939 10429
9304 174
13193 1299 49463
8422 1299 9189
9002 3356 49605
19151 3356
3303 3320 12874 15576 34019
21385 5539 6939
20612 1836
7018 1299
28329 6939
5539 8763
59891 51395
57118 196621
14061 1299
20932 1299
6720 8447
2613 6893
10429 263152
41497 174
50763 8943
20764 8732
8283 38930
198385 42708
202032 6939
12874 15605
2497 701
8447 6939
50620 6939
12989 53070
62567 1299
8607 6939
6762 1299
35369
25091 6893
8426
50304 12654 174 42708 6939
31025 48039 42708
174 29636 15576 3356 29075 1916 24482 64396 2914 3257 701 5511 25160 29140 174 22652
263651 6939
59689 30781
3320 5511
6667
48039 8596
49605
25152 23148
553
6893
8763
15576 198249 196621 29691
28917 1299
15685 1299 6881 6939
12654 29608 6881
3356 5511 37271
16347 8218
29691
31463
1251 1916 28571
15547 1299
198290
6881
196621
8943 1299
263075 6939
64396
37239 37271
9189
3257 1299 29680
29075
20080 6939
701 703 23148
1853
8928 1299
6939 29608 42708 37640 264911 51405 703 7575 262317 57463
47872
57821
57381 42708
1836
30781 5511
22652
6830 1299 6830
8596
49463
4809 1299 52863
29686 57463
29608 43100 5511
34781
262317
51405
2857 42708
34019
38930 1299
42708 286 12779 1299
8218
53070
52888 1916
8732 1299
23148
37271 1299
198249
1916
4844 2914 37989
37640
264911
29680
24482
15605
2914 5511 1299 4589
703
25220 29551
28571
12779
263152
5511 48526 5511 1299
29551 1299
37989
25160
29636
51395
29140
7575
48526
286
57463
4589
3333
43100
1299
52863
