#src/zombie.py
# GMT Mon Oct  1 06:08:40 2018
# 
52873 18881 52720
1916 2914
22548 16735
14061 1299
7018 3257
34781 13030
8447 3320 6720
53070 10429
37239 4809
29075 12859 58308 174 50620
5396 3257
6453 3257
701 2497 4230 3257 702 1280 23148
8468 3549
25220 3320
3252 702
16735 52320 1299 12956 28138
57821 12586
3491 3257 3491 12389
30844 5413
35054 3303
35699 174
2895 29076
29691 57118 15576
3356 3356 680 3549 51185 8426 29608 3257
51405 24611
1853 1764
263321 263584 7738
4777 2497
13030 51395 1299 1836 58299
9189 8422
30132 3257
19151 174
8220 3320 15547
12956 18881 28220 10429 3257
52720
12859 30781 31122 2914 49605 34177 3257 12779 286 41095 16347 12654 16265 20562 8359 6661
3216 20764 1273
5511 3257 48526
50300 31463 174
15435 174
37271 4809 327995
8222 3320
24611 6661
4230 262757
52863 4809
198385 202194 41562
8426
12874 3303 15605
327995
59689 30781
12350 174
15547
29680 3257
3333 1136
59891 51395
5392 174
25933 26615
31463 56730
58299
1103 286 2603 12654
29076 12389
20562
2613 25091
262317 10429
31424 33891
42708 50304 1299
513 3320
57118
50763 8943
41562 15576
12779
41095
2914 7575 47872 6762 9002 29686 20080 3257 8607
553 33891
7738 3320
1299 20932 1273 8455 8943 3257 286 52320 13237 62567
8607
198249 15576
2497
263584
4637 1221 3257
26615 6762 16397 26615
34177
6762 28329 3257
13193 3320 49463
15576 196621 3303 34288 8758
14361 3257
62567
25160 174
12389
8943
47872
262757
34288
56730
7575
30781
3320 3320 3257 4809 33891 1764 8422
8455 12654
2603
1836
680
13002 20764 25091
8758 20612
48526
8422
20764
1221 4608
5413 12654
49463
28917 39821 8359
286 1136 3257
16265 38930
6461 3257 8218
28220 28220
23148 25152
34019 3303
12637 174
39821
41497 174
25152
18881
1273 6667
24482 174
64396 174
4589 3257
9304 174
33891
202194
8359
4608
50304 57381
20932
3549
51185
52320
16397 263075
4134 4809 3257
13237
49605
29140 174
8596 8596 1764
6661 198290
28329
9002
6720
12586 3257
20080
3303 29222 174
22652 3257
57381
174 174 3257
29686
702
29608
198290
28138
38930 8283
15605
8218
51395
263075
3257
1136
6667
4809
29222
10429
196621
12654
20612
16347
58308
31122
50620
8283
25091
1764
1280
