#src/zombie.py
# GMT Mon Oct  1 04:15:46 2018
# 
37468 37271
2857 174
264911 6939
57821 12586
8455 3257
198249 13030
34984 286 44217
22652 174
24611 6661 51405
41722 20764
34019 30781
48039 8596 174
20080 2914
10764 11537 5511
31463 56730 50300 21396
263651 6939
559 3303 20965 21320 12654
15685 29208 6881
8218 6461
16735 22548 262757 1299 6939
12779 3257
5539 8763 21385
8607 2914
37271 2603 37239 1299
34288 15576
12654 25091 513
12874 3303 15605
3257 29680 41497 4589 29140 31122 12637 174
47872 44217
17579 24489 7660
29608 5511
18881 52873 12956
41497
15576 3356 196621
262317 6939
58299 6939
23106 10429
50763 8943
28329 3549
38930 1299 8283
22548
30781 5511 59689
28917 1299
64396 174
6762 52863 174 12956
20562 2603 24785
20965 11537 680 24490 1853
8758 6939
8928 10026
3333 1103
3549 3356
198290 6661
11537 27750 22388 1103
41617 31261
44217
25160 174
9304 174
25074 3356 9189
29075 198385 5511 16347
1916 1251 27750
21385 2603
52863
21320 2603 6939 6661
6893 25091 2613
25091 13002 43100 34781 6939
59891 6939
27750
263152 6939
25152 2497
15605
28571 1251
31133 31261 174
7018 174
6881
8426 3356
6730 6730 174 513
1273 6667 1299
262757
53070 10429
553 680
20764 13002 20764 174
3303 3320
52873 52720
7575 22388
1853 6720
37239
15547 1299
24489 24490
24785 1299
1836 13030 20612 174
29208 2914
174 701 12956 6453 3356 19151 286 20932 2914 1299 1280 513 29636 6461 50620
43100
286
56730
2914 4844 6661 9002
15435 1299
1299 8943 14061 25220 6939 42708 13030 13193
12859 2603
1280
513 6939 513 6830
37497 6939
12956 10429
24490
30844 6939
12586 20676
6830 3356 3320
9189
3356 49605 20676
37640 6939
8763
49463 13193
50300
29140
8596
48526 5511
12637
2497 701
22388 7660
37989 4844
50304 42708 57381
29680
5511 5511
1103
34781
31261
1251
42708
202032 6939
9002
62567 6453
49605
13030 35369
7660
16347
20612
8283
14061
263075 6939
13193
20932
4844
2603 6939
59689
29686 6453
51405
29636
3320
6939 31424 10026 53067 5396
25220
50620
6661
31122
5396
701
31424
2613
10026
198385 202194
57381
19151
196621
53067
6720
20676
202194
6667
24482 6453
680
6453 21396
52720
35369
8943
6461
4589
21396
13002
10429
