#src/zombie.py
# GMT Mon Oct  1 04:26:12 2018
# 
52873 18881 52720
1916 11537 174 12654
22548 16735
14061 1299
7018 174
34781 13030
8447 3320 6720
53070 10429
37239 4809
29075 5511 58308 174 50620
5396 6762
6453 3356 174 8468
701 4134 2497 4230 702 174 1280
8468
6461 174 8218
3252 702
48039 12586 8596
16735 174 12956 28138
57821 12586
3491 174 12389
30844 6939
35054 3356
35699 174
2895 29076
29691 57118 13030 15576
3356 3549 51185 8426 2914 34177 4809 29222 174 8359 41095 29608 14361 6762
263651 52863
1853 1764
263321 263584 7738
7660 2907 9270
4777 2497
13030 198249 51395 58299 1299 1836
9189 8422
30132 12859
19151 174
8220 5511 8758 15547 15576
1239 4637 174
12956 18881 10429 28220 174
52720
12859 3257
3216 20764 1273
5511 30781 174 48526
6939 52863
50300 31463 174
15435 1299
37271 4809 327995
24482 174
2907 11537
24611 51405 6661
4230 262757
24489 24490 24489 9270
198385 202194 41562
8426
12874 3303 15605
327995
59689 30781
12350 1299
15547
14840 52863
29680 174
3333 1136
20080 2914
5392 3549
25933 26615
31463 56730
58299
1103 286
29076 12389
2613 6893
31424 33891
42708 57381 50304 1299
513 3320
57118
50763 8943
41562 15576
12779 174
41095
2914 47872 174 9002 4589 8607
553 680
7738 174
1299 20932 1273 8455 8943 49605 174 38930 62567
8607
198249
2497
263584
4637 1221
26615 6762 16397 26615
29222
15576 196621 3303 34288 8758
14361
62567
25160 174
12389
34177
47872
262757
34288
56730
52863 264911 4809 6762 12654 28329
7575 24490
30781 34019
3320 1764 6762 174 3303 3320 25220 33891 8222 8422
59891 51395
8455
8943
1836
6893 174
680 174
13002 174 25091
8758 20612
48526
8422
20764
1221 4608
49463 174
28917 8359
286 1136 174
13101 12586 174
25220
28220 28220
34019
12637 174
39821 9002
41497 174
25152 1273
18881
1273 6667 174
8222
64396 174
4589
9304 174
33891
202194
8359
9270 9270
4608
50304
20932
3549
51185
16397 263075
51405
4134 4809 174
13237 3257
49605
29140 174
11537
24490
6661 198290 174
264911
28329
8596
9002
6720
12586
3303 6762
22652 174
57381
174 3257 6762 174 16347
29686 3257
702
29608
198290
28138
38930 8283
15605
8218
51395
263075
3257 31122
1136
6667
4809 4809
6762
10429
196621
12654
20612
16347
58308
31122
50620
8283
25091
1764
1280
