#src/zombie.py
# GMT Fri Sep 28 18:13:42 2018
# 
59891 51395
1273 1299
16735 28329
3549 3356 24611
6453 62567 6762
513 6830
50300 3356
56730 31463
1280 701
8607 6939
44217 3356 47872
6661 2914 198290
15435 6939
31122 174
30844 6939
202032 6939
58299 13030
1103 286
263075 6939
12859 2914
6461 7575 6762 8218
13002 25091 20764
21320 3356 1853
202194 198385
29680 3257
8455 13030 8283
29140 174
7575
9304 174
8422 3320 9189
9002 3356
19151 3356
3303 12874 6762
20676 12586 3356
8928 10026
1239 6762 1257
21385 5539 3356
28329 52720 1916 12654 6939
7018 6762
5539 8763
14061 1299
57118 196621
12779 174
20932 6939
2613 6893
37640 6939
41497 174
48039 174 8596
20764 8732 174 20764
8283
13030 6772 51395 1836 29691 34288 1299 34781 35369 198249
12874 15605
31463 3356
2497 2914 25152 701
48166 3356
12989 53070 6939
62567
6762 2914 3257 701 3320 3356 6939 174 286 37271 29075 1299 52863
25091 6893
8426 3356
50304 57381 42708
52720
174 50620 2857 48526 25160 29636 174 6667 24482 64396
9189
4809 52863 14840
59689 30781
49605 6939
20612 1836
553 680
6893
6772 15576
8763
15576 196621
28917 3356
15685 6881 6939
12654 52863
3356 29608 680 8732 15547 37271 1853 25220 30781 22652
6720 1853
29691
25160
1251 1916 28571
15547
198290
14840
196621
1853
50763 8943
64396
37239 37271
3257
29075
20080 2914
701
25152
48526
12586 57821
680
6939 29686 263152 198385
47872
57821
50620
10026 1299
57381
1836
30781 34019
22652
6830 1299 6830
8596
49463 8218
198385
29686
29608
34781
51405 24611
2857
34019
16347 8218
24611
42708 1299
8218
8732
37271
198249
1916 52888
4844 2914 37989
6881
35369
1299 8943
24482
15605
2914 4589
25220
28571
1257 3333
263152
3320
37989
53070
29636
51395
34288
8943
286
4589
3333
52888
6667
52863
