#src/zombie.py
# GMT Mon Oct  1 05:35:57 2018
# 
29608 5511
50620 174
8422 9189 6939
2857 6939
8447 6720 6939
264911 10429
57821 12586
62567 6453
29208 15685 6939
174 6762 7018 29680 1299 701 1280 25160 6730 680 6453 19151 29636 3257 41497 22652 64396 1916 2914
43100 9002
286 1103 6939
198249 13030
29551 25220 31025
28917 6939
22652
8359 6939 41617
10429 53070 12956
56730 31463
49605 6939
2914 3356 4844 12956 20080 7575 19151 8607
12989 22548 16735
15435 1299
8455 8283 13030
12859 6939
1280
513 6730
6695 6661 8426 6939
20080
12956 6939 18881
31463 6762 50300 21396
41497
50300
12586 31025
8218 49463 6939
16735 262757 1299
2497 701
12779 6939
5539 8763 21385
8607
13002 20764 25091
3356 5511 3549 9002 6939
37271 37239 9002
4844 37989
8763
49463
21385 6939
6661 198290
12874 15605 6939
42708 50304 6939
3257 4589 9304 12637
6881 15685
202032 6939
262317 6939
8596 48039
48526 6939
18881 52873
12637
15576 6772 196621
34019 30781
34288 13030
15605
37989
50304 57381
58299 13030
23106 52320
5511 5511
1103 3333
21396 6939
50763 8943
34781 13030
28329 3549
20612 1836
1251 28571 1916
52320 6939
22548
28571
31424 9002
1273 6667 1299 25152
30781 59689 6939
7575
64396
701
1836 13030
680 680
13030 35369 1299 6772
8758 9002
16347 6939
8283
14061 1299
3333
8732 20764 6939
41722 20764
8928 10026
3549
9189
263075 6939
198290
8426
20932 6939
37640 6939
263651 6939
52720 52873
59689
25160
4589
29686 6453
9304
51405 6939
29636
29075 1299
1916
6939 37497 5396 59891 10026 263152 198385 19151 29140 53067 31025 24482 30844 12654 553 9002 31122 15547
25220
52863 6762
41617
5396
6762
6893 25091 2613
25091
59891
2613
10026
263152
198385 202194
553
19151 12654
29680
25152
53067
1299 8943
196621
31025 48039
29140
6720
30844
202194
7018
6667
24482
48039
37497
6730 6730
9002 12654
6772
6453
262757
31122
35369
8943
53070
57381
20764
15685
52873
12654
37239
15547
