#src/zombie.py
# GMT Mon Oct  1 06:23:20 2018
# 
52873 18881 52720
1916 2914
22548 16735
14061 1299
7018 174
34781 13030
8447 3320 6720
53070 10429
37239 4809
29075 58308 174 1299 50620
5396 6762
6453 174 29686 24482 8468 22652 5392
701 4134 1280 2497 1299 702
8468
25220 3320
3252 702
16735 52320 262757 1299 28138
57821 12586
4589 2914
35054 3549
35699 2914
2895 29076
29691 198249 57118 15576
3356 3356 3320 3549 680 34177 5511 49605 174 19151 41095 8426 14361 8607
51405 24611
1853 1764
263321 263584 7738
4777 2497
13030 31424 51395 58299 1299 1836
9189 25074
30132 12859
202032 12779
19151 174 25152
8220 3320 15547
1239 4637 174 7738
12956 18881 10429 28220 47872 174
41497 174
12859 12779
5511 48526
50300 2914
15435 1299
37271 4809 327995
24482
24611 6661
262757
52863 4809
198385 202194 41562
8426
3491 174
12874 3303 15605
327995
59689 30781
12350 1299
25074 1299
29680 174
3333 1136
59891 51395
5392
31463 56730 2914
58299
1103 286
29076 12389
13237 1299
20562 49605
2613 25091
262317 10429
31424
42708 50304 1299
513 3320
57118
50763 8943
41562 15576
12779 174 8359 12654
41095
2914 12637 30781 9002 51185 8455 20080 25160 174 29140 16347
553 680
7738
1299 31122 1273 12586 8943 8732 52320 49605 174 3320 38930 62567
8607
198249
1136 286
2497
263584
4637 1221
26615 6762 16397
29222 3303
4608 1221
15576 196621 3303 34288 8758
14361
62567
25160
12389 4809 49605
34177
47872
34288
56730
7575 6461
30781
3320 3320 8222 1764 3303 13193 6661
8455
8943
1836
680
13002 20764 25091
8758 20612
8359 28917
20764 8732
1221
49463 13193
28917 39821
286 174
20080
6461 174 8218
28220 28220
34019 3303
12637
39821
52720
25152
18881
1273 6667
8222
64396 174
9304 174
202194
48526
13193
50304 57381
20932 174
3549
51185
16397 263075
4134 4809
52320
49605 12654
29140
8596 8596 1764
6661 198290
28329 6762
9002
6720
12586
3303 174
22652
15547
57381
174 3257 6762
29686
702
198290
28138
38930 8283
15605
8218 1764
51395
263075
3257
8732
6667
4809
6762
10429
196621
12654
20612
16347
58308
31122
50620
8283
25091
1764
1280
