#src/zombie.py
# GMT Mon Oct  1 05:03:37 2018
# 
37468 174
50620 174
24611 6661 51405
12989 22548 16735
22548
264911 6939
57821 12586
62567 6453
29208 15685 13030
174 64396 1836 12637 198385 52320 19151 29140 51395 51945 2857 174 20932 41497 1299 25160 29636 29075 1916 50300 20764 12779 31122
286 1299 34984 1103
12874 3303 15605
198249 15576
34984 44217
22652 6939
198290 6661
56730 51945
29140
41722 9002
2914 1299 20080 8455
8447 12654 6720
20485 13002 4635
15435 1299
8455
12859 6939
1280 6939
513 6730
29608 13030
20080
29691 57118 15576
3303 34019 3320
15547 6939
1257 3333 1239
16347 8218
41497
50300
12586 20676
8218 35369 6461
16735 1299 4809
2497 701
12779
5539 33891 8763
8607 13030
51395 59891
13002 25091
37271 37239 1299 6939
4844 37989 6939
8763
49463 13193
28917 6939
6661 6939
4635 9304 6939
43531 8596 6939
37239
3257 4589 1299
47872 44217
6881 15685
52863 4809
44217
50304 42708
8596
48526 5511
18881 52873 12956
12637
15576 8220 196621
34019
34288 9002
1916 1251
37989
12307 57118
58299 6939
23106 52320
680 6939
5511 6939
1103
50763 8943
48166 9002
57118
38930 1299 8283
15605
1251 28571
52320
53067 6939
28571
31424 6939
1273 6667 1299
30781 59689 6939
7575 6461
64396
701 6939
1836
49605 9002
13030 1299 1239 12654 19151 9189
8758 6939
12956 10429 6939
20612 6939
8283
14061 1299
3333
8928 29680 6939
9189
263075 6939
13193 3320
20932
37640 6939
263651 6939
20676 6939
59689
25160
262317 6939
4589
29686 6453
9304
51405
8220 6939
29636
29075 198385
3320 6730 1299 6939
6939 6453 1299 37497 25220 202032 5396 6762 263152 24482 30844 8426 12654 262757 6461 33891 9002
25220
202032
41617 9002
5396
33891 553
6762
6893 25091 2613
25091
59891
2613
263152
198385 202194
57381 42708
25152 19151
29680
19151
42708 1299
2857
1299 7018 8943
1239
196621
51945
6720
30844
202194
7018
6667
24482
8426
37497
6730 6730
9002
6453
262757
52720 52873
35369
8943
6461
53070 10429
553
20764
15685
52873
4809
12654
31122
10429
