#src/zombie.py
# GMT Mon Oct  1 04:35:25 2018
# 
52873 18881 52720
1916 2914
22548 16735
14061 1299
7018 3356
34781 13030
59891 51395
53070 10429
37239 4809
29075 58308 174 1299 50620
5396 3356
701 3356 1280 2497 702
8468 3549
6461 3356 8218
3252 702
28220 3549
16735 12956 28138
57821 12586
3491 174
24785 1136 1299 24785
174 20764 3356 25160 3257 12779 286 29222 19151 2914 1239 12956 6661 12637 29680 3320 31122 24482 174 64396 1299 6762 6730 28917 29608 29140 37271 35699
35699
2895 3267
29691 57118 15576
3356 20764 1853 3549 51185 8426 4134 6762 6453 2914 4230 12956 2497 30781 9002 49605 34177 1299 3216 5511 41095 1764 14361 8359
51405 24611
1853 6720
263321 263584 7738
4777 2497
26592 16397 26615
13030 31424 51395 58299 1299 1836
9189 8422
1764 8596
19151
6453
1239 4637
12956 47872 10429 18881
52720
12859 30132 9002
53067 10429
5511 48526
1273 6667 1299
5580 50300 3257
15435 1299
37271 327995 9002
24482
24611 6661
4230 262757
52863 4809
8426
12874 3303 15605
327995
59689 30781
12350 1299
15547 1299
2613 25091
3216 3216 20764
29680
3333 1136
20080 2914
5392 3549
25933 3549
31463 50300 56730
28917 39821 8359
1103 286
20562 20764
58299
198385 202194 41562
31424
42708 50304 1299
513 6730
57118
50763 8943
41562 15576
12779
41095
2914 7575 4713 8607 4589 16347
553 680
7738 1299
1299 29551 20932 8455 8943 22652 13237 38930 62567 2603
2603 3267
198249 15576
8732 20764 12389
2497
263584
4637 1221
26615 6762
6762 28329
4608 1221
15576 3303 34288 8758
14361
62567
25160
12389 4809
34177
47872 3320 12654
30844 20764
262757
34288
56730
7575
30781
3320 3303 8222 680 13193 8422
8455
8943
1836
680
13002 20764 25091
8607
8758 20612 196621
8359 20764
8422
20764 20764 12654
1221
49463 13193
286
25220 29551
29551
34019 3303
12637
39821
41497 3257
4713 25152
25152
18881
50300
8222
6720
4589
9304 3549
202194
48526
13193
50304 57381
20932
3549
51185
16397 263075
4134 4809
13237
49605
29140
8596
6661 198290
28329
9002 3257 12654
12586 3257
3303
22652
57381
6730 6730
29686 3257
702
29608
198290
28138
38930 8283
15605
8218
51395
263075
3257
1136
6667
4809
29222
10429
196621
12654
64396
20612
16347
58308
31122
50620
8283
25091
3267
30132
1280
