#src/zombie.py
# GMT Mon Oct  1 06:33:41 2018
# 
37468 37271
50620 6939
2857 174
30844 6939
264911 6939
57821 12586
62567 3356
174 6762 7018 3356 1299 25160 1280 16347 29680 701 48039 6453 19151 286 3257 6461 1239 29075 64396 21320 2914
286 1103
12874 3356 15605
198249 13030
28917 1299
22652 3356
10429 23106 53070 12956
56730 31463
41722 20764
2914 29636 29140 8607 12637 4844 20080 6661 7575 1916
52863 6762
15435 1299
1299 8943 15685 42708 680 14061 13193 1273 8732
12859 6939
1280
513 6730
37497 6939
20080
12956 6762 18881 6939
31463 3356 50300
1257 3333 1239
41497 3257
50300 3356
12586 20676
8218 6461
16735 262757 3549
2497 701
12779 3257
5539 8763 21385
8607
51395 3257 59891
7018
3356 553 8426 25074 6730 9002 20932 6939 20676 25220 3549 20764 48526 30781 15547
37271 37239 6939
4844 37989
8763
49463 13193
6939 31424 37640 44217 263152 19151 263075 263651 262317 8758 12654 10026 51405 23148 1251 21385 53067 202032 1273 31122 5396
6661 198290
29140
25074 9189
42708 50304 57381
3257 4589 9304
47872 44217
6881 15685
202032
44217
262317
8596 48039
48526
18881 52873
12637
15576 6772 196621
34019 30781
34288 13030
15605
37989
50304
58299 13030
23106
1103
50763 8943
34781 13030
28329 3549
20612 1836
1251 28571
680
53067
28571
14061
31424
1273 6667 13030 25152
30781 59689
7575
64396
701
1836 13030
49605 9002
13030 35369 8455 202194 6772
1853 21320 6720
8758
16347
8283 8455
41617 9002
3333
8732 20764
8928 10026
3549 22548
9189
263075
198290
13193
20932
37640
263651
52720 52873
59689
25160
4589
29686 6453
9304
51405
29636
29075 198385
23148 25152
1916
21385
25220
29608 6453
21320
5396
6762
6893 25091 2613
25091 13002
59891
2613
10026
263152
198385
553
25152 12654 19151
29680
19151
22548
8455
1239
8426
196621
6720
20676
202194
13002 20764
6667
24482 6453
48039
6730 6730
9002
6772
6453 6453
262757
31122
35369
8943
6461
53070
57381
20764 20764
15685
52873
12654
37239
15547
