#src/zombie.py
# GMT Mon Oct  1 05:43:40 2018
# 
263584 263321
6762 20080 29075 5396 41497 31463 50877 174 3356 57111
6720 8447
22356 3491 28634
15605 12874
14907 6908
29075 15576 198385 1299
12389 25227 1273
3333 12859
1103 3257
22381 53070 4809
20612 1836
29226 2895 3216
8167 7738 25933
3491 7738 3491 64050 174 41095
22652 3257
3356 8359 553 3216 9002 37497 41095 8426 3549 6730 34177 174 35054
29608 20764
680 1299
49605 9002
3549 28220 16735 52873 9304 52720 5392
4809 4134
29686 3257
13237 1299
4230 262757 9002
20932 1299
28634
37468 174
53067 6939
47692 33891
205206 42525
8896 1299
37100 327782 2914
29222 3303
39392 3257 29504
51405 20764
35699 174
12654 20764 9002
25160 1299
701 174 4134 1280 2497
8359 28917
38001 41095
198290 174
29680 174
8220 3320 15547
513 6830
12874 3303
52873
8607 6939
327782 327960
39821 28917
264911 6939
34177
28917
42525 3320
1764 35369 3320
5392
196621 8758
9304
56730 31463
6830 174 6830
15576 29691 21232 8758 34288 198249
1221 4637 4608
4608
20562 20764
61568 263321 18881
43578 1299
6461 174 8218 7575
6667 1273
263152 6939
23106 10429
34019 6939
6327 174 63297
29504
25091 2914
1239 6908 174
3257 29140 12586 12779 174 31742
30781 5511 59689
3252 174
35054
39351 42708
1299 8455 37271 38930 15435 174 49375 1273 8943 13030 42708 14061 15685 52320 5400 50304 13760 1299
33891 31424 3320
198385 202194
40191 174 395766
31463
12859 30132 20764
28929 6939
38930 8283
53070
21232
14840 6939
1251 52888 20080
174 7018 24482 4637 12637 51185 19151 12350 1273 5511 20764 3320 51395 2914 286 6453 64463
6939 262317 20764 37640 263075 202032 45896 263508
8943 50763
25933
16735
31742
39540 57118 12307
8222 3320
59414 13030
13193 13193 3320 49463
14061
3320 47147 25220 3303 8447
51395 59891
12779
5400 2110
58299 13030
13760
263321
29691 57118
553
59689
37497
12637
262317
266534 18881
395152 63297
263075
52720
25220
16347 2914
25227
45896
20764 8732 3216 30844
8426
20080
9002 12956 41722 2914
50877
2914 15562 1916 50300
50304
42708
4637
286
50763
63297
30132
202194
25152 1273
2895
49463
7738
6730 6893
7018
15562
52888
5511
6881 15685
198249
8732 3216
3216 3216
1273 48526
59891
4134
47147
37640
5396
48526
4777 2497
57821 12586
12956 10429 18881
6908
1916
37271
41095
51185
31424
6893 2613
3303
49375
28220
24482
8455
327960
8283
8218
202032
262757
15547
395766
2110 39122
6453
8758
64463
50300
41497
13030 1836
64050
12586
57118
19151
12350
7575
34288
30844
15685
35369
8447
39122
52863 52320
2497
41722
15435
1280
29140
57111
2613
263508
12307
52320
1836
10429
18881
