#src/zombie.py
# GMT Fri Sep 28 17:32:44 2018
# 
28138 16735
3549 22548 16397 3356 8468 5392
14361 3356
513 3320
50300 174
56730 31463
1280 701
1273 48526 6667 1299
30844 20764
58299 13030
6461 701 8218
13002 25091 20485
25220 3320
29222 3303
1221 4608 4637
9304 174
8422 1299 9189
9002 2914 12654 3356 39821 12859
1136 286 3333
35054 3303
13101 12586 20764
62567 1299
8607 3356
7018 701
14061 3356
20932 174
2613 25091
34288 15576
41497 174
6661 3320 198290 3252 24611
12874 15605 3303
8758 15576 20612
8447 3320 6720
26615 26615 6762 25933
58308 29075
34177 2914
15435 1299
8359 3356 28917
52320 1299 16735
25091
49605 1299
25152 23148
553 680
29075 174
50763 8943
15576 3303 41562 196621 29691 198249
28917
702 174 3252 701
16397 263075
41095 12654 3356
3356 4637 31463 20764 1299 2914 3257 701 3320 12956 6939 47872 51185 6453 174 30781 1239
6720
8222 3320
15547 8220
198290
20562 3252
1853 1764
64396 174
37239 4809
9189
3257 22652
15605
7738 1239 263321
48526
6939 51395
47872
2497 4777 701
202194 198385
38930 1299 8283
49463 13193
198385 41562
29686 6453
29608 174
59689 30781
3252 174 3252 12654
34019 3303
16347 2914
2895 29076
24611 51405
37271 327995 4809
29680 174
263321 263584
39821
34781 13030
263584
52888 1916
16735 12956
8220 3320
6453 8426 701
8283
31122 174
3491 174 12389
1103 286
263075
12859 30132
12586 57821 48039
8455 2914
2914 1916 20080 701 7575 3320 4589
29140 174
7575
12956 28220 18881 10429
13193 3320
51185
52873 52720 18881
19151 174
3303 3320
1239
4777
12654 20764
1764 3320
50620 174
4637
12637 174
57118 29691
12779 174
20485 1299
4608
262589 1299 28329
20764
13030 1299
5392
13237 1299
51395 59891
6762 5396 701
4134 701 4809
28329
8426
50304 57381 42708
286 701
52720
174 680 12350 24482 701 35699 25160 174 1836
48039 8596
20612
30132
28220
680
31424 33891
29691
31463
12350
41562
196621
23148 701
8468
701 1299
8943 1299
57821
22548
57381
1836
30781
22652
8596
4809 3320
25933
42708 1299
8218
53070 10429
198249
1916
10429 262317
1299
24482
20080
327995
5396
59891
262317
3320 3320 33891
51405
25160
33891
35699
29076 12389
4589
3333
6667
18881
12389
