#src/zombie.py
# GMT Fri Sep 28 21:07:08 2018
# 
50620 6939
6881 25512
12874 3303 15605
31463 6939 50300 56730
680 3356
196621 15576
1299 1273 15435 2914 14061 10026 8943 42708
202032 6939
37989 4844
2613 6893
42708 50304 57381
21385 5539 3356
30844 6939
12989 22381 16735 22548
57381
1251 28571 1916
6667 1273
8607 6939
6453 62567 29686 2497 6453 29608
56730
202194 13030
29686
262757 16735
12637 174
25220 3320
20612 1836
9189 8422
52863 6762
37640 6939
12586 3320 57821
6772 13030 15576
15547 6939 34781
59891 6939
34984 286 44217
34781
35369 13030
12654 2497
50763 8943
52873 52720 18881
64396 174
59689 30781
264911 6939
8455 8283 13030
4713 2497 2914
23106 52320
1103 3257
2603 21320 2497
37497 6939
22381 53070
48526 3303
28917 6939
41497 174
22548
37468 174
15435
50304
6461 8218 2914
15576
1764 3320 8596
4657 24482 2497
29680 8928
21320 1853
53067 6939
8928 10026 2497
3320 2914 3303 2497 8422
8943
3303 34019 2497
24482
16347 6939
10026
1916 174
262317 6939
37239 37271
8763 5539
29636 174
20932 6939
20080 6939
12859 3257
44217 47872
49605 3356
4589 2497
8218
6893 25091
1239 1257 2914
25091 13002
6720 1853
14061
286 2497 2914
8422
553 3356
15605
29140 174
198385 174
8426 3356
8359 41617 20764 3356 2497
37271 2914
49463 174
50300 174
1273
34288 13030
29075 174
1257 3333
13030 1836 198249 58299 2497
198249
25152 19151
62567
41617
47872
3333
30781 2497
25160 174
1853
41722 20764
7018 2914
15830 9304 2914
13002 20764
7575 2914
174 174 12779 20764 25512 2857 52320 1280 31122 2914 19151
34019
9002 3356
22652 3356
12956 6939 16735 18881
58299
263152 6939
8283
18881
198290 6661
51405 6939
8596
20764 20764 6939
5539
3356 2497
4844 2914
12779
52720
29608
1836
263651 6939
2857
25512
57821
28571
6762 2914
53070
52320
1280
31122
9304
3257 2914
2914 2914 6939 2497
6939 263075 16735 2497
263075
19151
16735
2497 6661
6661
