#src/zombie.py
# GMT Mon Oct  1 05:01:02 2018
# 
52873 18881 52720
1916 52888 174
22548 16735
14061 1299
7018 2914
34781 13030
8447 3320 6720
53070 10429
37239 4809
29075 58308 174 50620
5396 3356
10026 7575 2497
8468 3549
25220 3320
3252 702
48039 8596 3320
37179 41095 327984
57821 12586
3491 3356
30844 6939
35054 3303
35699 174
2895 29076
29691 57118 15576
3356 3356 2497 1853 20932 3549 51185 8426 9002 34177 22652 29608 15547 680
51405 24611
52888
1853
263321 263584 7738
4777 2516
13030 2497 51395 1299 58299
9189 8422
30132 12859
19151 174
6453 701
1239 701 4637 2497 7738
12956 18881 701 28220 10429 2914
52720
12859 2914 3333
262589 28329 1299
3216 20764 1273
5511 30781 48526 2914
6939 2497 1280 1299
50300 5580 31463
5580 1299
15435 1299
37271 4809 327995
8222 3320
24611 6661
52863 4809
8426
12874 3303 15605
327995
59689 30781
12350 174
701 2497 4134 286 6762 174 702 2914 701 6461 23148
2613 25091
29680 8928
3333
20080 2914
5392 174
25933 26615
31463 56730
28917 39821 174
1103 286
29076 8359
58299
198385 202194 41562
262317 10429
31424 33891
16735 52320 174 1299 28138
513 21320
57118
50763 8943
41562 15576
12779 174
41095 13002 2497
2914 2497 47872 9002 4589 174 29686 16347 2914 38930 1299 8607
553 680
7738
1299 1273 8455 8943 13237 12586 62567
8607
198249 15576
2497 3320 1273 8928 12654 2603 3257 2516 3303 14361 8359 6661
263584
4637 1221
8928
26615 6762 26615
29222 3303
15576 196621 3303 34288 8758
14361
62567
25160 174
34177
47872
8943
34288
56730
7575
21320 2603
30781
3320 33891 3303 8422
59891 51395
8455
2603
1836 174
680
13002 25091
8758 20612
8359
8422
20764
327984
1221 4608
49463 174
286
6461 8218
28220 28220
23148 25152
34019 3303
12637 174
39821
41497 174
25152
18881
1273 6667
24482 174
6720
4589
9304 174
33891
202194
48526
4608
50304 57381 174
20932
3549
51185
52320 174
4134 4809
13237
49605 9002
29140 174
8596
6661 198290 174
28329
9002
12586
22652
15547
57381
174 31122 64396 174
29686
702
29608
198290
28138
38930 8283
15605
2516
8218
51395
3257
6667
4809
6762
10429
196621
12654
64396
20612
16347
58308
31122
50620
8283
25091
3303
1280
