#src/zombie.py
# GMT Fri Sep 28 21:58:50 2018
# 
50620 6939
6881 6939
680 174 680
196621 15576
1299 24785 3320 174 38930 286 49605 13030 1273 3356
202032 6939
37989 4844
2613 6939
31133 6939 31261
30844 6939
12989 6939 23106 53070
25152 6939
1251 6939 28571
15547 6939
13030 1836 34781
8607 6939
25160 174
202194 6939
262757 16735
12637 6939 49605 15605 2914 12654
25220 6939
20612 6939
9189 6939
52863 6762
37640 6939
53067 6939
4657 6939 24482
16347 6939
12654 6939 49605 12779
50763 6939
52873 12956 52720
3303 3320 34019
59689 6939
264911 6939
49605 20562 43100 3356 6939 31424 8758
23106
1103 3257
35369 1764
37497 6939
198385 6939
28917 6939
198290 6939
22548 16735
15435 6939
50304 6939
6461 174 8218
15576 6939
1764 6939 8596
8447 6939 6720
2857 6939
29680 174
64396 174
8928 10026
3320
10026 6939
20932 6939
262317 6939
37239 6939
8763 24785
59891 6939
28329 6939
20080 6939
12859 6939
701 174 2497
513 6730
4589 3257
38930 8283
1239 1257 174
25091 13002
31261 41617
6720
51945 6939 56730
286
1273
34781
553 3356
15605
29140 6939
31424
8426 6939
56730
37271 6762
49463 6939
5396 6939
50300 6939
24785 6939 20562
34288 6939
29075 6939
1257 3333
6667 174
22652 6939
57381 6939
62567 6939
41617
47872 6939
3333
6453 174
48526 6939
29636 174
7018 174
24482
1916 6939
13002 20764
7575 6939
174 19151 6762 3257 3356 2914 12779
43100
34019
9002 3356
198249 6939
12956 6939
58299 6939
263152 6939
8283
51405 6939
20562
20764 6939 20764
8218
3356 29608
4844 2914
12779
14061 6939
52720
29608
41497 6939
1836
263651 6939
57821 6939
29686 6939
8596
28571
6730 6939 6730
6762
8758
53070
8455 2914
1280 6939
31122 6939
9304 6939
3257
2914
6939 263075 16735
263075
19151
16735
2497
