#src/zombie.py
# GMT Sat Sep 29 06:01:12 2018
# 
41497 6762
6667 1273
16245 205206 1299
41722 12654 20485 9002 8359
12637 3257
20080 2914 1251
1853 6720 3356
3356 22652 8359 6939 8426 174 29608 20764 6774 3549 2516
49605 3257
263152 6939
8943 50763 1299
198249 13030
29686 6453
49463 13193
38001 4657
8732 20764 20485
3320 174 3303
202032 6939
45896 9002
59689 30781
52320 23106 52863 1299 22548
1273 1299
328145 328206 6774
5400 2110 1299
12307 59414
264911 6939
39351 42708
37640 6939
2110 39122
4637 4657 1299
50300 2914
58299 13030
1251 28571 52888
28917 1299
1916 2914
25152 19151
4844 37989 7473
56730 31463
266534 16735
25160 174
6720
29608
20764 174 12654 6939
13193 1299
6453 174 37468 47692
37468 52720 1299
15547 1299
20485
50763
9002 8758 12859 2914
1103 286
3491 174 4657 22356
5396 6939
57381 50304
8455 20495 13030 8283
328206
50620 174
3549 263702 52873 16735 262375
553 1299
1280 2914
196621 15576
47147 1299
7473 1299
13101 34549 6939
22652
1299 50304 13030 20676 14061 37271 25512 42708 33891 680 20932 174 31742 29075
24482 4657
47692
50304
8896 174
48526 5511
12874 15605 3303
59891 136620
263702
33891 39392
9304 3257
59414 13030
29691 13030
262317 6939
2914 19151 8365 35266 174 16347 15562 29140 25091 30781 29636 198290 25220 7575 2497
8359
52720
25220
12779 3257
7575
3333 12859
19151
3257 31122 15435 174 29680 60501
136620 136620 62240
20676 12586
6774
29680
25512 6881
34549
1836 20612 13030
262757 6939
30844 6762
205206
20612
20932
6830 174 513 6830
7018 174
680
15562
12586 57821
206356 199714
5511 174
60501
29075 15576
12859
2613 6939
57111 6939
8365 2857
52863
57821
286 174
39392 29504
28571
22548
31463 6762
16735 263508 174 6939
37989
6461 8218 174 62240
28634 22356
52873
62240
34288 13030
14840 262375
35369 13030
25091
8426
202194 13030
29504
14907 13030
6939 8607 51405 263075 31424 53067
198385 15576
50877 6762
14061
513
15605
3303
30781 34019
8218
263075
6881
31122
39122
35266
21232 13030
4657
16347
8758
198290
8607
13030 199714
52888
64463 174
12654
34019
2516 6894
37271 174 37239
15435
31424
29140
42708
199714
8283
6762 174
2497 4777
23106
2857
51405
29636
4777
174
20495
37239
263508
31742
22356
15576
262375
53067
6894
