#src/zombie.py
# GMT Mon Oct  1 04:50:20 2018
# 
52873 18881 52720
1916 2914
22548 16735
14061 3356
7018 3356
34781 13030
198545 29152 174
8447 3320 6720
53070 10429
37239 4809
29075 174 50620
5396 6762
6453 29686 29608 6453 12956 62567 22652
701 3356 1280 2497 702
8468 3549
3252 702
48039 8596 3320
16735 52320 28138
57821 12586
4589 3257
24785 1136 174 24785
35054 3303
6730 513 3320 6730 6893
35699 174
2895 29076
29691 57118 15576
3356 30781 3320 3549 51185 8426 9002 49605 3491 3257 12956 4134 6762 41095 2914 14361 1299 8359 8607
51405 24611
1853 1764
58299 13030
4777 2497
13030 51395 3320 1299
9189 8422
1764 174
19151 174
8220 3320 15547
1239 4637 2914
12956 47872 10429 18881 174 5511
52720
12859 30132 9002
53067 10429
5511 48526
29152 58308
1273 6667 1299
15435 174
37271 4809 327995
8222 3320
24611 6661
4230 28513 262757
52863 4809
198385 202194 41562
8426
3491
12874 3303 15605
327995
59689 30781
12350 174
15547
29680 174
3333 1136
20080 2914
5392 174
31463 50300 56730
263321 263584 7738
1103 3257
29076 12389
20562 20764
7575 2914
31424 33891
42708 50304 1299
513
57118
50763 8943
41562 15576
12779 174
30132
41095
2914 4713 28513 9002
553 680
7738 174
1299 38930 8943
8607
198249 15576
2497
263584
4637 1221
29222 3303
4608 1221
15576 196621 3303 34288 8758
14361
62567
25160 174
12389 20764 4809
34177 3320
47872 3320 6762 3549 12654
30844 20764
262757
34288
56730
2613 6893
30781
3320 3320 174 680 33891 13237 3303 25220 13193 8422
59891 51395
8455 3257
8943
1836 174
6893
680
13002 20764 25091
8758 20612
48526
8422
20764 20764 174 12654
1221
28513
49463 13193
28917 8359
286 174
25220
28220 3549
34019 3303
12637 174
39821 9002
41497 174
4713 25152
25152
18881
50300 174
24482 174
6720
9304 174
33891
202194
8359
13193
50304 57381
20932 174
3549 16397
51185
52320 174
16397 263075
4134 4809
13237
49605
29140 174
8596
6661 198290 174
28329 6762
9002 12654
12586 3257
22652
57381
174 31122 64396 174 8218
29686
702
29608
198290
28138
38930 8283
15605
8218 16347
51395
263075
3257
1136
6667
4809
6762
10429
196621
12654
64396
20612
16347
58308
31122
50620
8283
25091
3303
1280
