#src/zombie.py
# GMT Mon Oct  1 05:52:30 2018
# 
52873 18881 52720
1916 174
22548 3549
14061 1299
7018 174
34781 13030
8447 3320 6720
1251 20080 28571
53070 10429
37239 4809
29075 58308 174 1299 50620
5396 6762
6453 3356
701 4134 1280 174 2497 702
8468 3549
25220 3320
3252 702
37179 41095 327984
57821 12586
3491 174 12389
30844 6939
35054 3303
35699 2914
2895 29076
29691 57118 15576
3356 3356 3320 3549 51185 680 2914 34177 3257 41095 174 19151 29608 8426 6461 14361 12956 8359
51405 24611
52888 28571
1853 1764
263321 263584 7738
4777 2497
13030 51395 1299 1836 58299
9189 8422
1764 3320 8596
19151 41095 174 6939 25152
8220 3320 15547
1239 4637 174
12956 18881 174 10429 16735
41497 3257
12859 2914 30132 3257 3333
262589 28329 1299
3216 20764 1273
5511 174 48526
6939 12654 25152
1273 6667 174 1299
5580 50300 3257
15435 1299
37271 4809 327995
8222 3320
24611 3549
52863 4809
198385 202194 41562
8426
12874 3303 15605
327995
59689 30781
52320 16735 1299
15547
29680 3257
3333
20080 6762
5392 3549
25933 26615
31463 50300 56730
58299
1103 3257
29076 12389
13237 3257
2613 6893
262317 10429
31424 33891
42708 50304 1299
16735 28138
513 3320
57118
50763 8943
41562 15576
12779 3257
41095
2914 12637 47872 9002 8455 25160 30781 174 29686 16347 29140 8607 7575
553 33891
7738 3320
1299 20932 8943 174 38930 62567 8422
8607
198249 15576
2497
263584
8218 6461
4637 1221
26615 6762 26615
34177
29222 3303
4608 1221
15576 196621 3303 34288 8758
14361
62567
25160
12389
4589 3257
47872
34288
56730
7575
30781
3320 3320 4809 33891 3303 13193 6661
59891 51395
8455
8943
1836
6893 25091
680
13002 174 25091
8758 20612
48526
8422
20764
327984
1221
49463 13193
28917 8359
286 174
6461
28220 6762
34019 3303
12637
39821 9002
52720
25152 3257 12654
18881
50300
24482 174
64396 174
9304 174
33891
202194
8359
13193
50304 57381
20932
3549
51185
4134 4809
12350 174
49605 9002
29140
8596 8596
6661 198290
28329
9002
6720
12586 3257
3303
22652 3257
57381
174 3257 6762
29686
702
29608
198290
28138
38930 8283
15605
28571 28571
51395
3257 31122
6667
4809
6762
10429
196621
12654
20612
16347
58308
31122
50620
8283
25091
30132
1280
