#src/zombie.py
# GMT Sat Sep 29 16:14:32 2018
# 
12637 2914
41497 6762
3257 174 9304 29680
4657 3491 38001
6661 57111 198290 24611
38001
34019 29075
10429 12956 27715
41722 20764
29680
20080 2914
31025 12586 57111 29551
3356 22652 3549 5400 6939 174 14061 6762 9002
263702 3549
1836 20612 13030
262757 16735
263075 6939
30844 57111
198249 13030
29686 2914
49463 13193
6762 174 12654
20932 57111
22652
27715 22356
6830 174 513 6830
6720 8447
8732 20764 57111
59414 13030 12307
15562 2914
7018 174
202032 6939
1251 1916 28571
553 57111
51395 59891 174
28917 57111
45896 9002
29075 57111 15576
52320 23106 57111
1273 6667 1299
12859 6939
2613 57111
15605 57111
5400 2110
12307
2857 57111
6695 57111 8426
14061
264911 6939
15685 29208 6881
57821 12586
286 57111 1103
37640 6939
2110 39122
680 1299
51405 24611
22548 6939
29208 57111
50300 57111
58299 13030
31463 56730 57111
29636 2914
37989 4844
1916 2914 52888
50763 57111
25152 2497
4844 2914
3491 174
56730
28634 22356
52873 57111
263152 6939
34288 13030
25160 174
12586 12586
24482 57111
39392 29504 33891
35369 13030
25091 57111
8426
29608 57111
20764 8359
13193 57111
6453 174 37271
202194 13030
37468 57111 52720 37239
15547 57111
12989 22381 16735
328145 328206 6939
198385 15576
57111 9002 16347 6939 50877 8218 30781 50620 31122 43100 47147 50304 12654 48526 31424 29140 39351 33891 8359 174 8447
9002 8758 12654 49605
1103 3333
513
5396 6939
57381 50304
6939 262317 8607 13030 12654 12779 53067 16735
8455 20495 13030 8283
8218
328206
29551 25220
50620
6881
31122
39122
3549 16735
1280 2914
21232 13030
20612
196621 15576
6667
47147
16347
8758
19151 174
1299 174 15435
43100
8359
198290
4777 2497
53070 22381
8607
29504
50304
13030 29691
52888
64463 47692
12654 12779 47692
8896 174
37271
262317
48526
31424
12779 174
39351
24611
701 174 2497
59891
8283
33891 47692
9304
50877
47692
29691
2497
23106
15435
28571
2914 7575 174
16735 263508 174
49605
59689 30781
174 31742 12956
20495
22381
52720
37239
25220
263508
31742
12956
8447
22356
15576
30781
29140
53067
7575
3333
