#src/zombie.py
# GMT Mon Oct  1 04:57:56 2018
# 
29691 15576 198249 57118
328206 6939
49605 6939
59689 6939
6720 8447
12637 174
262317 6939
59414 6830
15605 12874
12779 174
553 1299
29075 15576 34019 6939
202032 6939
3333 1257
52888 1251
52720 52873
12956 10429 52873 6939
25220 6939
16347 6939
4657 38001 3491
2857 6939
8426 3356
20612 6939
3491 2497
22652 3356
34019
20764 174 41722 6939
3356 2497 3549
29608 6453
680 1299
20080 1251 1916 6939
3549 263702
9002 2914
20495 6939
29686 6939
15547 6939
2914 8943 2497 6762 7018 1239 6830 12859 38930 3257 4844 15562 2914 6461 174 6939 286
50304 42708
42708 1299
56730 31463
6939 9304 12874 264911 263075 263152 48526 37239 25091 53067 37640 20932 39351 64463 50300 50620 47692 31463 8896 25152 59891 49463 15435 51405 57381 7575 30844 6881 8447 6939 2497 16735 31742 12586 1280 57111 8607 2613 263508 58299 28917
6661 198290 174
34288 15576
8455 1299
53067
47692
50877 174
25152
59891
49463
39392 33891 29504
51405
6730 513 174 6730
7018
15562
1103 286
12654 2497
6881
198249
1273 1299
31122 174
38001
39351
1257 1239
29680 174
513
12874
19151 174
52873
8607
47147 3320
37640
28571 1251
48526
50300
4777 2497
28917
57821 12586
263702
1764 35369 174
196621 15576
9304
198385 15576 202194
1280
37271 1299
263075
6830
15576 21232
37468 174
264911
20932
2110 39122 5400
6461 8218
6667 174
263152
23106 10429
37239
24482 174
25091
1239
8218
12307 57118
3257
262757 16735
4844 37989
27715 10429 22356
3320 33891 2497
198290
6453 2497 6453
1299 2497 14061 13030 5400
64463
6762
33891
29636 174
8896
41497 174
13030
50620
12586 12586
31463
50763 8943
12859
57118
38930 8283
202194
53070 10429
21232
57381
28634 22356
7575
30844
1251
174 29140 1836 174 25160
35369
8447
286
39122
8943
2497
16735
37989
41722
15435
31742
5400
1916
29140
57111
14061
2613
263508
22356
1836
10429
58299
8283
25160
29504
