#src/zombie.py
# GMT Sat Sep 29 16:16:53 2018
# 
41497 174
6667 174
57463 57111 29686
16245 174 205206
41722 20764
12637 174
20080 6939
49605 57111
263152 6939
8943 12859 50763
12956 18881 3257 10429
29686
49463 13193
38001 4657
8732 20764 57111
202032 6939
51395 59891 174
52320 174 52863 22548
1273 3257 6774 1299
328145 328206 6774
5400 2110 3257
12307 59414
264911 6939
39351 57111
37640 6939
2110 39122
59689 30781
29208 15685 57111
50300 174
58299 13030
1251 1916 28571
28917 57111
1916 174 52888
4844 37989 2914
56730 31463
266534 18881
25160 174
6720 8447
29608 57111
20764 174
13193 57111
6453 3257
37468 174 52720
15547 57111
8607 6939
57111 6695 2613 50304 13030 9002 286 48526 31424 31025 6939 8218 30781 33891 30844 31463 2857 553 20932 6661 50620 52873 47147 12779 16347 13101 31742 60501 25091 29140 8447
9002
1103 8758 12654 286 3333
3491 3257 4657 22356
5396 6939
57381 50304
8455 12654 20495 13030 3356 8283
328206
50620
18881
1280 6939
198249 13030
196621 15576
47147
3356 3549 3257 286
13101 34549
22652 3257
1299 3257 14061 680
6730 174 513 6730
24482 174
50304
4230 174 262757
34019 3303
48526
12874 15605 3303
701 3257 2497
59891
263702 3549
33891 47692
9304 6939
47692
29691 13030
2914 15562 12859 3257
52720
25220 29551
12779
7575 6939
3333
19151 174 25152
3257 12859 174 37271 7018 6762
6774
29680 174
31025 12586 29551
34549
1836 20612 13030
262757
30844
205206
20612
20932
7018
680
15562
12586 57821
553
15935 29504 174
60501
29075 174 198385 15576
12859 31122 35266 6939 12654 286
2613
50763
15685 6881
52863
57821
286
28571
22548
31463
16735 174
37989
25152
28634 22356
52873
4777 2497
34288 13030
59414 13030
14840 262375
35369 13030
25091
8426 6695
202194 13030
29504
14907 13030
3303 174
6695
198385
50877 174
14061
513
15605
6939 262317 12654 263508 263075 53067
30781
8218
263075
6881
31122
39122
35266
21232 13030
4657
16347
8758
3549 262375
198290 6661
53070 10429
262317
13030
52888
64463 174
12654
8896 174
37271 174 37239
15435 174
31424
29140
24611 51405 6661
10429 23106
8283
6762
29551
2497
23106
2857
51405
29636 174
6661
174 6894
20495
37239
263508
31742
22356
15576
262375
53067
6894
8447
