#src/zombie.py
# GMT Mon Oct  1 05:24:54 2018
# 
262375 22548 3549 14840
7018 3257
6720 8447
15605 12874
18747 174 263702
14907 3320
29075 15576 34019 174
202032 6939
3333 1257
1103 2603 12654 286
22381 53070 12989
20612 1836
4657 38001 3491
6894 12859
31025 29551 57111
3491 3257
22652 3257
3356 3257 3549
29608 57111
680 1299
49605 12859
3549
20495 286
29686 57463
20932 57111
31424 57111
53067 6939
47692 33891 12654 6939
205206 16245
8896 174
28634 22356
39392 174 29504
51405 57111
12654 12859 13030
43100 57111
1273 1299
38001
198290 174
1257 1239
29680 174
2603 30844
513 6730
12874 3303
52873 52720 57111
8607 6939
28571 1251
264911 6939
50300 31463
28917 57111
263702
196621 15576
9304 6939
6695 8426 57111
15576 29691 198385 21232 34288 198249
6461 3257 8218 7575
6667 174
263152 6939
23106 52320
34019
29504
25091 12859
1239 3257
29636 174
3257 2497 701 174 12859 3320 6762 2914 6453 1299 37271 6939
30781 59689 12859
4844 2914 37989
39351 174
13101 34549 57111
1299 38930 14061
33891 3320
198385 202194
29551 25220
50620 174
31463 12859
12859 31122 8943 16347 2914 50304 6939
38930 8283
53070
21232
51945 56730 174
14840
1251 1916
174 25512 12779 37468 41497 37271 12637 49463 15435 19151 6730 48526 24482 174 25160 39122 16735 29140 31742 16245 1916 20764 50877 1836 2857 51395 64463
6939 16735 12956 8447 263075 1280 57111 37640 5396 58299 262317
8943 50763
59891 51395
16735 12989 262757 263508 52320 266534
57463 57111
31742
1916 52888
59414 13030
14061
3320 3303 47147
51395
12779
35369 8218
58299
25160
29691 57118
553 57111
59689
12637
262317
266534
263075
52720
25220
16347
20764 41722
8426
20080 2914
9002 57111
202194
2914 15562
50304
56730
286 57111
50763
8455 13030
50877
25152 19151
49463
57821 12586
6730 6730
6762
15562
52888
6881 25512
198249
31122
701 2497
47147
37640
5396
48526
4777 2497
12956 10429
16245
34549
37271 37239
37468
22356 27715
3303
49375 57111
37239
19151
25512
8283
8218
12307 57118
262757
15547 57111
6453
8758 13030
64463
20676 12586 57111
41497
13030 57111
12586
24482
57118
22548
7575
34288
30844
8447
39122
52863 52320
2497
37989
41722
15435
1280
29140
57111 2613 1836
12989
2613
263508
52320
1836
10429 27715
2857
27715
