#src/zombie.py
# GMT Mon Oct  1 05:45:41 2018
# 
262375 14840 3549
328206 328145
6762 37271 174
6720 8447
15605 12874
14907 13030
29075 15576 1299
202032 6939
3333 12859
1103 3257
22381 53070 12956
20612 1836
4657 38001 3491
6894 2516
3491 174
22652 3356
3356 8359 553 20676 2516 8896 20764 29608 8426 6774 30781 3549 15547 6730 9002 6939 174 20932
29608
680 1299
49605 1299
3549 22548 16735 52873 263702
20495 8455
29686 2914
20932
12637 3257
53067 6939
47692 33891
205206 42525
8896
28634 22356
39392 33891 29504
51405 6939
12654 20764 9002
8359 41722
38001
198290 6661
29680 3257
513 6730
12874 3303
52873 52720
62240 136620 1299
8607 6939
28571 1251
264911 6939
50300 2914
28917 1299
263702
42525 3320
196621 15576
31133 20764
56730 31463
15576 198385
6461 174 8218
35266 2914
6667 1273
263152 6939
23106 10429
34019 3303
29504
25091 2914
29636 2914
3257 31122 37468 41497 9304 12779 60501 31463 174
30781 59689
4844 2914 37989
39351 42708
13101 34549 174
1299 8943 1273 15435 31742 174 13193 52320 50304 42708 8447
33891 3320
198385
50620 6939
31463
12859 9002
53070
21232 13030
14840
1251 1916
174 25160 12956 7018 24482 20764 3320 50877 2914 2857 6453 64463 286
6939 263075 31424 13030 262317 20764 262757 2613 37640 9002 5396 6939
8943 50763
59891 136620
16735 263508
31742
1916 52888 2914
59414 13030 12307
13193 49463
14061 2914
3320 47147 3303 6661
12779
35369 13030
58299 13030
25160
29691 13030
136620 136620
553
59689
60501
34288 13030
262317
266534 18881
263075
52720
29208 2914 15685
16347 2914
45896 9002
9304
20764 57111
8426
6774 328145
20080 2914
9002 8758 12956 2914
202194 13030
2914 1280 37271 29140 7575 15562 25220 2497 19151 30844 5400
50304 57381
42708
286
50763
8455 8283 13030
25220
50877
25152 2497
2516
49463
57821 12586
6730 6730
7018
15562
52888
328145
6881 15685
198249 13030
31122
1273 48526
47147
37640
5396
48526
4777 2497
12956 10429 18881
34549
37271 37239
31424
22356 27715
3303
37239
19151
8283
8218
12307
37468
262757
15547
27715 10429
2110 39122 5400
6453
8758
64463
20676 12586
41497
13030 1836
12586
24482
22548
57381
7575
30844
15685
5400
8447
39122
52863 52320
2497
37989
41722
15435
1280
29140
57111
2613
263508
52320
1836
10429
2857
6661
18881
