#src/zombie.py
# GMT Mon Oct  1 04:35:25 2018
# 
52873 18881 52720
1916 174
22548 16735
14061 1299
7018 1299
34781 13030
20080 2914
53070 10429
37239 4809
29075 174 50620
5396 6762
6453 8468 174 29686
701 2497 1299
8468
6461 7575 1299 8218
3252 174
16735 52320 262757 174 28138
57821 12586
3491 174 12389
24785 1136 174 24785
35054 3549
174 50304 20932 3356 25160 12350 52320 5392 6661 29680 29140 34177 1836 12956 680 174 28917 29608 6730 13002 38930 35699 48526 20764 49463 3257 12779 6667 29222 1764 19151 1239 1299 12637 41497 31122 24482 64396 9304 6762 15435 1280
35699
2895 29076
29691 57118 15576
3356 9002 51185 8426 3549 49605 22652 286 6762 41095 2914 14361 1299 5511
51405 24611
1853 6720 1764
263321 263584 7738
26592 16397 26615
13030 31424 51395 1299 58299
9189 8422
30132 12859
19151
8220 3320 15547
1239 4637 7738
12956 18881 10429 47872
52720
12859 12779
53067 10429
5511 30781
50763 8943
5580 50300 3257
15435
37271 4809 327995 12779
24482
24611 6661
262757
52863 4809
198385 202194 41562
64396
12874 3303 15605
327995
59689 30781
12350
15547
29680
3333 1136
59891 51395
5392
25933 3549
31463 50300 56730
28917 39821
1103 286
29076 12389
20562 49605
58299
2613 25091
31424
513 6730
57118
4637 1221
41562 15576
12779 28929 58308 3257 12654 30844 12779
41095
2914 4134 4713 12637 9002 8943 1299
553 680
7738
1299 3320 8455 49605 13237 62567
8607 49605
198249 15576
2497
263584
31025 12586 49605
26615 6762
6762 28329
15576 3303 34288 8758
14361
62567
28929
25160
12389
34177
47872
30844
34288
56730
7575
30781
3320 3303 8222 8422 25220 3257
8455
8943
1836
680
8426
13002 25091
8758 20612 196621
48526
8422
20764
1221 4608
49463
286
25220
28220 3549
34019 3303
12637 12654
39821
41497
4713 25152
25152
18881
50300
8222
6720
4589 3257
9304
202194
4608
50304 57381
20932
3549
51185
52320
16397 263075
4134 4809
13237
49605 9002 12654 3257
29140
8596 1764
6661 198290
28329
9002
12586
3303
22652
57381
6730 6730
29686
29608
198290
28138
38930 8283
15605
8218 16347
51395
263075
3257
1136
6667
4809
29222
10429
196621
12654
20612
16347
58308
31122
50620
8283
25091
1764
1280
