#src/zombie.py
# GMT Mon Oct  1 05:08:05 2018
# 
29608 6453
50620 6939
8422 9189 3320
2857 174
12989 22548 16735 53070 6939
264911 6939
57821 12586
62567 6453
174 64396 49605 12637 29140 198290 174 1916 13002 6667 24482 1280 25160 6730 680 2914 29636 29075 41497 20764 12779 31122
286 2914
198249 13030
28917 6939
52720 52873
10429 23106 53067 12956
56730 31463
2914 6762 7018 1299 37271 4844 15830 16347 5511 19151 3257 6461 1239 6939 2497 2914 3320
34288 13030
15435 1299
1299 8943 13030 42708 1273 14061
12859 3257
15830 9304
513 6730
37497 6939
31133 31261 6939
20080 6939
16347
31463 6939 21396 50300
1257 3333 1239
41497
50300
12586 3320
8218 6461
16735 262757 6939
2497 2603 4589 3356 3320 10026 48526 6453 6939 12654 19151
12779
5539 8763 21385
8607 6939
7018
3356 3549 8426 22652 21385 9002
37271 37239
4844 37989
8763
15685 6881 6939
49463 13193
6939 59891 37640 12956 263152 30844 263075 21396 20932 263651 262317 29686 51405 15547 202032 7575
12874 3303 15605
42708 50304 57381
3257
6881
52863 6762
262317
8596 1764
48526
18881 52873 12956
12637
15576 6772 196621
34019 3303
1916 1251
37989
50304
58299 13030
23106
5511 30781
1103 2603
21396
50763 8943
34781 13030
31261 41617
20612 1836
15605
1251 28571
680 680
22548
28571
9002
30781 59689
7575
64396
1836 13030
49605
13030 35369 8455 6772
12956 6762
8283 8455
14061
3333
8928 29680 10026
3549 28329
9189
263075
198290
13193 3320
20932
37640
263651
1764 3320
2603 21320
59689
25160
4589
29686
9304
51405
29636
29075 198385
28329
3320 33891 25220 3303
21385
25220
202032
21320 1853
41617
33891 553
6762
6893 25091 2613
25091 13002
59891
2613
10026
263152
198385 202194
553
22652
25152 19151
29680
19151
53067
8455
1239
8426
196621
29140
6720 1853
30844
202194
13002
6667
24482
1280
1273
6730 6730
1853
6772
6453 6453
262757
31122
35369
8943
6461
53070
57381
20764
3303
52873
12654
37239
15547
