#src/zombie.py
# GMT Fri Sep 28 20:30:17 2018
# 
28138 16735
3549 3356 8468 5392
14361 2914
513 3320
50300 174 31463
56730 31463
1280 701
1273 6667 1299
30844 20764
58299 13030
6461 701 8218
13002 25091 174
25220 3320
29222 3303
1221 4608 4637
10429 262317 53070 12956
9304 174
8422 3320 9189
9002 2914 8928 39821 12654 12859 12956
1136 286 3333
35054 3356
13101 12586 20764
62567 1299
28329 262589
327984 37179
59891 51395
14061 1299
20932 3356
2613 6893
34288 15576
5396 3356
6661 174 198290 41095 24611
8758 15576 20612
37179 3257
8447 3320 6720
26615 26615 6762 25933
58308 29075
34177 3356
15435 1299
8359 3356 28917
59689 30781
25091 6893
49605 1299
25152 23148
553 33891
29075 50620 1299
15576 174 198249 196621 29691 41562 3303
28917
702 3320 8426 3252 701
41095 20562 12654 3356 3303
3356 2914 51185 3257 701 3320 174 48526 1299 1239 8607 22652
6720
8222 3320
15547 8220
198290
20562
8943 1299 50763
64396 174
37239 4809
9189
3257
20080 2914
7738 1239 263321
48526
47872 2914
286 1103 174 701
2497 2914 4777
202194 198385
16347 2914
49463 13193
198385 41562
29686 6453
29608 174
52320 1299 16735
3252 12654 174
34019 3303
38930 1299 8283
2895 29076
24611 51405
37271 327995 4809
29680 8928
263321 263584
39821
1267 8928 15605
29140 174
263584
52888 1916
16735 1299 22548
8220 3320
6453 701
8283
31122 174
3491 174 3491 12389
1103
12859 30132
12586 57821 48039
8455 2914
2914 701 7575 30781 1916
7575
12956 28220 174 701 18881
13193 3320
51185
52873 52720 18881
19151 174
3303 3320
1239 4637 701
4777
12654 20764
1764 3320 1853
50620
4637
12637 174
57118 29691
12779 174
4608
50763
20764 174
13030 51395 1299 34781 1836
13237 1299
51395
6762 701
8607
8426
50304 57381 42708
7018 701
262317
174 680 41497 12350 24482 262589 701 35699 25160 174 1299
20612
30132
6893
28220
680
31424 33891
29691
31463
12350
41562
196621
23148 701
8468
701 1299
1853
29076 12389
57821
22548
57381
1836
30781
22652
8928 4589
8596 48039
4809 3320 1299
34781
25933
42708 1299
8218
53070
198249
1916
5392
6667
24482
15605
327995
41497
262589
52720
3320 3320 33891
51405
25160
33891
35699
48039
4589
3333
1299
18881
12389
