#src/zombie.py
# GMT Fri Sep 28 18:05:30 2018
# 
50620 174
6881 15685
12874 3303 15605
31463 21396 56730 50300
680 1299
196621 15576
1239 1257 3356
202032 6939
37989 4844
2613 6893
42708 1299 50304 57381
21385 20764 5539
30844 6939
12989 6939 16735 53070 22548
9189 25074
25152 23148
1251 6939 28571
13193 1299 49463
13030 1836 202194 34781 35369 198249 6939 34288 58299 6772 8455
8607 6939
6453 62567 174 29686
56730
3320 1299 3303
202194
29686
262757 4230
29608 3356
25220 29551
20612 1836
20485 1299 41722
52863 6762
37640 6939
12586 3257 57821
6772 15576
15547 3356
59891 6939
34781
16347 2914
12654 20764 41722
50763 8943
52873 52720 18881
64396 174
59689 30781
8943 1299
49605 9002
23106 10429
1103 3257
35369
37497 6939
198385 29075
28917 1299
41497 174
22548
37468 174
15435 1299
50304
6461 174 8218
15576
25074 3356
8447 3257 6720
57821
29680 174
10429 12956
53067 6939
8928 1299
1764 8596 174
3303 34019
20932 174
262317 6939
37239 37271
8763 5539
29636 174
264911 6939
20080 2914
12859 9002
701 2497 3356
44217 47872 6762
28329 3549
513 6730
4589 2914
8218
6893 25091
1299 24785 174 14061 1273 3356
25091 13002
6720
14061
286 174
1273
7575 2914
1916 174
29140 174
31424 6939
8426 6939
8359 41617 3356
37271 6939
49463
5396 6939
50300
24785 20562
553 174
34288
29075 174
1257 3333
6667 174
22652 174
2857 174
57381
15685 29208
62567
41617
47872
3333
30781 5511
25160 174
48526 5511
41722 20764 9002
52720
7018 174
24482 174
13002 174
5511 3356
174 174 20764 3356 19151 12637 4230 6730 6762 1280 31122 9304 3257 2914 16735
43100 20764
34019
2914 9002 29208 4844 6661 3356
198249
12956 6762 3356 18881
58299
263152 6939
8283 8455
18881
198290 6661
51405 20764
20562 20764
20764 3356 6939
5539
29208
3356 9002 3549 6939
4844
12779 3257
21396 6939
29551 3257
12637
23148 6939
1836
263651 6939
15605
4230
8596
28571
6730 6730
6762
8758 6939
53070
8455
1280
31122
9304
3257
3549
9002
6939 263075
263075
19151
16735
2497
6661
