#src/zombie.py
# GMT Mon Oct  1 05:23:19 2018
# 
52873 18881 52720
1916 27750
22548 16735
14061 1299
7018 3320
34781 13030
198545 29152 174
59891 51395
53070 10429
37239 36937
27750 11537
29075 174 50620
5396 6762
701 2497 6830
8468 3549
25220 29551
3252 702
48039 12586 8596
29551 1299
16735 52320 262757 1299 28138
57821 12586
3491 3356
30844 21320
35054 43100 3549 6730 202032 12654
29467 197264 1299
174 12637 29140 3320 41497 24482 174 64396 25160 12779 12350 3303 35699 6830 6661
35699
2895 29076
29691 57118 15576
6893 2613 25091
3356 3356 30781 3320 3549 51185 8426 6830 9002 34177 31463 41095 8359 19151 29608 1853 50300 14361 680 8607
51405 24611
1853 6720 1764
58299 13030
7660 22388 2500 9270
4777 2500
6830 1764 513 8928 1299 3257
13030 31424 51395 1299 1836
9189 8422
30132 12859
202032
19151
6453 36937 3320
24785 1136 1273 24785
1239 4637 3320
12956 18881 10429 28220 47872 3320
52720
12859 2603 3257
6939 1299 25152
50300
15435 1299
37271 4809 327995
24482
24611 6661
262757
24489 24490 24489 9270
8426
12874 3303 15605
327995
59689 30781
52320 1299
15547 1299
2613
29680 8928
3333 1136
20080 6762
5392 3549
25933 3549
31463 56730
29152 58308
263321 263584 7738
1103 11537
29076 12389
13237 1299
20562 2603
198385 202194 41562
262317 10429
31424
42708 57381 50304 1299
513 20965 21320 3320 12654 513 6730
57118
50763 8943
41562 15576
12779
41095
2914 3320
553 680
7738 1299
1299 20932 8943 8732 4809 49605 3320 1273 8455 22652 13193 1280 8222 62567 8422
8607
198249 15576
1136
2497
263584
4637 1221
8928 4589
34177
29222 3320
4608 1221
15576 196621 3303 34288 8758
14361
62567
25160
12389 1273
4589
47872
8943
34288
56730
52863 4809
7575 24490
21320 16265 2603
30781
3320 3257 286 6762 702 6461 8218
8455
2603 13101
1836
1764
680
13002 20764 25091
8758 20612
48526 1273
9270 9270
20965 11537
20764 8732
1221
49463 13193
28917 8359
286
13101 12586
16265 38930
6461 8218
28220
34019 3303
12637
39821 9002
41497
25152
18881
1273 6667
8222
64396
9304 3549
36937
202194
8359
8422
13193
50304
20932
3549 4809 16397
51185
16397 263075
12350
49605
29140
11537 22388
8596
6661
28329 6762
24490
9002
6720
12586
22652
57381
6730 6730
29686 3257
702
29608
198290 197264
28138
38930 8283
15605
8218 16347
51395
2500 2500
263075
3257 31122
8732
6667
4809
6762
10429
196621
12654
20612
16347
58308
31122
50620
22388
197264 197264
8283
25091
43100
3303
1280
