#src/zombie.py
# GMT Mon Oct  1 05:54:22 2018
# 
1916 2914
22548 3549
14061 3356
7018 1299
34781 13030
8447 3320 6720
53070 10429
37239 4809
29075 1299 50620
5396 3356
6453 174
701 2497 4230 702 174 1280 7738 1299 23148
8468 3549
25220 3320
3252 702
48039 12586 8596
16735 28138 3549
57821 12586
4589 2914
30844 12779
35054 3356
35699 2914
2895 29076
29691 57118 15576
3356 20764 20932 3549 3356 8426 3257 8732 6667 51185 47872 12956 30781 9002 680 49605 33891 6939 34177 1836 5511 31463 41095 174 29608 14361 8359
51405 24611
1853 1764
263321 263584 7738
4777 2497
13030 1299
9189 8422
1764 3320
202032 49605
19151 174
8220 3320 15547
12956 10429
52720 3549
12859 30132 12779
5511 48526
6939 51395 7545
50763 8943
15435 3257
37271 4809 327995
24482 174
24611 6661
4230 262757
52863 4809
198385 202194 41562
8426
3491 174 12389
12874 3303 15605
327995
59689 58308 30781
12350 174
15547
29680 3257
3333 1136
59891 51395
5392 3549
25933 3549
31463 56730
28917 39821 8359
1103 3257
29076 12389
20562 49605
58299 174
7575 6461
262317 10429
31424 33891
42708 50304 1299
513 3320
57118
41562 15576
12779 174 3257 12654
30132
41095
2914 12637 30781 50300 8455 20080 8943 4134 29140 29686 16347 1299 62567 8607
553 680
7738
1299 49605 3320 6461 174
8607
198249 15576
8732 20764
2497
263584
24130 4608 7545
7545
6762 28329 174
4608
15576 196621 3303 34288 8758
14361
62567
25160 174
12389
57866 8283 9002
47872
8943
262757
34288
56730
2613 25091
30781
3320 3320 8222 3257 3303 8422 13193 6661
8455
34177
1836
680
13002 20764 25091
8758 20612
8359
8422
20764
49463 13193
286 1136 174
13101 12586 49605
20080
6461 8218
28220 3549
23148 25152
34019 3303
12637 12654
39821
41497 174
25152
50300
8222
6720
9304 3549
33891
202194
48526
13193
50304 57381
20932
3549 16397
51185
16397 263075
4134 4809
13237 3257
49605 12654 43100 6661
29140
8596
6661 198290
28329
9002
12586
22652 3257
57381
174 64396 3257 29222
29686
702
29608
198290
28138
15605
8218
51395
263075
3257 31122
1136
6667
4809
29222
10429
196621
12654
64396
20612
16347
58308
31122
50620
8283
25091
43100
3303
1280
