#src/zombie.py
# GMT Mon Oct  1 05:22:31 2018
# 
328206 328145
6762 8732 30844 37271 6939
6720 1853
15605 12874
29075 15576 174
202032 6939
3333 1257
1103 286
22381 53070 12989
20612 1836
4657 38001 24482 3491 6939
31025 29208 29551
3491 6939
22652 6939
3356 33891 1764 553 1853 12586 8896 6730 1836 6667 6939 8426 25091 29608 680 30781 3549 15547 9002 47692 48526 5400 20932 14061 50300
29608 12654 5511 43100 13030
680
49605 9002
3549 52720 16735 52873 263702
20495 8455
29686 6453
20932
8732 20764
31424 6939
53067 6939
47692
8758 50304
8896
28634 22356
39392 33891 29504
29140 174
12654 50304 6881 39351
43100
328145 6939
1273 1299
38001
39351 174 6939
1257 1239
29680 174
513 6730
12874 3303
52873
8607 6939
28571 1251
264911 6939
28917 1299
263702
1764 35369
196621 15576
9304 4635
56730 31463
6830 6939 59414
15576 29691 198385 21232 34288 174 198249
6461 8218 6939
29208 15685 6939
263152 6939
23106 52320
23148 25152 701
34019 3303
29504
25091
1239 6939
29636 2914
3257 31122 31742 6939
30781 59689
4844 37989 6939
198290 6661
13101 34549 42708
1299 38930 8943 13030 15435 15685 5511 42708 6939
37640 6939
33891
198385 202194
29551 25220
50620 174
31463 50300
12859 42708
38930 8283
53070
21232
1251 20080
174 2857 37468 41497 6661 12637 20764 49463 50877 12779 5511 174 64463 25160
6939 266951 262317 263075 37239 262757 4635 2613 2914 42708 286 22548 51405 19151 7018 7575 5511 6939 2497 16735 701 6453 1280 3320 5396 58299
8943 50763
59891 34549
16735 52320 12989 263508
31742
1916 52888 2914
59414
14061
3320 3303 47147
12779
5400 2110
58299
25160
29691 57118
553
59689
266951 263651
34288
262317
263075
52720
25220
16347 2914
12637
20764 41722
8426
20080 2914
9002 4635
50877
4635
6881 15685
50304 42708 57111
42708 57381
286
50763
8455 13030
202194
25152
49463
57821 12586
6730 6730
7018
15562 2914
52888
5511 12956
2914
198249
31122
701 2497
47147
263651
5396
48526
4777 2497
12956 10429
34549
37271
37468
22356 27715
3303
37239
19151
6661
8218
12307 57118
6667
262757
15547
2110 39122
6453
64463
50300
41497
13030
1853
12586 12586
24482
57118
22548
57381
7575
30844
15685
35369
39122
2497
37989
41722
15435
1280
51405
57111
12989
2613
263508
52320
1836
10429 27715
2857
8283
27715
