#src/zombie.py
# GMT Mon Oct  1 04:48:58 2018
# 
52873 18881 52720
1916 52888 174
22548 16735
14061 1299
7018 3356
34781 13030
198545 29152 174
59891 51395
53070 10429
37239 4809
29075 174 50620
5396 3356
701 3356 1280 2497 702
8468 3549
6461 174 8218
3252 702
48039 12586 8596
29551 25220 1299
37179 20764 327984
57821 12586
4589 3257
30844 20764
35054 3303
29467 197264 1299
8447 6720 1299
174 3356 25160 3257 12779 174 286 6762 1764 19151 12350 12637 29680 41497 24482 262589 64396 3491 5392 9304 680 6730 29608 35699 20764
35699
2895 20764
29691 15576
3356 20764 47872 3549 51185 3257 41095 2914 6453 1239 1299 3320 9002 6939 34177 12956 3216 5511 6762 14361
51405 24611
52888
1853 1764
263321 263584 7738
4777 2497
13030 31424 1299 1836 58299
9189 8422
30132 12859
19151 25152
6453 7738
1239 4637
12956 18881 28220 10429 3320
52720
12859 9002 3333
262589 28329
3216 3216 20764
5511 30781 48526
29152 58308
1273 6667 1299
5580 50300 3257
15435 1299
263584
24482
24611 6661
52863 4809
198385 202194 41562
8426 6695
12874 3303 15605
327995 37271
59689 30781
12350
15547 1299
29680
3333
20080 2914
5392
25933 26615
31463 50300 56730
6939 51395
58299
1103 3257
20562 20764
2613 6893
262317 10429
31424
42708 50304 1299
16735 52320 1299 28138
513 6730
57118 196621
50763 8943
41562 15576
12779
41095
2914 7575 29140 29686 9002 8607
553 680
7738
1299 20932 8732 52320 4809 13237 38930 3320 8455 8943 28917 37271 8222 62567
8607
198249 15576
2497
37271 4809
4637 1221
26615 6762 26615
34177
6762
4608 1221
15576 196621 3303 34288 8758
14361
62567
25160
3491
47872 3320 12654
34288
56730
7575
30781
3320 3303 8422 13193
8455
8943
1836
6893 25091
680
13002 20764 25091
8758 20612
48526
8422
20764 8732 6695 13101 16347 12654 20764 6661
327984
1221
49463 13193
28917 39821
286
13101 12586
25220
28220
34019 3303
12637
39821
41497
25152
18881
50300
8222
64396
9304
202194
13193
6695
50304 57381
20932
3549
51185
52320
13237
49605 9002
29140
8596
6661
28329
9002 12654
6720
12586
3303 29222
22652 3257
57381
6730 6730
29686
702
29608
198290 197264
28138
38930 8283
15605
8218
51395
3257 31122
8732
6667
4809
29222
10429
196621
12654
20612
16347
58308
31122
50620
197264 197264
8283
25091
1764
1280
