#src/zombie.py
# GMT Sat Sep 29 09:18:12 2018
# 
41497 3257
6667 1273
41722 20764
20080 2914 1251
1853 21320 6720
49605 3257
263152 6939
8943 50763 1299
12956 174 10429
29686 3257
49463 13193
38001 4657
8732 20764 1299
3320 3303 6661 174 47147 33891 13193
202032 6939
45896 9002
59689 30781
52320 23106 52863 1299
1273 1299 25152
328145 328206 6774
263075 6939
12307 59414
264911 6939
39351 42708
37640 6939
2110 39122 5400
4777 2497
50300 31463
58299 13030
1251 28571
28917 1299
1916 2914 52888
25152
4844 37989 2914
56730 31463
25160 174
6720
29608 3356
20764
13193
6453 174 24482 9002 3356
37468 52720 1299
15547 1299
50763
9002 12654 8758 2914
1103 3257
3491 174 4657
5396 57111
57381 42708
8455 20495 13030 8283
328206
50620 6939
3549 263702 3356
1280 2914
198249 13030
196621 15576
47147
3356 48526 6730 174 30781 8426 6774
22652 174
1299 5400 13030 20676 15685 14061 37271 15435 42708 680 553 16735 62240 174 49375 29551 8365 15576 29075
6730 513 6730
43100 57111
50304 42708
8896 174
48526
12874 15605 3303
59891 136620
263702
33891 47692
9304 3257
47692
29691 13030
262317 6939
2914 15562 7575 25091 174 2497 16347
24482
52720
25220 29551
21320 174
12779 3257
7575
42708
12637 3257
3257 31122 29636 174 29680 39392 31742 29140
20676 12586
6774
29680
57111 12654 6939 12859 174 31424
1836 20612 13030
262757 16735
30844 6762
20612
20932 174
7018 174
680
15562
12586 57821
8365 2857
29075
12859 3333
2613 6939
15605
553
15685 6881
52863
57821
19151 174
39392 29504
28571
31463 6762
16735 263508 6939
37989
6461 8218 174
28634 22356
62240 136620
34288 13030
59414 13030
35369 13030
25091
8426
202194 13030
29504
136620 136620
3303 34019
27715 22356 10429
198385 15576
50877 174
14061
513
6939 8607 6939 53067
30781
8218
5400
6881
31122
39122
21232 13030
49375
4657
16347
8758
198290 6661
53070 10429
8607
13030
52888
64463 174
12654
34019
37271 174 37239
15435
31424
29140
286 174
24611 51405 6661
10429
8283
6762 174
29551
2497
23106
2857
51405
29636
6661
174
20495
37239
263508
31742
22356
15576
3333
53067
