#src/zombie.py
# GMT Mon Oct  1 05:59:18 2018
# 
263584 263321
6762 52863 3549 3491 5396 60501 174 3356
6720 1853
22356 16735 28634
15605 12874
14907 6908
29075 15576 174
3333 1136
1103 286
20612 1836
4657 24482 38861
29226 52320 2895
6894 2497
3491 41095
22652 1299
3356 8426 35054 3549 553
680 1299
37497 174
49605 174
3549 263702
29686 2914
20932 174
37468 52720 37239 16735
53067 16735
327693 36937 327960
47692 33891
205206 16245
8896 50304
28634
29222 3303
34549 13101
51405 24611
38861 4637
35699 2914
24611 6661
12654 52863 1916
25160 2914
29680 174
7545 24130 6939
38001 41095
199714 206356 50629
198290 6661
1136 24785
513 6730
12874 3303
52873 16735
8607 2914
39351 42708
39821 9002
264911 16735
34177 2914
28917 174
263702
33891 3320
5392 174
196621 15576
9304 174
56730 31463
6830 15547 1299
15576 29691 198385 21232 8758 34288 198249
50629 2914
47441 3216
20562 52320
43578 174
6461 52320 2497
35266 2914
6667 174
23106 10429
25091 2914
3257 12586 174
30781 2914 59689
4844 2914 37989
35054
15935 174 29504
13101 52320
1299 12956 1273 13030 174 38930 15435 7018 42708 52320 2914 50304 6453 1299
1764 2914 1853
198385
40191 174 395766
51395 59891 6939
12859 52320
38930 8283
206356
21232
14840 16735
2895
24130 4608
1251 52888 1916
174 58299 41497 16245 4637 51185 8218 19151 12350 48526 3303 16735 31742 6661 1916 20764 3320 50877 52320 1836 286 64463 6730
6939 16735 63297 30132 24785 1280 25152 13760 202194 30844 15685
8943 2914 50763
25933 16735
16735 28220 263321 262317 1916 266534 28260 12989 262757 263508 263075 52320
31742
13237 2914
39540 57118 12307
8222 3320
28260
14061 2914
3320
12779 2914
5400 2914 2110
58299
13760
263321
29691 57118
553
59689
60501
12637 2914
262317
266534
59414 13030
395152 63297
263075
52720
25220 2914
16347 2914
25227 9002
20764
8426
24785 24785
20080 2914
9002 2914 41722
50877
2914 7575 8455 6908 37271 29140 15562 35369 2497 31463 47147 52320 50300
50304 57381
42708
4637
286
50763
63297
8455
202194
25152
59891
49463 8218
57821 12586
29504
7018
15562
52888
6881 15685
198249
3216 1273
1273
4608
47147
5396
48526
4777 2497
12956 10429
16245
6908
1916 1916
37271
41095 52320
51185
31424 13030
24482
3303
28220
37239
6893 2613 6730
30132
327960
36937 30844
8283
8218
12307
262757
15547
395766
2110 39122
6453
8758
64463
50300
41497
13030 1836
1853
31463
12586
57118
22548 12989
19151
57381
12350
7575
34288
30844
15685
35369
39122
52863 52320
2497
37989
41722
15435
1280
29140
57111 52320
12989
2613
263508
52320 6661
1836
10429
6661
6730 6730
