#src/zombie.py
# GMT Fri Sep 28 21:42:45 2018
# 
57118 29691 12307
59891 51395
28220 12956
22381 4809 53070
61157 25074 1299
30844 6939
12350 1299
25152 4713
1251 52888 20080
13193 1299 34019 49463
4777 2497
8943 50763 1299 8943
8607 2914
52863 6762
29608 3356
25220 29551
12586 48039 3257 57821
20940 9002 37497
12654 19151 9002
50763
64396 174
59689 30781
8455 3257
29691 15576
1103 3257
45896 3356
51185 3356
2613 6893
198290 29467
22548 16735
37468 1299 6453 37239
6461 174 8218
680 1299
8447 3257 6720
25435 47176
3252 9002
263584 263321
59414 13030
30132 12859
1916 2914
28329 3549
41095 3356
4589 3257
24611 51405 3356
38930 1299 8283
9304 3257
31133 1299 31261
6720
14061 1299
286 174
1221 4608 4637
28513 3257 4230
31261 41617
5392 6453
327960 327782
34288 15576
37271 1299 327995 3257
5396 3257
1273 1299 3216 6667
8283
13030 1299 1836 198249 31424 58299
4809 1299
198249
5580 3257 50300
57381 50304
62567 1299
25074 9189
47872 1299
25160 1299
48526 1299
14361 3257
52720 52873
7018 174
24482 6453
174 1299 12956 6762 3491 3257 3356 2914 29680 19151 6453
34019
202194 198385
22652 3257
48039 8596
58299
29222 3356
18881 12956 61568
35699 2914
3356 3549
12779 3257
6939 1299
12637 3257
9189
327995
57821
8596
58308 29075
6762
53070
56730 31463
1280 1299
263321 61568
9002 20562 2914 3303
1136 24785 3333
6893 25091
16735 52320
2497 2914
61568
35054 3303
196621 15576
37239
42708 1299 50304
3491
29467 1299 29467
31463 50300
6667
20080 2914
6453 8426
262757 4230
20612 1836
12874 1299 15605
15547 1299
12307
4713 2914
25227 20764
23106 52320
8426
16347 2914
28917 1299 39821
1836
15435 1299
50304
15576 1299 47176 8758
15605
29680
7738 8167 3257
2895 3267
3303
20932 1299
29686 3257
553 1299
12859 3257
8222 1299
513 6730
1299 24785 3267 1299 37100 29075 6730 52320 4637
25091 13002
327782 37100
29140 3257
39821
4637
31424
198385 29075
52320
49463
50300
7575 2914
51405
4230
52873 12956
37497
25933 8167
41617
3333
30781 2914
8167
41722 20764
3216 20764
13002 20764
24785 24785
51395 3257
12956
52888
20562
20764
8218
4608
29551 3257
37100
41497 3257
19151 2914
29075
6730 6730
8758
34177 2914
47176
3257 13237 49605
3549
2914
3267
49605
13237
