#src/zombie.py
# GMT Mon Oct  1 04:21:28 2018
# 
37468 37239 174
8447 6762 6720
59689 30781
264911 6939
57821 12586
8455 2914
198249 29691
28917 8359 39821 174
22652 3257
198290 6661
34177 2914
34019 30781
48039 12586 8596
25074 9189 61157
20080 6762 1251
31463 6762 56730
50300 174
8218 6461 16347 174
16735 22548 262757 52320 12956
12779 174
8607 6939
52720 3549
37271 327995 2914 174
12350 174
7738 701 263321 1299 8167
12654 20764 9002 47872
9044 59622 20612
3257 12586 3356 1103
47872 1299 12956 174
202032 6939
263584 263321
41497 174
15576 34288 3356 29691 8758
262317 6939
51185 174
3491 3356
23106 10429
286 3356
50763 8943
28329 6939
38930 8283 16265
52320 6939
53067 6939
1136 24785 3333
30781 2914
2895 3267
7575 2914
64396 174
6762 3356 52863 3216 6453 174
47176 25435 174
8758 6830 196621
41722 9002
1221 4637 4608
41617 31261
3333
3549 3356 5392
4637 1239
29222 3303
9189
25227 31133
25160 3356
9304 174
59414 13030
29075 198385 174
23148 701 25152
1916 2914
20562 20764
52863
6893 25091 2613
25091 13002
59891 51395
263152 6939
25152
29680 174
15605 3356
22548
31133 31261 1299
1239 3356
25435
7018 3356
30132 12859
6730 59622 29691 6939
1273 6667 1299
5392
4608
53070 22381
57381 50304
20764 31025 16265 6939 20764 3216 3356 30844 174
3303 174
4777 2497
37239
15547 3356 34781
25933 8167
35054 3356
3252 174
24785 24785 41095
59622
16265
174 3356 49605 12956 49463 19151 35699 20932 2914 1836 51395 24482 5511 553 6661
58299 6939
8359 3356
45896 6939
56730
61157 3320
33891 31424 3356
2914 3356 29140 29686 25220 4589 13237 9002 12637
15435 1299
1299 8943 3356 13030 42708 50304
12859 9002
1280 701
37497 6939
29691
3267 3356
8167
3216 3216 3356
12586 31025
263321
6830 3356
51395
262757
3356 62567 14061 3356 41095 8426 14361 680 3320 29608 9002 5396
37640 6939
4134 701 4809
49463
29140
327995
13237
8596
48526 5511
12637
2497 701
34288
50304 42708
28220 12956
5511
1103
34781
31261
1251 52888
42708
9002
62567
49605
13030
12956 701 10429
20612
8283
14061
8426
20932
41095 13002
263651 6939
202194 198385
327960 6939
29686
28929 6939
3320 8222
6939 6461
25220
29608
6661
52888
5396
8222
701
31424
35699
2613
198385
553
19151
39821
196621
31025
6720
30844
1836
6667
24482
14361
680
6453
16347
8943
6461
4809 22381
4589
22381
13002
10429
