#src/zombie.py
# GMT Mon Oct  1 06:02:27 2018
# 
52873 18881 52720
1916 2914
22548 16735
14061 1299
7018 174
34781 13030
8447 3320 6720
53070 10429
37239 4809
29075 6453 58308 6762 50620
5396 6762
6453 174 24482 6453 29608
701 4134 2497 174 1280 702
8468 3549
6461 7575 174 8218
3252 702
16735 52320 28138
57821 12586
3491 174
24785 1136 1299 24785
35054 3303
35699 2914
2895 3267
29691 57118 15576
3356 1299 3356 3320 3549 51185 680 9002 34177 3257 25160 3216 31463 41095 174 19151 2914 8426 12956
51405 24611
1853 1764
263321 263584 7738
4777 2497
39821 28917
9189 8422
30132 12859
19151 13030 6939 174 25152 8359
8943 1299 50763
8220 3320 15547
12956 18881 174 10429
52720
12859 3257 2914
3216 20764
5511 30781 174 48526
6939 12654 30844 25152
50300 174
15435 3257
37271 4809 327995
8222 3320
24611 6661
4230 28513 262757
52863 4809
8426
12874 3303 15605
327995
59689 30781
12350 1299
15547
2613 25091
59891 51395
3333 1136
20080 2914
5392 3549
25933 3549
31463 56730
28917 8359
1103 286
58299 13030
198385 202194 41562
262317 10429
31424 33891
42708 57381 50304 1299
513 3320
57118
50763
41562 15576
12779 174
41095
2914 12637 28513 8455 174 29686 52320 29140 16347 8607
553 33891
7738 3320
1299 13030 1273 3267 49605 174 38930 62567 8422
8607
198249 15576
2497
263584
4637 1221 174
26615 6762 16397
6762 28329 47872 174 28220
4608 1221
15576 196621 3303 34288 8758
14361 3257
29222 3303
25160
4589 3257
47872
30844
262757
34288
56730
7575
30781
3320 3320 33891 1764 3303 25220 13193 6661
8455
34177
1836 13030
1764 8596
680
13002 20764 25091
8758 20612
48526
8422
20764
1221
28513
49463 13193
286 174
13101 12586 174
25220
28220
34019 3303
12637
13030 51395
41497 3257
25152 3257 12654
18881
1273 6667
24482
6720
9304 3549
33891
202194
8359
13193
50304
20932 174
3549
51185
52320
16397 263075
4134 4809
13237 3257
49605
29140
8596 8596
6661 198290
28329
9002
12586
22652 3257
57381
174 29680 64396 3257
29686
702
29608
198290
28138
38930 8283
15605
8218
51395
263075
3257 31122
1136
6667
4809
29680
10429
196621
12654
64396
20612
16347
58308
31122
50620
8283
25091
3267
62567
3303
1280
