#src/zombie.py
# GMT Mon Oct  1 06:00:51 2018
# 
52873 18881 52720
1916 174
22548 16735
14061 2914
7018 2914
34781 13030
20080 2914
53070 10429
37239 4809
29075 58308 174 50620
5396 3257
6453 2914
701 2497 2914
8468 13101 9002 12654 3549 8426 20562 30844 6661
6461 2914 8218
3252 174
48039 12586 8596
16735 52320 174 28138
57821 12586
3491 2914
30844
35054 3303
174 20764 20932 52320 49463 25160 12779 6667 1764 24785 19151 12350 13002 1299 12637 29140 29680 41497 31122 50300 24482 174 64396 34177 1836 5392 9304 15435 3267 680 6730 28917 29608 198290 1280 38930 35699
35699
2895 3267
29691 57118 15576
3356 4230 3549 12956 5511 29222 41095 2914 3320 14361 1239 1299 8607
51405 24611
1853 6720 1764
58299 13030
4777 2497
13030 31424 51395 2914 1299
9189 8422
30132 12859
19151 25152
8220 5511 15547
1239 4637
12956 18881 28220 10429 2914
52720
12859 9002
5511 30781 12654 2914 48526
50763 8943
15435
37271 4809 327995 9002
8222 3320
24611 6661
4230 262757
52863 4809
198385 202194 41562
8426
12874 3303 15605
327995
59689 30781
12350
15547
29680
3333 1136
59891 51395
5392
25933 3549
31463 50300 56730
263321 263584 7738
1103 3257
20562
2613 6893
262317 10429
31424
42708 50304 1299 9002
513 6730
57118
4637 1221
4589 2914
41562 15576
41095
2914 47872 51185 3257 4134 286 6762 12654 8607 7575 3320 9002 8455 1299 29686 16347 62567
553 680
7738 3320
1299 13237 8943
8607 12654
198249 15576
2497
263584
6762 28329
15576 196621 3303 34288 8758
14361
62567
25160
8943
47872
24785 1136 24785
262757
34288
56730
7575
30781
3320 3303 25220 8422
8455
34177
1836
6893 6730
680
13002 25091
8758 20612
48526
8422
20764
1221 4608
49463
28917
286
13101 12586
25220
28220
34019 3303
12637
39821 9002
41497
25152
18881
50300
24482
64396
9304
202194
4608
50304 57381
20932
3549 16397
51185
52320
16397 263075
4134 4809
13237
49605 9002
29140
8596
6661
28329
9002 12654
6720
12586
3303
22652 3257
57381
6730 6730
29686
29608
198290
28138
38930 8283
15605
8218
51395
263075
3257
1136
6667
4809
29222
10429
196621
12654
20612
12779
16347
58308
31122
50620
8283
25091
3267
1764
1280
