#src/zombie.py
# GMT Mon Oct  1 03:52:01 2018
# 
29608 13030
50620 174
2857 174
12989 22548 16735
264911 6939
57821 12586
62567 6453
24611 6661 51405
174 64396 51395 29680 37271 25512 49463 52320 19151 29140 680 12779 31133 3303 198290 174 48526 12637 6667 1299 1280 25160 553 6730 20932 49605 29636 29075 41497 50300 20764 21320 1916 31122
286 34984 1103 6939
12874 3303 15605
198249 13030
29551 25220 31025
34984 44217
22652 6939
198290
56730 31463
2914 20080 1299 9002
20485 13002 4635
15435 1299
8455 8283 13030
12859 6939
1280
513 6730
37497 6939
31133 31261
20080
16347 8218
31463 50300
25512 6881
1257 3333 1239
41497
50300
12586 31025
8218 6461
16735 262757 6939
2497 701
12779
5539 8763 21385
8607 13030
51395 59891
13002 25091
52720 52873
37271 37239 1299
4844 37989 6939
8763
49463
21385 12654
28917 6939
6661 6939
4635 9304 6939
29140
42708 1299 50304 6939
3257 1299
47872 44217
6881
202032 6939
44217
262317 6939
8596 48039
48526
12637
15576 6772 196621
34019 3303
34288 13030
15605
37989
50304 57381
58299 13030
23106 52320
680 680
5511 30781 6939
1103
34781 13030
31261 41617
20612 1836
1251 28571 1916
52320
22548
28571
9002
30781 59689
7575 6461
64396
701 6939
1836 13030
49605
13030 8758 1299 6772 35369 31025 6939 4589 12654
8758
31424 6939
8283
14061 1299
3333
8928 10026
9189 6939
263075 6939
8426 6939
20932
41617
263651 6939
59689
25160
4589
29686 6453
9304
51405
29636
29075 198385
28329 6939
1916
6939 6762 7018 263152 1239 52863 52873 30844 1299 24482 10026 6453 15547 6461 53070 53067 12654 5396
25220
52863
21320 1853
5396
6762
6893 25091 2613
25091
59891
2613
10026
263152
198385 202194
553
25152 19151
29680
19151
53067
1299 1273
1239
196621
31025 48039
6720 1853
30844
202194
7018
6667
24482
48039
1273
6730 6730
1853
6772
6453
262757
31122
35369
6461
53070
57381
20764
3303
52873
12654
37239
15547
