#src/zombie.py
# GMT Mon Oct  1 05:24:54 2018
# 
263584 263321
16685 22356 16685 4230
6762 20080 41497 5396 31463 61568 174
6720 8447
22356 28634
15605 12874
14907 38930
29075 15576 198385 1299
12389 25227 1299
3333 12859
1103 11537
22381 53070 4809
20612 1836
29226 2895 9002
6894 2497
3491 64050 28513 41095 174
22652 3257
3356 8359 8426 3549 553 174 35054 41095
680 20965
49605 9002
3549 25933 16735 52873 9304 52720 5392 23106
4809 4134
29686 6453
11096 20080 11537
4230 262757 28513
20932 1299
28634
37468 1299
22388 7660 11537
47692 33891
205206 42525
8896 1299
11537 20965 293 11537
37100 327782 6453
14007 395152 6939
34549 13101
39392 174 29504
51405 24611
35699 2914
12654 35054 513
25160 1299
701 174 4134 1280 2497 23148
8359 28917
38001 41095
39351 42708
29680 174
8220 3320 15547
2603 8607 30844 21320 12859 20562
513 513 174 20965 21320 293 6830
12874 3303
52873
8607
327782 327960
39821 9002
34177 174
28917
42525 3320
5392
196621 8758
9304
4637 1221 1299
6830 12956
15576 29691 21232 8758 34288 198249
1221 4608
4608
20562
61568 263321
43578 1299
6461 174 8218
6667 1273
23106
23148 25152
25091 2914 6893 35054
6893 2613
3257 29140 12779 12586 12637 174
30781 2914 59689
3252 174
35054 202032 9002 64463 6939
198290 2914
13101 174
1299 29551 38930 15435 12350 13030 174 49375 8447 8732 8943 1273 42708 14061 8455 52320 5400 50304 13237 37271
33891 3320
198385 202194
40191 174 395766
29551 25220
20965 21320 27750
31463 56730
12859 30132
38930 8283
53070
21232
174 12956 51395 51185 19151 7018 5511 2914 286 24482 31742 3320 50877 6453 50300
6939 21320 13760
8943 50763
25933
16735
31742
13237
39540 57118 12307
8222 3320
59414 13030
13193 3320 49463
14061
3320 47147 3303
51395 59891
12779
5400 2110
58299 13030
13760
263321
29691 57118
553
59689
202032
37497 2914
12637
266534 18881
395152
52720
25220
16347 2914
25227
9270 9270 7660 24490
20764 8732 41722
24490 24490 7575
8426
20080 1916
9002 2914 21320
50877
2914 15562 35369 29208
50304
42708
56730
286
50763
30132
202194
25152
2895
49463
57821 12586
29208 15685
29504
7018
15562
52888 1916
5511 48526
6881 15685
198249
8732
24611 6661
1273
59891
4134
21320 6661
47147
27750 1916
5396
48526
7660
4777 2497
12956 28220 18881
293
1916
37271
41095
51185
31424 13030
24482
3303 29222
49375
28220
19151
8455
327960
8283
8218
12307
262757
15547
395766
2110 39122
6453
8758
64463
50300
41497
13030 1836
64050
12586
57118
12350
7575
34288
30844
29222
15685
35369
8447
39122
52863 52320
2497
41722
15435
1280
29140
2613
52320
1836
28513
6661
18881
