#src/zombie.py
# GMT Mon Oct  1 06:19:48 2018
# 
52873 18881 52720
1916 2914
22548 16735
14061 1299
7018 174
34781 13030
59891 51395
53070 10429
37239 4809
29075 5413 50620
5396 3356
6453 174
701 4134 2497 4230 702 174 1280 7738
8468 5413
3252 702
48039 12586 8596
29551 31025 25220
16735 52320 28138
57821 12586
3491 2914
30844 6939
35054 3303
35699 2914
2895 3267
29691 57118 15576
3356 1299 6762 174 2914 25220 3549 12956 22652
51405 24611
1853 6720 1764
58299 13030
4777 2497
6830 513 6830 5413
13030 31424 5413 1836
9189 25074
1764 2914
19151 174
8220 5413 15547
12956 18881 6762 10429
52720
12859 25220 30132
53067 10429
6939 5413 51395
50763 8943
15435 5413
37271 4809 327995
8222 3320
24611 6661
4230 262757
52863 4809
198385 202194 41562
43531 24482 5413
8426 5413
12874 3303 15605
327995
59689 58308 30781
52320 2828
25074 2914
29680 8928
3333 1136
20080 5413
5392 3549
25933 3549
31463 56730 21396
263321 263584 7738
1103 5413
13237 5413
20562 5413
24130 4608 7545
7575 2914
31424
42708 57381 50304 5413
513
57118
41562 15576
12779 5413
30132
41095 13002 5413 24785
2914 47872 5413 25160 34177 6661 8943 12654 25220 1299 12637 30781 3320 4713 9002 8455 4589 174 29686 16347 29140 14361 62567
553 680
7738
1299 6762 174 7545 25220
8607 5413
198249 15576
2497
263584
7545
31025 13101
8928 5413
29222 3303
13193 3320 49463
15576 196621 3303 34288 8758
14361
62567
2828 5413
25160
8943
47872
24785 1136 24785
262757
34288
56730
2613 25091
30781
3320 3303 174
8455
34177
1836
680 680 174 12654
13002 25091
8758 20612
8359 20764 5413 28917
20764
5413 20932 12654 6667 49605 21396 31122 9002 50300 9304 51185 3267 6661 48526 16265 8218
49463
28917
286 174
13101 12586
16265 38930
25220 12654
28220 3549
34019 3303
12637
39821 9002
41497 174
4713 25152
25152
18881
50300
24482
64396 174
4589
9304
202194
48526
4608
50304
20932
3549 6762 16397
51185
16397 263075
4134 4809
12350 174
49605
29140
8596
21396
6661 198290
28329 6762
9002
6720
12586
22652
15547
57381
174 29608 3257 174
29686
702
29608
198290
28138
38930 8283
15605
8218
51395
263075
3257
1136
6667
4809
6762 12654
10429
196621
12654
20612
16347
58308
31122
50620
8283
25091
3267
3303
1280
