#src/zombie.py
# GMT Mon Oct  1 06:30:56 2018
# 
1916 174
14061 1299
7018 174
34781 13030
8447 6939 6720
30844 6939
25074 6939 9189
25160 174
263152 6939
37989 4844
1836 4635 13030 20612
5396 6939
701 3356 1280 2497
6461 6939 8218
20932 6939
2613 6893
21320 6939 1853
30781 6939 59689
3320 3303 6939
16735 12956
59891 6939
8455 13030
3549 3356 52720
57821 12586
8943 1299 50763
8763 5539
50300 5580 31463
6893 25091
680 553 3356 6939
8426 20764
174 3356 20764 12779 29140 19151 2914 1299 6661 37271 41497 198385 174 64396 22652 9304 5511 35369 29075 2857 48526 29636
13002 6939 25091
16347 6939
48526
29636
20764 3356 6939 12654
263651 6939
52888 1251
1853
28917 6939
6830 513 6830 6939
29608 5511
49463 6939
20676 3356 12586
53070 12989
286 6939
1764 3356 8596
202032 6939
19151
29691 15576
6453 6939 62567
25220 6939
37239 37271
4844 2914
12956 6939
23148 6939 25152
34019 3303
13030 1299
15685 6881 29208
41497
25152
12859 6939 3333
1273 6667 1299
24482 4657
6720
9304
5511 5511
31463 56730
6939 50304 52863 1251 262317 49605 15547 4657 28329 20080 44217 29686 8607 12989 4635 3356 31424 42708 58299 264911 263075 37640 3303 7575 51405 31122 50620 21385 6762 15435 29208
202194 198385
12989
12654
50763
5580 3257
29075
52720
37271
29208
8928 1299
50304 57381 42708
47872 44217
52863
3356 9002 3257 2914 1299
64396
3333
12874 3303 15605
15547
49605
29140
59689
8596
34288 15576
6661 198290
4657
264911
28329
29680 3257
9002
12586
20080
22652
56730
57381
263075
44217
9189
35369
29686
58299
1103 3257
1251 28571
198290
38930 8283 1299
15605
8218
4635
7575
262317
31424
42708 1299
5539 21385
513
57118 196621
4589 2914
3257
12779
6667
37640
196621 15576
2914
553
15435
20612
1299
8607
198249 15576
2497
6881
51405
31122
50620
198385
21385
8283
25091
6762
28571
15576 3303
3303
1280
2857
62567
