#src/zombie.py
# GMT Mon Oct  1 06:45:28 2018
# 
37468 174
2857 8365
59689 30781
264911 6939
57821 12586
43531 8596 6939
8455 13030
198249 15576
28917 6939
22652 174
198290 29467
41722 9002
34019 30781
8426 3356
20080 2914
10764 11537 5511
31463 56730 50300
559 3303 20965 21320 12654 6830
15685 1299 6881
8218 6461
16735 22548 262757 6939 174
12779 174
5539 33891 8763
8607 2603
37271 37239 3356
34288 9002
12874 3303 15605
3257 1299 31122 174
47872 44217
17579 24489 7660
50620 174
12307 57118
18881 52873 12956
41497 174
15576 29691 8220 196621
262317 6939
58299 15623
23106 10429
50763 8943
48166 9002
38930 8283 16265
22548
30781 5511
7575 11537
64396 174
20965 11537 680 24490 1853
12956 6762 22381 10429 6939
8758 6939
8928 29680 6939
3333 1103
11537 22388 27750 1103
41617 9002
2603 12859 8365 20562 21320 2497
44217 3356
25160 174
9304 174
25074 3356 9189
29075 198385 5511 16347
1916 27750 1251
20562 24785
52863 6762
21320 6939 16265
6893 25091 2613
25091 13002 6939 12654 6830
59891 51395
27750
263152 6939
15605
25152 19151
28571 1251
9189
7018 1299
6881
8365
1273 6667 1299
262757
29467 6830
33891 553 6939
553
20764 13002 20764 174
3303 6830
52873 52720
1853 6720
37239
15547 6939
24489 24490
24785 1299
16265
174 6762 3356 19151 174 51395 286 29140 20932 12637 1836 1299 1280 513 15623 29636 2914 50300 1764
286
56730
2914 4589 1299 4844
15435 6939
1299 13030 14061 6453 8943 6461 3320 6939 42708
12859
1280
513 6830 513 12654 6939
37497 6939
29691 57118
24490
30844 6939
12586 20676
6830 3356
51395
13002
3356
4844 37989
8763
49463 13193
50300
29140
8596
48526 5511
12637
2497
22388 7660
37989
50304 42708
29680
5511 5511 29608
15623
1103
57118
1251
42708 57381
202032 6939
9002 49605 6939
62567 6453
49605
13030
7660
16347
20612 1836
8283
14061
263075 6939
13193 3320
20932
37640 6939
263651 6939
202194 198385
29686 6939
51405 6939
8220 6939
29636
3320
6939 20676 24482 31424 25220 5396
25220
29608
22381 53070
5396
53070
6762
31424
2613
198385
57381
19151
196621
53067 10429
6720
20676
1836
6667
24482
680
6453
31122
35369 1764
8943
6461
1764
4589
12654
52720
10429
