#src/zombie.py
# GMT Mon Oct  1 05:13:12 2018
# 
52873 18881 52720
1916 2914
22548 16735
14061 3356
7018 174
34781 13030
8447 3320 6720
53070 12989
37239 4809
29075 58308 174 1299 50620
5396 6762
6453 6453 1299 29608
701 2497 4230 702 2914 1280 7738 23148
8468 3549
6461 174 8218
3252 702
48039 12586 8596
16735 52320 1299 12956 28138
57821 12586
3491 174 12389
30844 12779
35054 3549
35699 2914
2895 29076
29691 57118 15576
3356 20764 47872 9002 51185 8426 3549 3356 34177 31463 41095 174 8359 19151 14361 1299 680
51405 24611
1853 1764
28917 39821 49605 8359
4777 2497
13030 31424 1299 1836 58299
9189 8422
30132 12859
202032 12779
19151
8220 3320 15547
12956 174 18881 10429 28220 1299 12989
263321 263584 7738
12859 12779
6939 49605 51395
1273 6667 1299 48526
15435 1299
263584
8222 3320
24611 6661
4230 262757
52863 4809
198385 202194 41562
8426
12874 3303 15605
327995 37271
59689 30781
52320 1299
15547
29680 174
3333 1136
20080 2914
5392 3549
25933 26615
31463 56730
58299
1103 3257
29076 12389
13237 1299
20562 49605
7575 2914
262317 10429
31424
42708 50304 1299
513 3320
57118
50763 8943
41562 15576
12779 28929 13101 49605 174 12654 3257
41095
2914 12637 30781 9002 4134 174 29686 29140 16347 1299 8607
553 680
7738
1299 3257 22652 8732 49605 3320 8455 8943 174 38930 62567
8607
198249 15576
8732 20764
2497
37271 4809
8218
4637 1221 174
26615 6762 26615
29222 174
4608 1221
15576 196621 3303 34288 8758
14361
62567
28929
25160 174
12389
34177
47872
262757
34288
56730
2613 6893
30781
3320 3320 3257 4809 3303 25220 8422 13193 6661
59891 51395
8455
8943
1836
6893 25091
680
13002 20764 25091
8758 20612
48526
8422
20764
1221
49463 13193
286 1136 174
13101 12586
25220
28220
23148 25152
34019 3303
12637 12654
39821
41497 174
25152
18881
50300 174
24482 174
6720
4589 3257
9304 3549
202194
8359
52720
13193
50304 57381
20932 174
3549 16397
51185
16397 263075
4134 4809
12350 174
49605 43100 12654 9002 6661
29140
8596
6661 198290
28329 6762
9002
12586
3303
22652
57381
174 3257 6762 1764 64396
29686
702
29608
198290
28138
38930 8283
15605
12989
51395
263075
3257 31122
1136
6667
4809
6762
10429
196621
12654
64396
20612
16347
58308
31122
50620
8283
25091
43100
1764
1280
