#src/zombie.py
# GMT Mon Oct  1 05:28:20 2018
# 
52873 18881 52720
1916 2914
22548 3549
14061 3356
7018 3356
34781 13030
8447 3320 6720
1251 20080 28571
53070 10429
37239 4809
29075 58308 174
5396 6762
701 4134 1280 2497 1299 702
8468 3549
25220 3320
3252 702
48039 12586 8596
16735 28138 6762
57821 12586
3491 174 12389
30844 12779
35054 3303
35699 174
2895 29076
29691 57118 15576
3356 3356 47872 3549 51185 680 9002 22652 3257 15547 8732 41095 174 29608 19151 2914 8426 14361 1299
51405 24611
52888 28571
1853 1764
263321 263584 7738
4777 2497
13030 51395 1299 1836
9189 8422
30132 12859
202032 12779
19151 174 25152
6453 174 29686
12956 18881 174 10429
52720
12859 12779
262589 28329 174
5511 174 48526
37100 6762 327984
50763 8943
15435 1299
37271 4809 327995
24482 174
24611 6661
198385 202194 41562
8426
12874 3303 15605
327995
59689 30781
13237 1299
15547
29680 174
3333 1136
20080 6762
5392 3549
25933 26615
31463 50300 56730
58299 174
1103 3257
29076 12389
20562 12779
2613 25091
262317 10429
31424 33891
42708 50304 1299
513 3320
57118
4637 1221 174
41562 15576
12779 28929 9002 174 12654 13101 3257
41095
2914 12637 30781 174 9002 8455 8607 7575 6762 16347
553 680
7738 174
1299 8943 49605 174 3320 38930 6461 62567
8607
198249 15576
1136 286
2497
263584
8218 6461
26615 6762 26615
6762 174 28220
4608 1221
15576 196621 3303 34288 8758
14361
62567
28929
25160 174
12389
4589 3257
47872
8943
34288
56730
7575
30781
3320 3320 8222 3257 33891 1764 3303 8422 13193 6661
59891 51395
8455
34177 174
1836
680 174
13002 20764 25091
8758 20612
48526
8422
20764 8732
327984
1221
49463 13193
28917 174
286 174
13101 12586
6461
28220
34019 3303
12637 12654 174
39821 9002
41497 174
25152
18881
50300 174
8222
64396 174
9304 3549
33891
202194
13193
50304 57381
20932 174
3549
51185
4134 4809
12350 174
49605 43100 9002 6661 12654
29140 174
8596
6661 198290
28329
9002
6720
12586
3303 29222
22652
57381
174 3257 31122 6667 174 50620
29686
702
29608
198290
28138
38930 8283
15605
28571 28571
51395
3257
8732
6667
4809
29222
10429
196621
12654
20612
16347
58308
31122
50620
8283
25091
43100
1764
1280
