#src/zombie.py
# GMT Mon Oct  1 06:10:21 2018
# 
8387 8928 1764 12654
1916 2914
22548 3549
14061 1299
7018 174
34781 13030
198545 29152 174
8447 3320 6720
53070 10429
37239 4809
29075 1299 50620
5396 3356
701 2497 1280 23148 1299 702
8468 3549
25220 2914
3252 702
48039 8596 174
16735 52320 28138 1299
29680 8928
4589 2914
24785 1136 174 24785
35054 3356
35699 2914
2895 3267
29691 57118 15576
3356 3267 41095 1764 3549 8426 174 14361 1299
51405 24611
1853 1764
263321 263584 7738
4777 2497
6830 513 6830 174
39821 28917
9189 8422
30132 12859
202032 1764
19151 174
6453 174
12956 18881 28220 10429 1299 2914
52720 52873
12859 13237
3216 20764 1273
29152 58308
1273 6667 1299 48526
15435 1299
37271 4809 327995
24482 174
24611 6661
262757 4230
52863 4809
198385 202194 41562
8426
12874 3303 15605
327995
59689 30781
12350 174
15547 1299
59891 51395
3333 1136
20080 2914
5392 174
25933 3549
31463 56730 2914
6939 1299 7545
58299 174
1103 286
13237 3320 8359 12654 1299 30844
20562 1764
24130 4608 7545
2613 25091
262317 10429
31424 33891
42708 50304 1299
52873 18881
513
57118
50763 8943
41562 15576
12779 174
41095
2914 7575 47872 51185 28513 25160 4134 1764 1299 8607 12637 30781 9002 50300 8455 174 29686 29140 16347 62567
553 680
7738 3320
1299 13030 49605 22652 8943 6762 174
8607
198249 15576
2497
263584
7545
8928
26615 6762 16397
34177 174
6762 28329 174
15576 196621 3303 34288 8758
14361
62567
57821 12586
25160
3491 174
47872
30844
4230 28513
34288
56730
7575
30781
3320 13030 680 3320 33891 3303 8222 8422
8455
8943
1836 13030
680
13002 20764 25091
8758 20612
8359 28917
8422
20764
28513
49463 174
28917
286 174
13101 12586 1764
6461 174 8218
28220
23148 25152
34019 3303
12637
13030 51395
41497 174
25152
18881
50300
8222
64396 174
9304 174
33891
202194
48526
4608
50304 57381 174
20932 174
3549
51185
16397 263075
4134 4809
52320 174
49605
29140
8596
6661 174
28329
9002
6720
12586
3303
22652
57381
174 3257 1764 31122 29608 198290 38930
29686
702
29608
198290
28138
38930 8283
15605
8218 29222 1764
51395
263075
3257
1136
6667
4809
29222
10429
196621
12654 12654
20612
16347
58308
31122
50620
8283
25091
3267
1764
1280
