#src/zombie.py
# GMT Mon Oct  1 06:25:48 2018
# 
20612 1836
50620 174
8422 9189 174
2857 174
12989 22548 16735 53070
22548
52720 52873
57821 12586
62567 2914
29208 15685 49605
174 701 64396 3356 16347 5511 1836 174 286 3257 1239 6762 29140 20932 41497 7018 1299 1280 25160 513 29680 9304 29636 6461 2914 19151 21320 12779
286 8596 1103
12874 3303 15605
198249 15576
29551 25220 1299
28917 1299
22652 3356
8359 20764 3356
198290 6661
56730 31463
41722 12389
2914 35369 1916 6661 4844 20080 7575 9002 30781 12637
15435 1299
8455 13030
12859 6939
1280
513
29608 6453
31133 1299 31261
20080 1251
16347
31463 21396 50300
15547 1299
1257 3333 1239
41497
50300
12586 20676
8218 6461
16735 262757 12956
2497 701
12779 31424 6939 12654
5539 8763 21385
8607 6939
3320 3303 1299
51395 3257 59891
13002 20764 25091
3356 20676 1299 6939 12956 49605 3549
264911 6939
37271 37239 6939
4844 37989
8763
34288 15576
49463 13193
21385 6939
6661
29140
15685 6881
3257 4589 31122
47872 44217
52863 6762
44217 6453
6881
8596
48526 5511
18881 52873 12956
12637
15576 6453 196621
34019 30781
15605
37989
50304 42708
58299 13030
23106 10429
5511
1103
50763 8943
34781 13030
31261 41617
38930 8283 6453
1251 28571
680 1299
53067 10429
28571
14061 1299
31424
1273 6667 1299
30781 59689
7575
64396
6762
1836
49605 1299 8758 9002 12654 5396
13030 1299
1853 21320 6720
8758
12956 10429
8283
41617
3333
8928 10026
3549 28329
9189
263075 6939
12389 6453
21396 6453
13193 1299
20932
37640 6939
263651 6939
59689
25160
4589
29686 6453
9304
51405 6939
29636
29075 198385 6453
28329
23148 701 25152
1916
6939 10026 263152 12654 6453 37497 202032
25220
202032
21320
5396
701
6893 25091 2613
25091
59891
2613
10026
263152
198385 202194
553 1299
25152
29680
19151
42708 1299 57381
1299 8943
1239
196621
20676
6720
30844 6453
202194
7018
6667
24482 6453
8426 6453
37497
9002
6453 6453
262757
31122
35369
8943 8943
6461
53070
57381
20764
3303
52873
12654
37239
10429
