#src/zombie.py
# GMT Mon Oct  1 03:53:51 2018
# 
29691 13030
328206 328145
7575 2914
59689 30781
6720 8447
12637 174
262317 6939
39351 174
59414 13030 12307
22652 3356
553 3356
29075 15576 6453 34019 174
12307
3333 12859
52888 1916
52720 52873
12956 10429 3356
25220 2914
16347 2914
45896 9002
2857 174
8426 3356
20612 1836
12654 20764 9002 6939
52863 52320
3491 174
7018 174
202194 13030
49605 1299
34019
20764 57111 174 6939
3356 8359 37271 29608 3549 15547 6730 9002 174 20676
29608
680 1299
6774 328145 174
20080 2914
3549 16735 52873 263702
198290 6661
9002 2914 8758 12859 6939
20495 8455
29686 6453
15547
2914 2497 19151 25091 1280 30781 4844 15562 174 29208 6939
6939 16735 53067 263075 202032 22548 51405 31424 2613 37640 5396 8607 264911 262757 263152 6939
42708 50304 1299
56730 31463
20932 174
8359 41722
31424
8455 8283 13030
53067
47692 6453
8758
50877 174
25152 2497
59891 51395
49463 13193
39392 174 29504
51405
51395 174
6730 513 6730
6762 174 30844 41497 31463
15562
1103 3257
328145
6881 15685
198249 13030
1273 6667 1299
31122 3257
38001 7473
50304 57381
29680 3257
513
12874 15605 3303
19151
52873
8607
47147 3320
37640
5396
22356 174 28634
48526 174
29208 15685
20676 12586
4777 2497
28917 1299
57821 12586
263702
12779 3257
196621 15576
9304 3257
198385 15576
1916 1251 174
37271 37239 174
263075
35369 13030
15576
50763 8943
264911
6461 174 8218
3303 3320
6667
263152
23106 52320
37239
24482 174
25091
8283
8218
202032
3257 31742 174
30781
262757
4844 37989
15685
3320 174
2110 39122 5400
6453 174
1299 8943 13030 15435 174 13193 14061 7473 52320 5400 8447
64463 174
50300 174
29636 174
8896 174
41497
13030 34288 21232 1836 58299
50620 174
12586
31463
28571 1251
12859
22548
53070 10429
21232
57381
28634
7473
34288
15605
30844
1251
174 37468 29140 174 25160 6661 286
10429
8447
286
39122
8943
2497
16735 263508
37989
41722
15435
31742
37468
1280
29140
57111
13193
14061
2613
263508
52320
1836
5400
58299
6661
25160
29504
