#src/zombie.py
# GMT Mon Oct  1 05:40:06 2018
# 
37468 174
50620 174
2857 174
12989 22548 16735
59689 30781
24785 20562 1299
52720 52873
57821 12586
62567 6453
174 701 3356 174 6453 20932 50300 29680 19151 51395 286 3257 1239 37271 6762 29140 48526 12637 13002 6667 1299 25512 25160 4230 64396 198385 9304 7018 12779 29636 2914 6461 41497 29075 20764 1916
43100 20764
286 1103
198249 13030
28917 1299
22652 6939
52863 6762
56730 31463
41722 20764
2914 3356 6661 4844 16347 20080 50300 9002 7575
8447 1299 6720
15435 1299
1299 553 3356 13030 10026 8943 680 6939 14061 25220 52320 42708 16735 13193 1273 20676
12859 6939
1280 3356
25074 3356 9189
4230 262757
31133 31261 9002
20080
12956 6762 3356 18881 10429
31463 50300
25512 6881
15547 3356
1257 3333 1239
41497
50300
12586 20676
8218 6461
16735
2497 701
12779
5539 8763 21385
8607 6939
3320 3303 6939
51395 59891
262757
3356 44217 8426 3257 49605 6939 20764 29608 3303 9002 30781
264911 6939
37271
4844 37989
8763
34288 13030
49463 13193
21385 6939
6661 198290
12874 3303 15605
3257 4589 31122
47872 44217
6881
202032 6939
262317 6939
8596 48039
48526
18881 52873
12637
15576 6772 196621
34019 3303
37989
50304 42708 57381
58299 13030
23106 52320
1103
50763 8943
34781 13030
31261 41617
20612 1836
1251 28571 1916
52320
22548
28571
19151
31424 6939
9002 12654
30781
7575
64396
6762
1836 13030
49605
13030 35369 8455 202194 6772
8758 6939
16347
8283 8455
14061
3333
8928 10026
9189
263075 6939
198290
13193
20932
198385
37640 6939
263651 6939
20676
44217
25160
51405 20764
4589
29686 6453
9304
7018
29636
29075
23148 701 25152
1916
6939 263152 20764 30844 37497 37239 5396 53067 12654
25220
29608
41617
5396
701
6893 25091 2613
25091 13002
59891
2613
10026
263152
20562 20764
553
25152
29680
15605
42708
8455
1239
8426
196621
31025 20764 48039
53067
29140
6720
30844
202194
13002
6667
24482 6453
48039
37497
1273
680
6772
6453
31122
35369
8943
6461
53070 10429
57381
20764 12654
3303
52873
12654
37239
10429
