#src/zombie.py
# GMT Mon Oct  1 05:08:04 2018
# 
37468 174
50620 174
2857 174
12989 22548 16735 22381
37640 6939
22548
264911 6939
57821 12586
62567 6453
174 64396 3356 49605 6762 25512 49463 553 19151 29140 286 31133 198290 174 41497 2914 15435 1299 24482 25160 1280 29680 9304 29636 29075 12637 50300 16735 1916 31122
43100 9002
286 1299 12654 34984
12874 3303 15605
198249 13030
34984 44217
22652 6939
10429 23106 12956
56730 31463
49605
2914 3356 1299 16347 9002 20080 12956 12654
8447 6720 6939
15435
8455 8283 13030
12859 9002
1280
25074 3356 9189
37497 6939
31133 31261
20080
16347
31463 50300
25512 6881
1257 3333 1239
41497
50300 6939
12586 6939
8218 6461
16735 1299
2497 701
12779 3257
5539 8763 21385
8607 6939
7018 1299
3356 701 1299 8426 9002 6453 3549 1239 6939 29608 48526 30781
37271 37239 6939
4844 37989 6939
8763
49463
6939 6762 262757 5396 263152 21385 263075 28917 59891 263651 25220 262317 29686 51405 1251 53067 202032 12654 15547
28917
29140
3257 4589 1299
47872 44217
6881
52863 6762
44217
262317
8596 1764
48526
18881 52873 12956
12637
15576 6772 196621
34019 3303
34288 13030
1916
37989
50304 42708 57381
58299 13030
23106
1103 20965
50763 8943
29608
31261 41617
20612 1836
15605
1251 28571
34781 13030
42708 1299
28571
31424 9002
9002 8758 6453 12654
30781 59689
7575 6461
64396
701
1836 13030
20965 680
13030 35369 202194 1299 6772 12654
8758
12956 1299
8283
14061 1299
3333
8732 20764 1299
41722 20764
8928 1299
3549 28329
9189
263075
198290
22381 53070
263651
1764 3320
52720 52873
59689
25160
4589
29686
9304
51405
29636
29075 198385
6461 1299
3320 6762 3303 1299
21385
25220 12654 30844
202032
41617
5396
6762 1299 12654
6893 25091 2613
25091 13002
28329
59891
2613
263152
198385
553
25152 19151
29680
19151
53067
1299 8943 680 6453 1273
1239
196621
6720
30844
202194
13002 20764
6667 1273
24482
8426
680 12654
6772
6453
262757
31122
35369
8943
1273
53070
57381
20764
3303
52873
12654
37239
15547
