#src/zombie.py
# GMT Mon Oct  1 06:21:15 2018
# 
52873 18881 52720
1916 174
22548 16735
14061 1299
7018 2914
34781 13030
8447 3320 6720
1251 52888 20080
53070 10429
37239 4809
29075 58308 174 50620
5396 6762
6453 8426 2914 29686 5392
701 2497 702 2914
8468 3549
6461 7575 2914 8218
3252 702
48039 12586 8596
28220 12956
16735 12956 28138
57821 12586
3491 2914
30844 12859
35054 3303
35699 174
2895 29076
29691 57118 15576
3356 51185 47872 3549 29608 2914
51405 24611
52888
1853 1764
58299 13030
4777 2497
6830 513 6830 2914
13030 51395 2914 12859 1299
9189 8422
1764 174
19151 174
8943 2914 50763
8220 5511 15547
1239 4637 7738 2914
12956 18881 10429 2914
52720
12859 42708 31122 9002 31025 2914 286 41095 29076 12654 16347
262589 28329 174
5511 30781 48526 2914
50300 31463 174
15435 1299
37271 4809 327995
8222 3320
24611 6661
198385 202194 41562
8426
12874 3303 15605
327995
59689 30781
12350 174
15547
29680 3257
3333 1136 3320 12654
20080 6762
5392
25933 26615
31463 56730
263321 263584 7738
1103 2603 3257 12654
29076
20562 2603
2613 25091
262317 10429
31424 33891
42708 50304 1299
513
57118
50763
41562 15576
12779 3257
30132 1299
41095 24785
2914 25160 3257 286 6762 8607 3320 4713 9002 1299 174 1280 14361
553 680
7738
1299 29551 20932 1273 8455 286 49605 28917 13237 38930 62567
8607
198249 15576
2497
263584
4637 1221
31025 12586
26615 6762 16397 26615
29222 3303
15576 196621 3303 34288 8758
14361
62567
25160
34177 174
47872
24785 1136 24785
34288
56730
7575
30781
3320 4809 33891 3303 8422
59891 51395
8455 12654
2603
1836 174
680 174
13002 20764 25091
8758 20612
48526
8422
20764 174
1221 4608
5413 12654
49463 174
28917
286
25220 29551
29551
34019 3303
12637 3257
39821 9002
41497 3257
4713 25152
25152
18881
1273 6667
24482 174
6720
4589 3257
9304 174
33891
202194
4608
50304 57381
20932
3549
51185
16397 263075
13237
49605
29140 174
8596
6661 198290 174
28329
9002
12586
22652 3257
57381
174 174 64396
29686
702
29608
198290
28138
38930 8283
15605
8218
51395
263075
3257
1136
6667
4809
6762
10429
196621
12654
64396
20612
16347
58308
31122
50620
8283
25091
3303
1280
