#src/zombie.py
# GMT Mon Oct  1 06:41:02 2018
# 
29608 174
50620 174
2857 174
12989 22548 16735 53070 6939
30844 6939
264911 6939
57821 12586
62567 3356
174 64396 51395 3356 174 16347 29680 19151 29140 48526 41497 13002 6667 1299 1280 25160 6730 680 12956 9304 2914 3303 25512 29636 29075 12637 20764 12779 31122 1764
43100 9002
286 3356 1103
198249 13030
28917 1299
22652 3356
8359 3356 41617
198290 6661
56730 31463
41722 20764
2914 3356 37271 4844 20080 8943 50300 6661 9002 30781 1916 7575
15435 6939
1299 3356 13030 10026 1273 6939 14061
12859 6939
1280
513 6730
37497 6939
20080
16347
31463 3356
25512 6881
15547 3356
1257 3333 1239
41497
50300
12586 20676
8218 6461
16735 3549
15576 6772 196621
12779
5539 8763 21385
8607 6939
51395 59891
7018 3356
3356 701 6762 20676 49605 44217 6939 3549 1239 25220 6453 3257 6461 3320 553 20764 3303 9002
37271 37239
4844 37989
8763
49463 13193
21385 6939
4657 24482 6939
6661
28666 262757 6939
12874 3303 15605
3257 4589
47872 44217
6881
52863 6762
44217
262317 6939
8596 1764
48526
18881 52873 12956
12637
2497 701 25152
34019 3303
34288 13030
1916
37989
50304 6939 57381
58299 13030
23106 3549
1103
50763 8943
34781 13030
28329 3549
20612 1836
1251 28571 6939
680 680
53067 6939
28571
14061
9002 8758 21320 12654
30781 59689
7575
64396
701
1836 13030
49605
13030 8455 35369 6772
8758
31424 6939
8283 8455
41617
3333
8928 10026
3549
9189 6939
263075 6939
52873 52720
12956
13193 3320
20932 6939
37640 6939
263651 6939
52720
59689
25160
4589
29686 6453
9304
51405 6939
29636
29075 198385
3320
6939 263152 20764 8426 5396 202032 12654
25220
202032
21320 1853
5396
6762
6893 25091 2613
25091 13002
59891
2613
10026
263152
198385 202194
57381
25152
29680
15605
22548
8455
1239
196621
29140
6720 1853
20676
202194
13002
6667
24482
8426
1273
6730 6730
1853
6772
6453
262757
31122
35369
8943
6461
53070
553
20764 12654
3303
19151
12654
37239
1764
