#src/zombie.py
# GMT Thu May 10 14:36:31 2018
# 
8426 5413
31463 56730 21396
15605 12874
25074 2914 9189
59891 51395
28917 8359
3491 28513 2914
3320 8222 1299
7018 1299
262757 4230
52863 4809
59414 6830
58308 59689
39821 9002
20562 25220
196621 8758
327782 327960 37100
57821 12586
3252 9002
29691 57118 15576
3257 1299
30132 6939
263321 7738 263584
53070 22381
20965 11537 680 27750
13002 25091 20764
14061 1299
19151 174
286 1299
8220 25220 8758 15576 15547
8222
2914 701 8447 12637 174 25220 30781 5413 6661 12654 35699 1299 34177 20080 16347 9002 29686 8455 2497 4589 29140 37100
202194 6939
3333 1136
24785 24785 6939 1136
41497 174
16265 38930 5413
20764 41722 8359 25227
12779 5413
4230 28513
41095 5413
29686
4134 4809 701
29680 8928
56730
12307 57118
6720 8447
37100
28220 12956
198290 6661
50763 8943
20612 8758
5392 3549
57118
5396 3356
49605 5413
701 7738 6762
12859 25220
41722
6453 3356
8447
2828 5413 52320
2497 4777
48526 5413
9304 174
29551 25220 31025
3303 12874 29222 174 35054 6762
12586 48039 13101
25227
30844 6939
5413 8218 6830 8607 62567 8943 42708 50300 6667 12654 8928 20940 8359 9002 21396 1103 13030
4809 22381
6661 25220 24611
6667
12654 680 25220 6762
52888 1916
7738 8167 6762
12874
30781 59689 34019
38930 8283
198249 15576
8758
22652 3356
35054
29140
1136
64396 174
8359 41617
8455
52720 3549
8283
24130 7545 4608
22388 11537 7575
29222
6939 25152 47872 1280 51395 25220 7545
25435 47176
29226 2895 9002
51185 3356
37239 37468
33891 31424 25220 553
28329 3549
513 6830
13030
7545
9002
22548 16735
8218 49463
6830 6830
2613 6893
20932 174
12637
174 58299 37271 6762 25160 29075 1299 37468 12350 1916
25220 3356 1299 13237 24482
59689
8943
22381
6762 12956 1299 3356
35699
24611 51405
8596 48039
37497 20940
52320 16735 23106
16735
47176 15576
34288 15576
20940
34177
31025 13101
20080
15547
16347
41617
4608
37468
1916 27750
47872
2895
11537
51405
31424
1103
25152
327960
51395
48039
23106
553
6893 25091
15576 41562
41562 198385
14361 3356
62567
9189
25091
7575
42708 50304 57381
50300
50304
29075
1299 15435
58299
4589
12350
13101
8928
34019
12956
8167 25933
327995 37271
198385
25160
8607
28513
3356 45896 3549 3356 680 29608
29608
24482
45896
1280
263584
4777
49463
37271
3549
27750
13237
21396
15435
25933
680
57381
