#src/zombie.py
# GMT Thu May 10 09:19:40 2018
# 
8426 3356
31463 56730 6762
15605 12874
25074 61157 9189
59891 51395
8387 1764 12654
28917 39821 174
18881 12956 61568
3491 2914
3320 8220 8218 3216 29551 8222 31133 3303 29075 1299 34019 61157 37100 13237 34177
7018 174
262757 16735
52863 6762
48526 3303
58308 29075
39821
20562 6461
196621 15576
327782 327960 37100
57821 12586
1836 13030
3252 174
29691 15576
3257 29686 8455 174 4589 1299
30132 12859
263321 61568 263584
53070 10429
13002 25091 20764
19151 174
286 174 1103
8220 15547
8222
2914 13237 1299 3356 8607
31261 41617 31133
3333 1136
24785 24785 174 1136
41497 174
47872 174
20764 174 41722 3216 25227
12779 174
14061 1299
701 1299 2497
41095 3356
29686
29680 174
56730
6720 8447
37100
28220 12956
198290 6661
50763 8943
20612 8758
20932 174
5396 3356
8607
12859 13237
41722
6453 1299
8447 1299
2497 4777
9304 174
3303 12874 35054 15576 29222
12586 1299
25227
30844 13237
6661 13237 174 24611
6667 1273
12654 6939 13237 12654
52888 1251
7738 8167 1239
1251 20080
12874
49605 174
198249 15576
8758 15576
22652 1299
35054
3216
1136
8455
10429 12956 23106
9002 3356
3267 2895 174
24130 7545 4608
29222
6939 25152 1280 7545
25435 47176
327995 37271
51185 174
37239 37468
52720 52873
29608 3356
28329 6762
513 174
13030 34781 31424 1299
7545
22548 16735
8218 6461 49463 1764 59689
49463
2613 6893
5392 174
12637 174
8468 1273
174 51395 553 174 50300 6762 35699 1299 58299 12350 16735 12956 1239 25160 45896 37468 24482 1916 64396 29140 52320 1764
25220 29551
59689
8943 1299
6762 20080
24482
35699
24611 51405
8596 8596 1764
37497 13237
52320 16735
16735
47176 15576
34288 15576
61568
34177
20080
15547
1239
41617
31133
4608
37468
1916
29551
2895
51405
31424
1103
37271 6461
25152
327960
51395
23106
553
3549 3356
6893 25091
15576 41562
41562 198385
14361 3356
62567 1299
9189
25091
7575 6461
42708 1299 50304 57381
50300
50304
29075 16347
1299 6461 1273 680 1299 3356 15435 13237
61157
58299
4589
12350
29140
34019
12956 52873
8167 25933
202194 198385
1273
34781
198385
25160
3356 1764
64396
202032 1764
45896
1280
263584
4777
52873
6461
16347
13237
15435
25933
680
1764
57381
