#src/zombie.py
# GMT Thu May 10 09:17:45 2018
# 
8426 5413
31463 56730 21396
15605 1267
25074 2914 9189
59891 51395
28917 8359 39821
1267 5413
18881 12956 61568
3491 2914
3320 8222 1299
7018 1299
262757 4230
52863 4809
59414 6830
58308 59689
39821
20562 25220
196621 8758
327782 327960 37100
57821 12586
3252 9002
29691 57118 15576
3257 1299
30132 6939
263321 61568 263584
53070 10429
20965 11537 680
13002 25091 20764
14061 1299
19151 174
286 1299
8220 25220 8758 15576 15547
8222
2914 8447 12637 14361 174 25220 30781 8943 5413 6661 12654 35699 1299 34177 16347 4230 29686 37271 8455 2497 4589 29140 37100
202194 6939
3333 1136
24785 24785 6939 1136
41497 6762
16265 38930 5413
20764 41722 8359 25227
12779 5413
4230
41095 5413
29686
29680 8928
56730
12307 57118
6720 8447
37100
28220 12956
198290 6661
50763 8943
20612 8758
5392 174
57118
5396 6762
49605 5413
8607 5413
12859 25220
41722
6453 1299 6762 22652
8447
2828 5413 52320
2497 4777
48526 5413
9304 174
3303 29222 174
12586 48039 13101
25227
22652
5413 6830 62567 42708 50300 6667 12654 8928 20940 8359 9002 21396 1103 13030
4809 12956
6661 25220 24611
6667
12654 6762 680 25220 13101
52888 1916
7738 8167 1239
30781 59689 34019
38930 8283
198249 15576
8758
30844 6939
35054 3356
1136
1239 6762
8359 41617
8455
10429 12956
8283
24130 7545 4608
22388 11537 7575
29222
6939 25152 47872 1280 51395 25220 7545
25435 47176
29226 2895 9002
51185 174
37239 37468
52720 52873
33891 31424 25220 553
28329 3549
513 6830
13030
7545
9002
22548 16735
8218 49463 174
11096 11537 20080
6830 6830
2613 6893
20932 174
12637
174 6762 64396 25160 29075 58299 1299 15435 37468 12350 3356
25220 13237 1299 24482 3356
59689
8943
6762 12956 1299 20080
35699
24611 51405
8596 48039
37497 20940
52320 16735 23106
16735
47176 15576
34288 15576
20940
61568
34177
20080 1916
15547
16347
41617
4608
37468
1916
47872
2895
11537
51405
52873 12956
31424
1103
25152
327960
51395
48039
23106
553
6893 25091
15576 41562
41562 198385
14361
62567
9189
25091
7575
42708 50304
50300
50304 57381
29075
1299 12956 1299 680 3356
58299
4589
12350
13101
8928
34019
12956 3356
8167 25933
327995 37271
198385
25160
3356 45896 3549 29608
64396
29608
24482
45896
1280
263584
4777
49463
37271
3549
29140
13237
21396
15435
25933
680
57381
