#src/zombie.py
# GMT Thu May 10 14:24:10 2018
# 
8426 3356
59891 49605
15605 12874
25074 61157 9189
28917 174 39821 1299
3491 28513 174 12389
3320 8222 1299 3303 3257
7018 3356
262757 4230
52863 6762
48526 1299
12779 3303 30844 37271 202032 174 28929 12654
20562 49605
196621 15576
327782 327960 37100
57821 12586
1836 20612 13030
3252 174
29691 13030
3257 49605 6461 701 6453 174
30132 12859
263321 7738 263584
53070 22381
13002 25091 20485
14061 1299
19151 174
286 174 1103 3356
8222
2914 174 29686 50300 4589 9002
31261 12389 41617
3333 1136
24785 24785 1299 1136
41497 174
29551 1299 25220
41095 3356
20764 41722 25227 8732
4230 28513
12389
29686
29680 174
56730 49605
2895 3267
6720 8447
37100 49605
43100 49605
28220 12956
198290 6661
29608 6453
20612
5392 174
5396 6762
701 174 2497 23148
12859 49605
41722
6453 6453 174
15435 1299
2497 4777
9304 174
3303 34019 12874 35054 29222
12586 48039 13101
25227
22652 1299
4809 22381 1299
6661 174
6667 1273
12654 49605
52888 1251
7738 1299 8167 1239
1251 20080
12874
8732 1299
23148 25152
49605 37497 51405 25160 3356 8607 20485 1299 9002 8468 13101
38930 1299 8283
198249 13030
8758 15576
30844
35054
1136
8447 1299
64396 174
8455 1299
52720 52873
8283
3267 1299
29222
22381
25435 47176
327995 37271
51185 174
37239 37468
39821
50763 8943
28329 6762
513 6730
13030 34288 34781 1299 58299 31424
13237 1299
9002 3356 9002
22548 16735
8218 16347 174
49463 13193
2613 6893
1221 4637 4608
20932 174
30781 59689 3356
20485
4637 1299
12637 174
8468
174 174 6762 35699 1299 12956 209 1239 3356 24482 1916 45896 29140
25220
59689
8943 1299
6762 20080
24482
35699
8596 48039
37497
28929
52320 16735 1299 23106
16735
47176 15576
34288
34177 3356
20080
15547 1299
1239
41617
4608
37468 1299
1916
47872 1299
13193 1299
51405
31424
1103
6461 7575
8607
25152
327960
48039
23106
553 1299
3549 3356
6893 25091
15576 1299
14361 209
62567 1299
9189
25091
7575
42708 1299 50304
50300
50304 1299 57381
29075 198385 1299
1299 1299 12350 1273 6730 3356 1280 680 61157
61157
58299
12350
13101
29140
34019
12956 52873
8167 25933
209
202194 198385
1273
34781
198385
25160
6730 6730
28513
3356
202032
45896
1280
263584
4777
52873
37271
16347
4589
25933
680
57381
