#src/zombie.py
# GMT Thu May 10 12:31:35 2018
# 
8426 6453
59891 35054
15605 12874
25074 61157 9189
28917 8359
3491 174 12389
3320 8222 6830 13193 6661 8447 61157 174 25220 3303
262757 16735
52863 6762
48526 174
39821 9002
20562 2603
196621 8758
327782 327960 37100
57821 12586
1836 20612 13030
3252 174
29691 13030
3257 9304 41497 174 12779 22652
30132 12859
29076 2895 12389
53070 22381
20965 513 11537 680
13002 25091 20485
19151 25152 174
286 6830
9270 9270 7660 24489
8222
2914 6830 34177 20080 12859 35699 16347 4589 9002 12637 174 29140
263321 7738 263584
31261 12389 41617
3333 1136
41497
16265 38930 21320
5511 30781 174
41095 3356
20764 41722 3216
12779
14061 1299
9002 49605 21320
12389 25227
29686 6453
4134 4809 701
29680 174
56730 3356
2895
6720 8447
37100 174
43100 35054
28220 12956
198290 6661
29608 3356
20612
5392 6453
5396 6762
49605
701 6830 1280 2497 7738 174
12859
41722
6453 29075 15576 37468 174 24482
15435 1299
2497 4777
9304
3303 34019 29222 174 12874
12586 48039 13101
25227
22652
4809 22381
6661 21320 24611
6667 1273
12654 513 35054
52888 1916
7738 1299 8167
12874
30781 59689
38930 8283
198249 13030
8758 15576
30844 21320
2603 37271 8607 25160 21320 8468
35054 6730 3356 202032
1136 21320
8447
64396 174
8359 3356
8455 1299
52720 3549
8283
22388 7660 11537
29222
22381
25435 47176
327995 37271
51185 174
24490 7575 24489
37239 37468
293 513 11537
50763 8943
28329 6762
513 6830 6730 21320 513 174
13030 34781 1299 58299 31424
13237 1299
21320 20940
22548 16735
8218 6461
6830 3356 61157
2613 6893
1221 4637 4608
20932 1299
8943 1299
20485 174
4637 174
12637
8468
174 50300 6762 1299 13101 12956 3356 45896 6461
25220
59689
3216 1273
6762 16735
24482
35699
24611 51405
8596 48039
37497 20940
52320 16735 1299 23106
16735 1299
47176 15576
34288 15576
20940
34177
20080
15547 1299
16347
41617
4608
37468
1916 27750
47872 1299
13193 49463
11537 1103 27750
51405
31424
1103
37271
8607
25152
327960
48039
23106
553 680
6893 25091
15576 3356 41562
41562 198385
14361 3356
62567 1299
9189
25091
7575
42708 1299 57381
50300
50304 1299
29075
1299 1273 12350
61157 13101
58299
12350
13101
29140
34019
12956
8167 25933
202194 198385
1273
34781
198385
25160
6730 6730
3356 3549
24489 24489
7660
202032
45896
1280
263584
4777
49463
6461
3549
27750
4589
25933
680
57381
