#src/zombie.py
# GMT Thu May 10 09:30:58 2018
# 
8426 5413
31463 56730 21396
15605 12874
25074 5413 9189
59891 51395
28917 8359
18881 12956 61568
3491 2914
3320 6730 8222 1299 3303 6762
7018 1299
262757 16735
52863 6762
59414 6830
29608 3356
39821 9002
20562 25220
196621 8758
327782 327960 37100
57821 12586
3252 9002
29691 57118 15576
3257 1299
30132 6939
263321 61568 263584
53070 10429
20965 11537 680
13002 25091 20764
19151 174
286 1299
8220 25220 8758 15576 15547
8222
2914 30781 8943 5413 29686 37271 16347 34177 2497 35699 8455 8447 4589 29140 12637 12654 25220 1299
202194 6939
3333 1136
24785 24785 6939 1136
41497 174
20764 41722 8359 25227
12779 174
14061 1299
58308 29152
41095 5413
29686
29680 8928
56730
12307 57118
6720 8447
37100 25220
28220 12956
198290 6661
50763 8943
20612 8758
20932 174
57118
5396 3356
49605 5413
701 7738 6762
12859 25220
41722
6453 1299 22652
8447
2497
48526 5413
9304 174
3303 34019 29222 12874 35054
12586 48039 13101
25227
30844 6939
5413 6830 42708 20940 50300 8607 12654 8359 21396 1103 62567 8928 13030 9002
6661 174 25220 24611
6667 174
12654 6762 680 25220 13101
52888 1251
7738 8167
1251 20080
12874
30781 59689
38930 174 8283
198249 15576
8758
22652
35054
1136
64396 174
8359 41617
22388 7660 11537
10429 12956
8283
24130 7545 4608
29222
6939 25152 47872 1280 51395 25220 7545
25435 47176
29226 2895 25220
51185 174
8455
52720 3549
33891 31424 25220 553
28329 3549
513 6730
13030
7545
9002
22548 16735
8218 49463 174
11096 11537 20080
6830
2613 6893
8928
5392 174
12637
174 15435 6762 29075 1299 58299 12350 52320 25160 3356 37468 198545
25220 13237 1299 24482 3356
59689
8943
6762 16735 12956 20080 1299 3356
35699
29152 198545
24611 51405
8596 48039
37497 20940
52320 16735 23106
16735
47176 15576
34288 15576
20940
61568
34177
20080 1916
4777 2500
16347
41617
4608
37468 37239
1916
47872
2895
11537
51405
198545
31424
1103
6461 1299 7575
8607
25152
327960
51395
48039
23106
553
37239
6893 25091
15576 41562
41562 198385
14361 3356
62567
9189
25091
7575
42708 50304
50300
50304 57381
29075
1299 12956 3356
58299
4589
12350
13101
2500 7660 2500
34019
12956
8167 25933
327995 37271
198385
25160
6730 6730
3356 45896 3549 680 3356
7660
24482
45896
1280
263584
15547
49463
37271
3549
29140
13237
21396
15435
25933
680
57381
