#src/zombie.py
# GMT Thu May 10 09:37:44 2018
# 
8426 3356
31463 56730 2914
1853 6720 1764
15605 12874
25074 61157 9189
59891 51395
28917 8359
3491 174 12389 9002 3491
3320 8220 8222 2914 13193 6661 6730 3356 7738 25220 3303 61157
7018 174
262757 28666
52863 6762
48526 174
58308 29075
39821 9002
20562 9002
196621 15576
327782 327960 37100
57821 12586
1836 20612 13030
3252 9002
29691 13030
3257 51395 22652 41497 4589 1103 9304 174
30132 12859
263321 7738 263584
53070 22381
13002 25091 20764
19151 2914 174 13030 286 12654
286 174 1136
8220 15547 15576 9002
8222
2914 8607 12637 62567 174 30781 7575 6762 35699 34177 20080 16347 9002 1916 47872 29686 37271 8455 29140 13237
31261 12389 41617
3333 1136
41497
41095 3356
20764 41722 3216 8732
12779 174
14061 3356
12389 25227
29686
4134 4809 174
29680 174
56730
2895 3267
6720
37100 174
28220 3549
198290 6661
29608 3356
20612
20932 174
5396 6762
49605 174
701 174 1280 2497
12859 9002
41722
6453 174
15435 1299
2497 4777
9304
3303 29222 12874
12586 48039 13101
25227
22652
4809 22381 28666 3549
6661 9002 24611
6667 1273
12654 9002
52888 1251
7738 8167
1251 20080
8732 3356
30781 59689
38930 1299 8283
198249 13030
8758 15576
30844 9002
2603 1299 3267
35054 3356
1239 174 4637
1136
8359 3356
8455
10429 12956 23106
8283
3267
29222
6939 25152 1299
327995 37271
51185 3356
37239 37468
52720 52873
50763 8943
28329 6762
513 6730
13030 34288 202194 34781 31424 58299
13237
9002 13101 3356 20940
22548 16735
8218 6461
12874
2613 6893
1221 4637 4608
5392 3549
8943 1299
4637
12637
8468 1273
174 6762 1299 12350 12956 1273 25160 3356 37468 64396 24482 45896 6461 1764
25220
59689
3216 1273
22381
6762 29075
35699
28666
24611 51405
8596 48039
37497 20940
16735 12956
34288
20940
34177
20080
15547
16347
41617
4608
37468 1299
1916
47872
13193 49463
51405
52873 12956
31424
1103
37271
8607
25152
327960
51395
48039
23106
553 3356
6893 25091
15576 41562
41562 198385
14361 3356
62567
9189
25091
7575
42708 1299 50304
50300 3356
50304 57381
29075
1299 1273
61157
58299
12350
13101
29140
12956
8167 25933
202194
1273
34781
198385
25160
6730 6730
3356 3549 3356 680
64396
24482
45896
1280
263584
4777
49463
6461
3549
4589
25933
680
1764
57381
