#src/zombie.py
# GMT Thu May 10 10:36:38 2018
# 
8426 3356
31463 56730 50300
15605 12874
25074 61157 9189
59891 6939
28917 8359 39821
18881 12956 61568
3491 3356
3320 8220 8222 8447 13193 31133 1299 1764 174 25220 3303 3356 61157
7018 174
262757 4230
52863 4809
59414 6830
58308 29152
39821
20562 20764
196621 57118 15576
327782 327960 37100
57821 12586
3252 174
29691 15576
3257 174 1103
30132 12859
263321 61568 263584
53070 10429
13002 25091 20764
14061 1299
19151 174
286 174
8220 15547
8222
2914 7575 4713 29686 37271 16347 20080 1299 8455 3356 4589 9002 13237
31261 41617 31133
3333 1136
24785 24785 3356 1136
41497 174
20764 3216 6939 30844 2895 12654 12859 41722 3356 20764 174
12779 174
4230 3356
41095 3356
29686
29680 174
56730
2895
12307 57118
6720 8447
37100 1299
28220 12956 28220
198290 6661
50763 8943
20612 8758
5392 3549
57118
5396 6762
49605 3356
701 3356 1280 2497 7738
12859
41722
6453 3356
8447
2497 4777
48526 1273
9304 174
3303 34019 29222 12874 15576
12586 31025
25227 31133
22652 3356
4809 10429
6661 174
6667 1273
12654 47872 9002
52888 1251
7738 8167
1251 20080
12874
30781 59689 3356
38930 174 8283
198249 15576
8758 15576
30844
35054 3356
8943 1299
1136
8359 3216
8455
10429 12956 23106
8283
29222
6939 53067 264911 51405 202032 8607 37239 31025 37640 58299 37497 28929
25435 47176
327995 37271
51185 3356
37239
52720 3549
37640
28329 3549
513 6830
13030 31424 1299
13237
9002 3356
22548 16735
8218 174
6830 174 6830
2613 6893
1221 4637 4608
20932 174
4637 1299
12637 174
174 50300 174 29075 35699 12350 64396 3356 37468 24482 1916 47872 198545 29140
25220
59689
3216 3216 3356
264911
6762 3356 20080
24482
35699
29152 198545
8596 8596 1764
37497
28929
16735 12956 1299
47176 15576
34288 15576
61568
34177 3356
31025
20080
15547
16347
41617
31133
4608
37468
1916
47872 12956 1299
13193 49463
51405
198545
31424
1103
25152 4713
327960
53067
23106
553 1299
6893 25091
15576 41562
41562 198385
14361 3356
62567 3356
9189
25091
7575
42708 1299 50304 57381
50300
50304
29075
1299 15435 1273 1299 3356 680
61157
58299
4589
12350
29140
34019
12956 3356
8167 25933
202194 198385
1273
198385
4777
25160 3356
8607
3356 45896 3549 29608
64396
29608
202032
45896
1280
263584
4713
49463
37271
3549
15435
25933
680
1764
57381
