#src/zombie.py
# GMT Thu May 10 11:18:41 2018
# 
8426 9002
31463 56730 6762
15605 9002
25074 3356 9189
59891 51395
28917 8359
3491 9002
3320 8220 8222 2914 8447 3356 33891 3303
7018 3356
262757 16735
52863 6762
59414 6830
29608 3356
39821 9002
20562 9002
196621 15576
327782 327960 37100
57821 12586
1836 13030
3252 174
29691 15576
3257 29686 8455 2914 1103 13237
30132 12859
7738 263321 1239
53070 10429
13002 25091 20764
19151 174
286 2914
8220 15547
8222
2914 3216 6762 30844 4713 6461 50300 16347 701 8607 6453 1299 4589 9002 37100 37271 174 12654 3356
31261 3216 41617
3333 1136
24785 24785 174 1136
41497 174
5511 30781 3356
20764 41722 3216 25227
12779 174
14061 1299
41095 3356
29686
29680 174
56730
6720 8447
37100
28220 12956 28220
198290 6661
50763 8943
20612 8758
5392 174
5396 9002
49605 9002
15623 58299 9002
701 1280 2497
12859 9002
41722
6453
8447
2497 4777
48526 174
9304 174
3303 34019 29222
12586 48039 13101
25227
22652 3356
6661 174 24611
6667 1273
12654 8607 9002
52888 1251
263321 263584
1251 20080
30781 59689
38930 1299 8283
198249 15576
8758 15576
30844
35054 3356
16347
3216
1136
8359 3356
8455
10429 12956 23106
8283
3267 2895 174
29222
25435 47176
327995 37271
51185 174
37239 37468
52720 52873
33891 31424 553
28329 6762
13030 1299
13237
9002 12956 42708 37271 34288 3356 13101
22548 16735
8218 6461
6830 3356
2613 6893
1221 4637 4608
20932 3356
4637 3356
12637 174
174 49463 51395 15435 15576 174 198385 29075 35699 12350 52320 47176 64396 25160 3356 37468 24482 1916 47872 29140
25220 1299
59689
8943 1299
6762 20080 3356
35699
24611 51405
8596 48039
37497 20940
52320 16735
16735 12956
47176
34288
20940 8607
34177 3356
8607 3356
15547 34781
1239 3356
41617
4608
37468
1916
47872
2895
51405
52873 12956
31424
1103
37271
25152 4713
327960
51395
48039
23106
553
6893 25091
15576
14361 3356
62567 1299
9189
25091
7575 6461
42708 50304
50300
50304 57381
29075
1299 1273 3356
58299
4589
12350
13101
29140
34019
12956 3356
202194 198385
1273
34781
198385
4777
25160
3356 3356 45896 3549 680
64396
20080
24482
45896
1280
263584
4713
49463
6461
3549
15435
680
57381
