#src/zombie.py
# GMT Thu May 10 11:59:59 2018
# 
8426 3356
31463 56730 50300
15605 12874
25074 3356 9189
59891 51395
28917 174
18881 12956 61568
3491 3257
3320 8220 8222 3303 3257
7018 3257
262757 16735
52863 6762
59414 13030
58308 29152
39821 9002
20562 2603
196621 57118 15576
327782 327960 37100
57821 12586
3252 174
29691 15576
3257 12956 8447 5396 22652 6461 701 6762 12859 6453 1299 37271 14361 2914 174 12586 3356 286
30132 6939
263321 61568 263584
53070 22381
13002 25091 41095
19151 174
286 12859 1299 1103
8220 15547 12859 15576
8222
2914 4713 29686 34177 12859 8455 4589 9002 8607
31261 12389 41617
3333 1136
24785 24785 174 1136
41497 174
29551 1299 25220
41095 12859
20764 41722 3216 25227 8732
12779 174
14061 1299
12389 1273
29686
4134 4809 701
29680 174
56730
12307 57118
6720 8447
37100 12859
28220 12956
198290 6661
50763 8943
20612 8758
5392 174
57118
5396
49605 174
15623 58299 12859
701 7738 1280 2497
12859 30781 3216 37497 30844 12654 9002 8732
41722
6453
8447
2497 4777
48526 174
9304 174
3303 34019 12874 15576 29222 174
12586
25227
22652
5413 12654
4809 22381
6661 174 24611
6667 1273
12654 8455 1103
52888 1251
7738 8167
1251 20080
12874
8732
30781 59689
38930 174 8283
198249 15576
8758 15576
30844
2603 1103
35054 3356
3216
1136
8455 1299
52720 3549
8283
3267 2895 174
29222
22381
25435 47176
327995 37271
51185 174
37239 37468
29608 3356
28329 6762
513 6730
13030 1299 31424
13237 1299
9002
22548 16735
8218 6461 16347
49463 174
2613 6893
1221 4637 4608
20932 174
4637 1299
12637 174
174 48039 50300 15435 174 29075 35699 12350 64396 25160 6730 37468 24482 1916 47872 37271 198545 29140
25220
59689
8943 1299
6939 1299 51395
6762 20080
35699
29152 198545
24611 51405
8596 48039
37497
52320 16735 1299 23106
16735 1299
47176 15576
34288 15576
61568
34177
20080
15547
16347
41617
4608
37468
1916
47872
2895
51405
198545
31424
1103
37271
8607
25152 4713
327960
51395
48039
23106
553 3356
6893 25091
15576 41562
41562 198385
14361
62567 1299
9189
25091
7575 6461
42708 1299 50304 57381
50300
50304
29075 198385
1299 1273
58299
4589
12350
29140
34019
12956
8167 25933
202194 198385
1273
198385
4777
25160
6730 6730
3356 45896 3549 3356 680
64396
24482
45896
1280
263584
4713
6461
3549
15435
25933
680
57381
