#src/zombie.py
# GMT Thu May 10 11:59:59 2018
# 
31463 56730 21396 50300
8426 5413
15605 1267
25074 2914 9189
59891 51395
28917 8359 39821
1267 5413
18881 12956 61568
3491 2914
3320 8222 1299
7018 3356
262757 16735
52863 6762
59414 6830
58308 59689
39821
20562 25220
196621 57118 8758
327782 327960 37100
57821 12586
3252 9002
29691 15576
3257 3356
30132 12859
7738 8167 1239
53070 10429
20965 11537 680
13002 25091 20764
19151 174
286 3356
8220 8758 15576 5413
8222
47872 2914
2914 8447 12637 25220 30781 8943 5413 6661 12654 35699 34177 16347 3356 4713 29686 37271 8455 2497 4589 29140 37100 13237
263321 61568 263584
202194 198385
3333 1136
24785 24785 41095 1136
41497 174
16265 38930 5413
20764 41722 8359 25227
12779 174
14061 1299
41095 5413
29686
29680 8928
56730
12307 57118
6720 8447
37100
28220 3549
198290 6661
29608 3356
20612 8758
5392 3549
57118
5396 3356
49605 5413
8607 5413
12859 25220
41722
6453 3356
15435 1299
2828 5413 52320
2497 4777
48526 5413
9304 174
3303 29222 174
12586 48039 13101
25227
30844 25220
5413 6830 4637 62567 42708 6667 12654 8928 20940 8359 9002 6939 21396 13030
6661 25220 24611
6667
12654 680 25220 6762
52888 1916
31424 13030
30781 59689 34019
38930 8283
198249 13030
8758 6830
22652 3356
35054 3356
29140
1136
1239 1299
8359 29076 41617
8455
10429 12956
8283
29222
6939 1280 51395
25435 47176
51185 3356
37239 37468
52720 3549
50763 8943
28329 3549
513 6830
13030 58299
13237
9002
22548 16735
8218 49463 174
11096 11537 20080
6830 6830 15547
2613 6893
1221 4637 4608
20932 31025
4637
12637
174 64396 24482 6762 553 25160 29075 1299 3356 37468 12350
25220 29551 3356 37468 1299
59689
8943 8943
6762 12956 20080 1299 3356
35699
24611 51405
8596 48039
37497 20940
52320 16735 23106
16735
47176 15576
34288 15576
20940
61568
34177
31025 29551 680 13101
20080 1916
15547
16347
41617
4608
37468
1916 27750
29551
2895 29076
11537 1103 27750
51405
8447
1103
6461 1299 7575
29076
25152 4713
327960
51395
48039
23106
553
6893 25091
15576 41562
41562 198385
14361 3356
62567
9189
25091
7575
42708 50304
50300
50304 57381
29075
1299 3356
58299
12350
13101
8928
34019
12956 3356
8167 25933
327995 37271
198385
4777
25160
3356 45896 3549
64396
24482
45896
1280
263584
4713
49463
37271
3549
27750
21396
4589
25933
680
57381
