#src/zombie.py
# GMT Thu May 10 11:18:41 2018
# 
8426 6939
31463 56730 6762
15605 9002
25074 61157 9189
59891 51395
28917 8359
3491 3356
3320 8222 174 8447 3303 3356
7018 3356
262757 6939
52863 6762
59414 13030
29608 3356
39821 9002
20562 20764
196621 15576
327782 327960 37100
57821 12586
1836 13030
3252 174 12654
29691 13030
3257 3356 22652
30132 12859
263321 7738 263584
53070 10429
13002 25091 20764
19151 174
286 174 1103
8220 5511 15547
8222
2914 30781 7575 4713 29686 37271 34177 35699 8455 3356 4589 9002 174 25220 13237
31261 3216 41617
3333 1136
41497 6762
5511 174
20764 3216 6939 30844 25227 12654 41722 3356 43100 20764 174 13101
12779 174
14061 1299
41095 3356 8607 12654
29686
2497 4777 701
56730
6720 8447
37100 6453
43100
28220 12956 28220
198290 6661
50763 8943
20612 8758
5392 3549
5396 3356
49605 9002
701 3356 1280 7738
12859 9002
41722
6453 174 3356 15576
8447
29680 174
48526 174
9304 174
3303 34019 29222
12989 23106 6762
12586 48039 13101
25227
22652
6661 174 24611
6667 1273
12654 9002
52888 1251
31424 13030
1251 20080
30781 59689
38930 1299 8283
198249 13030
8758 174
30844
35054 3356
3216 3356 9002
1136 6939
8359 3356
8455
10429 12956
8283
3267 2895 174
29222
6939 262317 263152 53067 264911 202032 37640 28329 37497 28929 263651
25435 47176
327995 37271
51185 174
37239 37468
52720 3549
37640
28329
13030 58299 1299
13237
9002 34288
22548 16735
8218 49463 16347 174
49463
2613 6893
1221 4637 4608
20932 174
262317
4637 1299
12637 174
61157 1299
174 50300 51395 174 6762 29075 12350 47176 64396 25160 3356 37468 24482 1916 47872 37271 29140
25220
59689
8943 1299
264911
6762 16735 20080 29075
24482
35699
24611 51405
8596 48039
37497
28929
263651
16735
47176
34288
34177
20080
4777
16347
41617
4608
37468
1916
47872
2895
4713 25152
51405
263152
1103
25152
327960
51395
48039
53067
23106
553 680
6893 25091
15576
14361 3356
62567 1299
9189
25091
7575
42708 1299 50304
50300
50304 57381
29075 198385
1299 15435 1273 1299 3356 680
7738
58299
4589
12350
13101
29140
34019
12956 3356
202194 198385
1273
34781 15547
198385
25160
8607
3356 45896 3549
64396
202032
45896
1280
263584
15547
37271
3549
15435
680
57381
