#src/zombie.py
# GMT Thu May 10 09:27:22 2018
# 
8426 5413
31463 56730 50300
1853 6720 1764
15605 12874
25074 2914 9189
59891 51395
28917 39821 174
3491 5413
3320 8222 6762
7018 1299
262757 16735
52863 6762
59414 6830
58308 29152
39821
20562 25220
196621 15576
327782 327960 37100
57821 12586
1836 20612 174
3252 174
29691 174 57118 15576 198249
3257 1299
30132 12859
263321 61568 263584
53070 10429
20965 11537 680
13002 25091 20764
19151 25152 174
286 3356
8220 15547 5413
8222
2914 5413 29686 2497 12654 8455 1299 4589 174 25220 13237
31261 12389 41617
3333 1136
24785 24785 174 1136
41497 174
47872 174
41095 5413
20764 25227 41722 174
12779 174
14061 1299
12389 174
29686
2497 4777
56730
12307 57118
6720
37100 174
28220 12956
198290 6661
29608 174
20612
20932 174
57118
5396 3356
15623 58299 174
8607 5413
12859 25220
41722
6453 1299
15435 174
29680 174
48526 174
9304 174
3303 12874 34019 29222 174 15576
12586 13101
25227
30844 25220
5413 9002 6830 42708 8943 12654 4637 1103 62567 13030
6661 174 24611
6667 174
12654 25220 680 6762
52888 1251
7738 8167 1239
1251 20080
12874
49605 174
38930 174 8283
198249
8758 15576
22652 3356
35054 3356
1136
1239 1299
8455
52720 3549
8283
3267 2895 174
22388 11537 7575
29222
25435 47176
51185 174
37239 37468
10429 12956
50763 8943
28329 6762
513 174
13030 31424
13237
9002
22548 16735
8218 59689 16347 174 49463
11096 11537 20080
6830
2613 6893
1221 4637 4608
5392 174
4637
12637 174
174 50300 51395 553 15576 174 198545 198385 29075 35699 12350 52320 16735 34177 25160 37468 24482 1916 1280 37271 29140 64396 1764
25220 29551 3356 1299 37497
59689
8943
6762 12956 61568 20080 1299
35699
29152 198545
24611 51405
8596 1764
37497
52320 23106
16735
47176 15576
34288 15576
61568
34177
31025 29551 680 13101
20080
15547
16347
41617
4608
37468
1916
29551
2895
11537
51405
198545
31424
1103
25152
327960
51395
23106
553
6893 25091
15576
14361 209
62567
9189
25091
7575
42708 50304
50300
50304 57381
29075
1299 12956 209 3356
58299
12350
13101
29140
34019
12956
8167 25933
209
202194 198385
327995 37271
198385
25160
3356 45896 3549
64396
24482
45896
1280
263584
4777
49463
37271
3549
4589
25933
680
1764
57381
