#src/zombie.py
# GMT Thu May 10 12:00:53 2018
# 
31463 56730 21396 50300
8426 3356
1853 6720 21320
15605 12874
59891 51395
28917 39821 174
3491 3257
3320 8220 8222 8422 13193 3257 6730 7738 33891 25220 3303 1764
7018 3257
262757 28666
52863 6762
48526 5511
8422 9189
58308 29152
39821
20562 5413
196621 15576
327782 327960 37100
57821 12586
1836 174
3252 174
29691 198249 15576
3257 5396 701 12859 6453 15435 14361 174 12586 6762 30132 1299 286 12956 2914 22652 3356 5511 6461 29680 4589
30132
263321 7738 263584
53070 10429
13002 25091 20764
19151 174
286 12859 1136 1299 1103
8220 15547 15576
8222
2914 6762 4134 8607 12859 8455 3356 62567
31261 41617 31133
3333 1136
41497 174
5511 30781
20764 25227 8732
12779 174
14061 1299
9002 12859
41095 12859
29686 6453
4134 4809
2497 4777 701
56730
2895 3267
6720
37100 12859
28220 12956
198290 6661
29608 3356
20612 8758
5392 174
5396
49605 12859
701 7738 23148 1280
12859 34019 30844 2603 31122 34177 31133 29075 21396 4637 16347 12350 12654 13030
6453
15435
29680
9304 174
3303 29222 12874 15576
12586
25227
22652
5413 12654
4809 28666
6661 174 24611
6667 174
12654 8455 1103
52888 1251
7738 8167
1251 20080
12874
8732 1299
28329 6762
30781 59689
38930 1299 8283
198249
8758 15576
30844
2603 1103 3267 21320
34781 13030
35054 3356
1136
64396 174
8455 1299
52720 52873
8283
3267
29222
6939 1299 51395
327995 37271
51185 174
37239 37468
10429 12956 23106
33891 31424 553
23148 25152
513 6730
13030 58299 1299
13237 1299
21320
22548 16735
8218 174
49463 13193
2613 6893
1221 4637 4608
20932 174
4637
12637 174
8468 1273
174 15576 174 35699 37497 52320 25160 37468 24482 1916 37271 198545 29140
25220
59689
8943 1299 50763
6762 20080
35699
29152 198545
28666
24611 51405
8596 8596 1764
37497
52320 16735
16735
34288 15576
34177
20080
4777
16347
41617
31133
4608
37468
1916
47872 1299
13193
50763
51405
198545
31424
1103
6461 7575
8607
25152
327960
51395
23106
553
6893 25091
15576 41562
41562 198385
14361
62567
9189
25091
7575
42708 1299 50304
50300
50304 57381
29075
1299 1273
58299
12350
29140
34019
12956 52873
8167 25933
202194 198385
1273
31122
198385
25160
6730 6730
3356 45896 3549 3356 680
24482
45896
1280
263584
15547
52873
37271
3549
21396
4589
25933
680
1764
57381
