#src/zombie.py
# GMT Thu May 10 12:37:35 2018
# 
8426 5413
31463 56730 21396
15605 1267
25074 2914 9189
59891 51395
28917 8359
1267 5413
18881 12956 61568
3491 6762
3320 8222 3356 3303 6762
7018 6762
262757 16735
52863 6762
59414 6830
29608 3356
39821 9002
20562 25220
196621 8758
327782 327960 37100
57821 12586
3252 9002
29691 57118 15576
3257 8928 15703 12859 9304 8447 12637 14361 25220 12586 48526 6667 12779 1103 49605 2914 22652 41497 29551 12389 29686 37271 15435 29140 37100 52320
30132 6939
263321 61568 263584
53070 22381
20965 11537 680
13002 25091 41095
19151 174
286 3356
8220 25220 8758 15576 15547
8222
2914 30781 8943 5413 6661 16347 34177 2497 20080 35699 8455 3356 12654
31261 12389 41617
3333 1136
24785 24785 6939 1136
41497
29551 25220
41095 5413
20764 41722 8359
12779
14061 1299
58308 59689
12389 25227 29226
29686
4134 4809 701
2497 4777
56730
12307 57118
6720 8447
37100
28220 12956
198290 6661
50763 8943
20612 8758
20932 3356
57118
5396 3356
49605
701 7738 6762
12859
41722
6453 6762
8447
29680 8928
48526
9304
3303 29222 35054 6762
12586 48039
25227
30844 6939
5413 6830 42708 20940 50300 8607 12654 8359 21396 9002 62567 13030 8928
4809 22381
6661 24611
6667
12654 680 25220 6762
52888 1251
7738 8167
1251 20080
59689 30781
198249 15576
8758
22652
35054
1136
64396 174
8359
8455
52720 3549
8283 15703
24130 7545 4608
22388 11537 7575
29222
6939 25152 47872 1280 202194 51395 25220 7545
25435 47176
29226 2895
51185 3356
37239 37468
33891 31424 25220 553
28329 6762
513 6830
13030 58299
7545
9002
22548 16735
8218 49463 174
11096 11537 20080
6830 6830
2613 6893
8928 4589
5392 174
12637
174 6762 25160 29075 37468 12350
25220 13237 3356 37468 24482
30781 34019
8943
22381
6762 12956 3356 1299
35699
24611 51405
8596 48039
37497 20940
52320 16735 23106
16735
47176 15576
34288 15576
20940
61568
34177
20080 1916
4777
16347
41617
4608
37468
1916
47872
2895
11537
51405
31424
1103
25152
327960
51395
48039
15703
23106
553
6893 25091
15576 41562
41562 198385
14361
62567
9189
25091
7575
42708 50304 57381
50300
50304
29075
1299
58299
4589
12350
29140
34019
12956
8167 25933
202194
327995 37271
198385
25160
8607
3356 45896 3549
24482
45896
1280
263584
15547
49463
37271
3549
13237
21396
15435
25933
680
57381
