#src/zombie.py
# GMT Thu May 10 11:18:09 2018
# 
8426 3356
31463 56730 3356
15605 12874
25074 61157 9189
59891 51395
28917 8359 39821 174
3491 174
3320 8222 13193 6661 8447 33891 174 25220 3303 61157
7018 174
262757 16735
52863 6762
48526 1273
39821
196621 15576
327782 327960 37100
57821 12586
1836 13030
3252 174
29691 15576
3257 25152 12779 12859 41497 31424 1103 9304 174 12586
30132 12859
263321 7738 263584
53070 22381
13002 25091 20485
19151 25152 14361 174 2914
286 174 1136 7738
8220 15547 3356 15576
8222
2914 16347 29686 50300 4134 8607 6762 12859 35699 8455 3356 4589 29140 174 13237 1916
31261 3216 41617
3333 1136
41497
41095 3356
20764 41722 3216 25227
12779
14061 1299
8447 6720
29686
4134 4809
2497 4777 701
56730
2895 3267
6720
37100 6453
28220 12956
198290 6661
29608 3356
20612 31424
5392 3549
5396 6762
49605 174
15623 58299 3356
701 174 1280 7738
12859
41722
6453 174 30844 24482
15435 1299
29680 174
9304
3303 34019 29222 12874
12586 48039
25227
22652 3356
4809 22381
6661 174 24611
6667 1273
12654 25152 6939
52888 1251
7738 8167
1251 20080
12874
30781 59689 3356
38930 174 8283
198249 13030
8758 15576
30844
35054 3356
1136
64396 174
8359 3356
8455
10429 12956 23106
8283
3267 1299
29222
6939 25152 1299 51395
25435 47176
327995 37271
51185 3356
37239 37468
52720 3549
33891 31424 553
28329 6762
513 6830
13030 34781 1299
13237
9002 3356
22548 16735
8218 6461
6830 174 6830
2613 6893
1221 4637 4608
20932 174
8943 1299 50763
20485 174
4637 174
12637 174
8468 1273
174 6762 29075 1299 12350 16735 12956 1273 25160 3356 37468 45896 6461 37271
25220
59689
3216 1273
22381
6762 20080
35699
24611 51405
8596 48039
16735 12956
47176 15576
34288 15576
34177 3356
20080
4777
16347
41617
4608
37468 1299
1916
47872 1299
13193 49463
50763
51405
31424
1103
37271
25152
327960
51395
48039
23106
553
6893 25091
15576 3356
14361
62567 1299
9189
25091
7575 6461
42708 1299 50304
50300
50304 57381
29075 198385 1299
1299 1273 1299 680
61157
58299
12350
29140
34019
12956
8167 25933
202194 198385
1273
34781
198385
25160
8607
3356 3549
24482
45896
1280
263584
15547
49463
6461
3549
4589
25933
680
57381
