#src/zombie.py
# GMT Thu May 10 11:25:16 2018
# 
8426 9002
31463 56730 50300
15605 12874
25074 9002 9189
59891 51395
28917 39821 174
3491 9002
3320 8220 8222 2914 8447 3356 33891 25220 3303
7018 3356
6720 8447
52863 6762
59414 6830
39821
20562 9002
196621 15576
327782 327960 37100
57821 12586
1836 13030
3252 174
29691 15576
3257 3356
30132 12859
263321 7738 263584
53070 22381
13002 25091 20764
14061 1299
19151 174
286 2914 1103
8220 15547
8222
2914 12956 3216 6762 29686 6461 8943 4134 8607 701 6453 1299 4589 9002 174 12654 3356
31261 41617 31133
3333 1136
24785 24785 174 1136
41497 174
41095 8607
20764 41722 3216
12779 9002
4230 262757 701
8447
29686
4134 4809
2497 4777 701
56730
262757
37100 174
28220 12956
198290 6661
29608 3356
20612 8758
5392 174
5396 9002
701 1280 7738 23148
12859 9002
41722
6453
15435 1299
29680 174
48526 174
9304 174
3303 34019 12874
12586 48039 13101
25227 31133
4809 22381
6661 24611 9002
6667 174
12654 4637 8607 9002
52888 1251
7738 12956 8167
1251 20080
12874
49605 9002
38930 1299 8283
198249 15576
8758 15576
22652 3356
1136
64396 174
8455 1299
52720 3549
8283
3267 2895 174
22381
25435 47176
327995 37271
51185 174
37239 37468
33891 31424
28329 6762
13030 58299 1299
13237 1299
9002 13101 37271 12956 3356 14361 37468 680
22548 16735
8218 59689 6461 16347 49463
6830 3356
2613 6893
1221 4637 4608
8943 50763
4637
12637 174
174 15576 174 50300 29075 35699 52320 47176 25160 3356 37468 24482 1916 45896 29140
25220
59689
3216
6939 1299 51395
6762 3356 20080
35699
24611 51405
8596 48039
37497 20940
52320 16735 23106
16735
47176
34288 15576
20940 8607
34177 3356
8607 3356
15547 34781
16347
41617
31133 1299
4608
37468
1916
47872 1299
2895
50763
51405
31424
1103
37271
25152 23148
327960
51395
48039
23106
553 680
6893 25091
15576
14361
62567 1299
9189
25091
7575 6461
42708 1299 50304 57381
50300
50304
29075 198385
1299 3356
58299
13101
29140
34019
12956
8167 25933
202194 198385
23148
34781
198385
25160
3356 3549
20080
24482
45896
1280
263584
4777
49463
6461
3549
4589
25933
680
57381
