#src/zombie.py
# GMT Thu May 10 10:03:45 2018
# 
8426 3356
31463 56730 50300
15605 12874
25074 3356 9189
59891 51395
28917 39821 174
3491 28513 3356
3320 8220 8222 8447 31133 3356 33891 3303
7018 3356
6720 8447
52863 6762
59414 13030
58308 29152
39821
20562 41095
196621 15576
327782 327960 37100
57821 12586
1836 20612 174
3252 174
29691 6730 57118
3257 3356
30132 12859
7738 263321 8167 1239
53070 22381
13002 25091 20764
14061 1299
19151 174
286 3356 1103
8220 15547
8222
2914 4713 29686 1239 3356 4589 9002
263321 263584
31261 41617 31133
3333 1136
24785 24785 174 1136
41497 174
29551 1299 25220
5511 30781 3356
20764 25227 51405 12654 12859 41722 3356 43100 6939 8732 13101
12779 174
4230 28513 262757
41095 45896 22652 6461 8607 12654 4657 3356 37100 14361 6939 8928
29686
2497 4777 701
56730
12307 57118
262757
37100
43100
28220 12956
198290 6661
50763 8943
20612
20932 3356
57118
5396 3356
49605 9002
701 3356 1280
12859
41722
6453 3356
8447
29680 8928
48526 174
9304 174
3303 34019 29222 12874
12586 48039 13101
25227
22652
6661 174
6667 1273
12654 9002
52888 1251
31424 33891
1251 20080
8732 1299
30781 59689
38930 1299 8283
198249 15576
8758 174
30844 6939
2603 1299 3267
35054 3356
1239 6939 4637
1136
263651 6939
8455 1299
52720 52873
8283
3267 2895
29222
6939 262317 53067 264911 202032 263152 37640 37497 28929 37239
25435 47176
327995 37271
51185 174
37239
33891 553
28329 6762
513 6730
13030 58299 1299
13237 1299
9002 34288 3356
22548 16735
8218 49463 174
12874
2613 6893
1221 4637 4608
5392 174
262317
37640
4637
12637 174
174 50300 51395 174 29075 35699 12350 52320 34177 25160 6730 3356 37468 64396 1916 47872 37271 198545 29140
25220
59689
8943 1299
22381 12956
264911
6762 3356 20080
24482 4657
35699
29152 198545
8596 48039
37497
28929
52320 23106
16735 12956
47176 15576
34288
34177
20080
4777
16347 3356
41617
31133
4608
37468
1916
47872
2895
4713 25152
4657
51405
198545
52873 12956
263152
1103
6461 7575
8607
25152
327960
51395
48039
53067
23106
553
3549 3356
6893 25091
15576 1299
14361
62567 1299
9189
25091
7575
42708 1299 50304
50300
50304 57381
29075 198385
1299 1273 3356 15435 37271
58299
4589
12350
13101
8928
34019
12956 3356
8167 25933
202194 198385
1273
198385
25160
6730 6730
28513
3356 3356 680 29608
64396
202032
45896
1280
263584
15547
49463
37271
29608
29140
15435
25933
680
57381
