#src/zombie.py
# GMT Thu May 10 10:36:38 2018
# 
8426 9002
31463 56730 50300
15605 12874
25074 61157 9189
59891 51395
28917 8359 39821 174
18881 12956 61568
3491 2914
3320 8220 8222 2914 13193 6661 7738 6730 8447 33891 25220 3303 61157
7018 3356
262757 4230
52863 4809
59414 6830
58308 29075
39821
20562 9002
196621 57118 15576
327782 327960 37100
57821 12586
3252 174
29691 15576
3257 3356
30132 12859
263321 61568 263584
53070 10429
13002 25091 20764
14061 1299
19151 174
286 2914 1103
8220 15547 15576 9002
8222
2914 701 20080 6762 4713 6461 29686 8607 12654 48526 6453 1299 4589 9002 37100 5511 174 3356
31261 41617 31133
3333 1136
41497 174
16265 38930 9002
5511 30781
20764 41722 25227 8732
12779 174
4230 3356
701 2497
41095 3356
29686
29680 174
56730
2895 29226
12307 57118
6720 8447
37100
28220 12956
198290 6661
50763 8943
20612 31424
5392 174
57118
5396 3356
49605 3356
8607 20940 3356 12654
12859 9002
41722
6453
8447
2497 4777
48526
9304 174
3303 34019 29222 12874
12586 48039 13101
25227
4809 10429
6661 9002 24611
6667 1273
12654 9002
52888 1251
7738 8167
1251 20080
12874
8732 1299
30781 59689
38930 8283
198249 15576
8758 15576
22652 3356
35054 3356
1136 9002
64396 174
8359 3356
8455 1299
10429 12956
8283
29222
6939 1299 1280
25435 47176
327995 37271
51185 3356
37239 37468
52720 52873
33891 31424 553
28329 6762
513 6730
13030 1299
13237 1299
9002 13101 31133 680 3356
22548 16735
8218 6461 16347
6830 3356
2613 6893
1221 4637 4608
20932 174
4637 1299
12637 174
174 51395 15576 174 50300 29075 35699 58299 12350 52320 25160 3356 37468 24482 1916 47872 37271 29140
25220
59689
8943 1299
6762 3356 20080
35699
29226 31133
24611 51405
8596 48039
37497 20940
52320 23106
16735 12956
47176 15576
34288 15576
20940
61568
34177 3356
20080
15547
16347
41617
31133
4608
37468
1916
47872
13193 49463
51405
52873 12956
31424
1103
37271
25152 4713
327960
51395
48039
23106
553
3549 3356
6893 25091
15576 41562
41562 198385
14361 3356
62567 1299
9189
25091
7575 6461
42708 1299 50304 57381
50300
50304
29075 198385
1299 15435 1273 3356
61157
58299
4589
12350
13101
29140
34019
12956 3356
8167 25933
202194 198385
1273
198385
4777
25160
6730 6730
3356 45896 29608
24482
45896
1280
263584
4713
49463
6461
29608
15435
25933
680
57381
