#src/zombie.py
# GMT Thu May 10 14:40:05 2018
# 
8426 5413
31463 56730 21396
15605 12874
25074 2914 9189
59891 51395
28917 8359
3491 2914
3320 8222 1299
7018 1299
262757 4230
52863 6762
59414 6830
58308 29075
39821 9002
20562 25220
196621 57118 8758
327782 327960 37100
57821 12586
3252 9002
29691 15576
3257 3356
30132 12859
263321 7738 263584
53070 22381
20965 11537 680
13002 25091 41095
14061 2914
19151 174
286 1299
8220 15576 5413
8222
2914 701 8447 12637 174 25220 30781 5413 6762 12654 35699 1299 34177 8455 9002 4713 29686 37271 16347 2497 4589 29140 37100 13237
202194 198385
3333 1136
24785 24785 6939 1136
41497 6762
16265 38930 5413
20764 8359 25227 41722
12779 5413
4230 701
41095 5413
29686
4134 4809 701
29680 8928
56730
12307 57118
6720 8447
37100
28220 3549
198290 6661
50763 8943
20612 9044
5392 174
57118
5396 3356
49605 5413
15623 58299 5413
701 7738 6762
12859 25220
41722
6453 1299 6762 22652
8447
2828 5413 52320
2497 4777
48526 5413
9304 174
29551 25220 31025
3303 35054 12874 6762
12586 48039 13101
25227
22652
5413 6830 8607 62567 42708 50300 6667 12654 8928 20940 8359 9002 6939 21396 1103 4637 13030
4809 22381
6661 174 24611
6667
12654 680 25220 6762
52888 1251
7738 8167 1239
1251 1916
12874
59689 30781
38930 8283
198249 13030
8758 6830 15576
30844 25220
35054
16347
1136
64396 174
8359 41617
8455
52720 3549
8283
3267 2895 174
29222 3356
6939 47872 1280 51395
25435 47176
51185 31025
37239 37468
29608 3356
28329 3549
513 6830
13030 31424
13237
9002 34288
22548 16735
8218 6461 49463
6830 6830 59622 15547
2613 6893
1221 4637 4608
20932 174
4637
12637
174 37271 6762 553 25160 29075 1299 15435 37468 12350 24482 3356
25220 3356 37468 1299
30781 34019
8943 1299
22381
6762 20080 1299 3356 1239
35699
24611 51405
8596 48039
37497 20940
52320 16735 23106
16735
47176 15576
34288
20940
34177
31025 13101
23106
15547
1239
41617
4608
37468
1916 11537
47872
2895
11537
51405
31424
1103
37271 327995
25152 4713
327960
51395
48039
59622 9044
553
6893 25091
15576 41562
41562 198385
14361 3356
62567
9189
25091
7575 6461
42708 50304 57381
50300
50304
29075
1299 6461 1299 3356 680
58299
4589
12350
13101
8928
34019
8167 25933
327995
198385
4777
25160
8607
3356 45896 3549
20080
24482
9044
45896
1280
263584
4713
49463
6461
3549
29140
21396
15435
25933
680
57381
