#src/zombie.py
# GMT Thu May 10 13:09:09 2018
# 
8426 3356
59891 51395
15605 3356
25074 3356 9189
28917 8359 39821 1299
3491 3356
3320 8222 3356
7018 174
262757 16735
52863 6762
59414 13030
29608 174
39821
20562 9002
196621 15576
57821 12586
1836 20612 13030
29467 1299 198290 29467
3252 174
29691 13030
3257 49605 22652 29686 12779 9304 41497 4589 1103 12637 14361 174 12586 29140
30132 12859
7738 1299 8167 263321 701
53070 22381
13002 25091 41095
19151 174
286 6939
8222
2914 37271 3356 7575
263321 263584
31261 41617 31133
3333 1136
24785 24785 1299 1136
41497
29551 1299 25220
20764 3216 6939 30844 12654 41722 3356 43100 20764 174
12779
14061 1299
41095 3356
29686
29680 174
56730 51945
2895 3267
6720 8447
51945 1299
43100
28220 3549
198290
50763 8943
20612
5392 174
5396 3356
701 6939 3356 2497 23148
12859 9002
41722
6453 3356
8447 1299
2497 4777
48526 1299
9304
3303 34019 29222 174
12586 48039
25227 31133
22652
4809 16735 22381
6661 174 24611
6667 1273
12654 47872 9002 2603
52888 1251
31424 13030
1251 20080
23148 25152
49605
38930 1299 8283
198249 13030
8758 15576
30844
2603 3267
35054 3356
3216 8359 3216 3356 6762
1136
8359
8455 1299
52720 3549
8283
3267
29222
6939 16735 37640 47872 262317 53067 264911 263651 202032 263152 45896 28929 28329 37497 327960 1299 3356 52320
25435 47176
327995 37271
51185 3356
37239 37468
37640
28329
13030 58299 1299
13237 1299
9002 3356
22548 16735
8218 59689 174
49463 13193
2613 6893
1221 4637 4608
20932 174
262317
4637 1299
12637
174 51395 15576 50300 35699 1299 64396 34177 3356 24482 1916
25220
59689
8943 8943 1299
22381
264911
6762 3356 20080
24482
35699
24611 51405
8596 48039
37497
28929
52320 16735 1299 23106
16735
47176 15576
34288 15576
34177
20080
15547 1299 34781
16347 3356
41617
31133 1299
4608
37468 1299
1916
47872 12956 1299
13193 1299
51405
263152
1103
263651
25152
327960
51395
48039
53067
23106
553 1299
6893 25091
15576 1299 41562
41562 198385
14361
62567 1299
9189
25091
7575
42708 1299 50304
50300
50304 57381
29075 1299
1299 1299 12350 1273 25160 1280 37271 15435 680
58299
4589
12350
29140
34019
12956
8167 25933
202194 198385
1273
34781
198385
25160
8607 3356
3356 3549
64396
202032
45896
1280
263584
4777
37271
3549
15435
25933
680
57381
