#src/zombie.py
# GMT Thu May 10 10:33:08 2018
# 
8426 3356
31463 56730 50300
1853 6720 1764
15605 12874
25074 61157 9189
59891 51395
28917 174
3491 3356 12389
3320 8220 8222 13193 6661 6730 3356 33891 25220 3303 1764 61157
7018 174
262757 28666
52863 6762
48526 5511
58308 29075
39821 9002
20562 20764
196621 15576
327782 327960 37100
57821 12586
1836 20612 13030
3252 174 12654
29691 13030
3257 9304 174 1103
30132 12859
263321 7738 263584
53070 10429
13002 25091 174
19151 174
286 174
8220 15547
8222
2914 30844 29686 34177 8607 35699 3356 4589 9002 174 1916
31261 3216 41617
3333 1136
24785 24785 6939 1136
41497 174
5511 3356
41095 12859 3356 13030 12654
20764 34019 37497 51405 12654 41722 43100 20764 174 13101
12779 174
14061 1299
12389 25227
29686
2497 4777 701
56730
2895 3267
6720
37100 3356
43100
28220 12956 28220
198290 6661
29608 3356
20612
20932 174
5396 6762
701 174 3356 23148
12859 9002
41722
6453 3356
15435 1299
29680 174
9304
3303 12874 35054 3356 15576 29222
12586 48039 13101
25227
22652 1299
4809 12956 28666
6661
6667 1273
12654 9002
52888 1251
7738 12956 8167 1299
1251 20080
28329 6762
49605 9002
38930 1299 8283
198249 13030
8758 15576
30844
2603 1299 3267
35054
1136
64396 174
8455 1299
52720 3549
8283
3267
29222
6939 1299
25435 47176
327995 37271
51185 174
37239 37468
10429 12956 23106
33891 553
23148 25152
513 6730
13030 34288 202194 34781 31424 58299
13237 1299
9002 12956 37271
22548 16735
8218 59689 6461 16347
12874
2613 6893
1221 4637 4608
5392 174
8943 1299 50763
4637 1299
12637 174
8468 1273
174 51395 174 50300 6762 29075 1299 12350 12956 25160 3356 37468 24482 47872 6461 29140
25220
59689
3216 6762
6762 20080 3356
35699
28666
8596 48039
37497
16735 12956
47176 15576
34288
34177
20080
15547
16347
41617
4608
37468
1916
47872
13193 49463
50763
51405
31424
1103
37271
8607
25152
327960
51395
48039
23106
553
6893 6730
15576 41562
41562 198385
14361 3356
62567 1299
9189
25091
7575 6461
42708 1299 50304 57381
50300
50304
29075
1299 1280 1273 1299 3356 680
61157
58299
12350
13101
29140
34019
12956 3356
8167 25933
202194
1273
34781
198385
25160
6730 6730
3356 45896 3549
24482
45896
1280
263584
4777
49463
6461
3549
4589
25933
680
1764
57381
