#src/zombie.py
# GMT Thu May 10 12:38:37 2018
# 
8426 3356
31463 56730 6762
1853 6720 3356
15605 49605
25074 61157 9189
59891 51395
28917 1299
3491 3356 12389 3257
3320 8222 13193 3257 1299 7738 25220 3303 61157
7018 174
262757 28666
52863 6762
48526 5511
58308 29075
12779 34019 13101 3257 12859 174 12654 20562
20562
196621 15576
327782 327960 37100
57821 12586
1836 13030
3252 174
29691 15576
3257 29686 8455 29680 41497 1103 9304 174 29140
30132 12859
263321 7738 263584
53070 10429
13002 25091 20764
19151 174
286 174 1136
8220 15547 3356
8222
2914 50300 34177 25160 8607 35699 16347 4589 9002 37100 174 1916
31261 12389 41617
3333 1136
41497
5511 174
41095 3356
20764 25227 8732
14061 1299
12389
29686
4134 4809 701
29680
56730
2895 3267
6720
37100
43100 49605
28220 12956
198290 6661
50763 8943
20612 8758
5392 174
5396 6762
701 1299 1280 2497
12859
6453 174
15435 1299
2497 4777
9304
3303 174 29222 35054 15576
12586 48039 13101
25227
30844 49605
4809 28666
6661 174
6667 1273
12654 49605
52888 1251
7738 8167
1251 20080
8732 1299
49605 51405 1299 12637 37497 25435 202032 3356
38930 1299 8283
198249 15576
8758 15576
22652 174
2603 1299 3267
34781 13030
35054
1136
64396 174
8455
10429 12956 23106
8283
3267
29222
6939 1299 51395
25435
327995 37271
51185 3356
37239 37468
52720 52873
39821 9002
29608 3356
28329 6762
513 6830
13030 31424 1299
13237 1299
9002
22548 16735
8218 6461
6830 174 6830
2613 6893
1221 4637 4608
20932 1299
30781 59689 3356
4637 1299
12637
8468 3549
174 15576 6762 29075 1299 58299 12350 12956 31122 3356 37468 24482 45896 6461
25220
59689
8943 1299
6762 20080 29075
24482
35699
28666
8596 48039
37497
52320 16735 1299
16735
34288 15576
34177
20080
15547
16347
41617
4608
37468
1916
47872 1299
13193 49463
51405
52873 12956
31424
1103
37271 1299
25152 1273
327960
51395
48039
23106
553 3356
6893 25091
15576 41562
41562 198385
14361 3356
62567 1299
9189
25091
7575 6461
50300
50304 1299 57381
29075
1299 1273 3356
61157
58299
12350
13101
29140
34019
12956 3356
8167 25933
202194 198385
1273
31122
198385
25160
8607
3356 3549 680 3356
202032
45896
1280
263584
4777
49463
6461
3549
4589
25933
680
57381
