#src/zombie.py
# GMT Thu May 10 11:18:09 2018
# 
31463 56730 50300 6762
8426 3356
15605 12874
25074 61157 9189
59891 51395
28917 8359 39821
3491 174 12389
3320 8222 6830 13193 8447 61157 174 3303
7018 174
262757 16735
52863 6762
48526 2914
39821
20562 2603
196621 8758
327782 327960 37100
57821 12586
1836 13030
3252 9002
29691 15576
3257 29680 41497 4589 9304 174 12779
30132 12859
7738 263321 8167 701 1239
53070 22381
20965 513 11537 680
13002 25091 20485
19151 174
286 174
8220 15547 15576 21320
8222
2914 47872 29686 13237 12859 35699 8455 9002 12637 62567 174 25220 24482 29140
263321 263584
31261 12389 41617
3333 1136
24785 24785 1299 1136
41497
41095 3356
20764 41722 3216 8732
12779
14061 1299
12389 25227 29076
29686
4134 4809 6830
2497 4777 701
56730
2895 29076
6720 8447
37100 2603
43100 35054
28220 12956
198290 6661
29608 3356
20612 8758
5392 3549
5396 6762
701 174 6830 23148
12859
41722
6453 174
15435 1299
29680
9304
3303 34019 29222 12874 174
12586 48039 13101
25227
22652 174
4809 22381
6661 21320 174 24611
6667 1273
12654 513 35054
52888 1251
31424 35054
1251 20080
12874
8732 1299
28329 6762
8943 1299 50763
49605 9002
38930 1299 8283
198249 15576
8758 6830
30844 21320
2603 8607 37271 21320
35054 6730 58299 202032 3356
16347 174
1136
64396 174
8359 3356
8455
52720 3549
8283
22388 7660 11537
29222
22381
25435 47176
327995 37271
51185 174
24490 7575 24489
37239 37468
293 513 11537 1280
50763
23148 25152
513 6830 6730 21320 513 174
13030 34781 1299
13237
9002 21320
22548 16735
8218 6461
11096 11537 20080
6830 3356 174
2613 6893
1221 4637 4608
20932 21320
30781 59689 3356
20485 174
4637 174
12637
8468 1273
174 47176 6762 1299 12350 13101 12956 1239 3356 37468 45896 6461
25220
59689
3216 1273
6939 1299 51395
6762 20080
24482
35699
24611 51405
8596 48039
37497 20940
52320 16735 1299 23106
16735 1299
47176
34288 15576
20940 21320
34177 3356
20080 1916
15547
1239
41617
4608
37468 1299
1916
47872
13193 49463
11537 11537 1103
51405
21320
8447
1103
37271
8607
29076
25152
9270 9270 7660 24489
327960
51395
48039
23106
553 3356
6893 25091
15576
14361 3356
62567
9189
25091
7575
42708 1299 50304
50300
50304 57381
29075 198385 1299
1299 1273
61157
58299
12350
13101
29140
34019
12956
8167 25933
202194 198385
1273
34781
198385
25160 3356
6730 6730
3356 3549
24489 24489
7660
202032
45896
1280
263584
4777
49463
6461
3549
4589
25933
680
57381
