#src/zombie.py
# GMT Thu May 10 11:59:59 2018
# 
8426 6453
31463 56730 50300
15605 12874
25074 3356 9189
59891 51395
8387 3320 1764 12654
28917 39821 174
3491 3257
3320 12956 8218 8222 6830 2914 6762 701 13237 13193 6453 3356 7738 34177 174 3303 1764
7018 3356
262757 4230
52863 6762
59414 6830
58308 59689
39821
20562 6461
196621 57118 15576
327782 327960 37100
57821 12586
3252 174
29691 15576
3257 29551 29686 8455 8447 174 13237
30132 12859
7738 263321 8167 1239
53070 10429
13002 25091 20764
14061 1299
19151 174
286 1103 701
8220 5511 15547 8758
8222
2914 7575 4713 8607 20080 3356 4589 9002 37100 174 13237 1764
263321 263584
31261 12389 41617
3333 1136
24785 24785 174 1136
41497 174
29551 25220
5511 30781 701 29075 48526 174
41095 13237
20764 25227 41722 174 8732
12779 174
4230 3356
12389 174
29686
2497 4777 701
56730
2895 3267
12307 57118
6720 8447
37100
28220 12956
198290 6661
29608 3356
20612 8758
20932 174
57118
5396 3356
701
12859 13237
41722
6453 22652 37468
15435 1299
29680 174
48526
9304 174
3303 29222 35054 15576 12874
12586 48039 13101
25227
22652
6661 174
6667 174
12654 13237
52888 1251
31424 13030
1251 20080
12874
8732 1299
49605 1764
38930 1299 8283
198249 15576
8758
30844 13237
35054
1136
1239 174
8455
10429 12956 23106
8283
3267 174
29222
6939 1299 1280
25435 47176
51185 3356
37239 37468
15547
52720 3549
50763 8943
28329 6762
513 174
13030 1299
13237 37497
9002
22548 16735
8218 6461 16347 24611 174 1764
6830
2613 6893
1221 4637 4608
5392 174
4637 1299
12637 174
174 50300 51395 15576 174 29075 35699 1299 12350 12956 25160 3356 37468 24482 1916 47872 37271 64396 29140 1764
25220
30781 34019 59689
8943 8943 1299
6762 37271 20080
59689
35699
24611 51405
8596 48039
37497
16735 12956
47176 15576
34288 15576
34177
20080
4777
16347
41617
4608
37468
1916
47872
13193 49463
51405
8447
1103
37271 327995
24482
25152 4713
327960
51395
48039
23106
553 3356
6893 25091
15576
14361 3356
62567 1299
9189
25091
7575
42708 1299 50304
50300
50304 1299 57381
29075 198385
1299 1299 680 3356
58299 1764
12350
13101 1764
29140
34019
12956
8167 25933
202194 198385
327995
198385
25160
8607
3356 45896 3549 1764
64396
202032 1764
45896
1280
263584
4713
49463
6461
3549
4589
25933
680
1764
57381
