#src/zombie.py
# GMT Thu May 10 13:09:09 2018
# 
8426 6453
31463 56730 2914
1853 6720 1764
15605 49605
25074 49605 9189
59891 51395
28917 174
3491 28513 174
3320 8222 174 3303
7018 174
262757 4230
52863 6762
59414 13030
12779 41095 30844 2603 12654 174 202032
20562 49605
196621 15576
327782 327960 37100
57821 12586
1836 20612 13030
29467 49605 198290 29467
3252 174
29691 198249 15576
3257 49605 174 12586 22652 7738
30132 12859
263321 7738 263584
53070 22381
13002 25091 20764
14061 1299
19151 174
286 174 1103
8220 5511 15547 15576 49605
8222
2914 7575 29686 37271 50300 8607 20080 16347 4589 9002 174 1916
31261 41617 31133
3333 1136
24785 24785 1273 1136
41497 174
47872 1299
5511 174
20764 41722 8732
4230 28513
41095
29686
4134 4809 701
2497 4777 701
56730
6720
37100 49605
43100 49605
28220 12956
198290
50763 8943
20612
5392 174
5396 6762
701 174 7738 23148
12859 49605
41722
6453 37468 174
15435 1299
29680 174
48526 1299
9304 174
3303 34019 29222 174
12586
25227 31133
22652
4809 22381
6661 174 24611
6667 1273
12654 49605 12637
52888 1251
7738 8167
1251 20080
8732 1299
28329 6762
49605 3356 1299 9002 58299 37497
38930 174 8283
198249
8758 15576
30844
2603 3267
35054 3356
1136
64396 174
8455 1299
52720 3549
8283
3267 2895
29222
22381
25435 47176
327995 37271
51185 174
37239 37468
39821 9002
29608 3356
23148 25152
13030 1299 31424
13237 1299
9002 3356 9002
22548 16735
8218 59689 174 49463
49463
2613 6893
1221 4637 4608
20932 174
4637 1299
12637 174 28929
174 51395 174 6762 29075 35699 1299 12350 12956 34177 3356 37468 25160 24482 37271 29140 1764
25220 29551
59689
8943 8943 1299
6762 3356
24482
35699
24611 51405
8596 1764
37497
28929
52320 16735 1299 23106
16735
47176 15576
34288 15576
34177
20080
15547 34781
16347
41617
31133 1299
4608
37468
1916
29551 1299
2895
51405
31424
1103
25152
327960
51395
23106
553 1299
6893 25091
15576 1299 41562
41562 198385
14361 3356
62567 1299
9189
25091
7575
42708 1299 50304
50300
50304 57381
29075
1299 1299 1273 1280 680
58299
12350
29140
34019
12956
8167 25933
202194 198385
1273
34781
198385
25160
8607
28513
3356 45896 3549
202032
45896
1280
263584
4777
37271
3549
4589
25933
680
1764
57381
