#src/zombie.py
# GMT Thu May 10 06:02:06 2018
# 
8426 3356
31463 56730 3356
1853 6720 1764
15605 12874
59891 51395
28917 8359
3491 174 12389
3320 8222 2914 13193 3257 1299 8422 3303
7018 174
262757 16735
52863 6762
48526 5511
8422 9189
58308 59689
12779 34019 41095 30844 3257 12654 202032 174 28929 20562
20562
196621 15576
327782 327960 37100
57821 12586
1836 13030
3252 174
29691 6730 198249
3257 31122 29680 14361 41497 7738 9304 174
30132 12859
29076 2895 12389
53070 10429
13002 25091 20764
19151 174
286 174 1103 1136
8220 15547 3356
8222
2914 47872 29686 2497 50300 8607 29140 35699 8455 4589 9002 12637 174 25220 13237 1916
263321 7738 263584
31261 12389 41617
3333 1136
41497
5511 30781 3356 29075
41095
20764 3216
14061 1299
12389 25227
29686
29680
56730
2895
6720
37100 174
43100 49605
28220 12956
198290 6661
29608 6453
20612 9044
5392 3549
5396 6762
701 1299 1280 2497 23148
12859 49605
6453 37468 6453 174
15435 1299
2497 4777
9304
3303 12874 15576
12586 48039 13101
25227
22652 174
6661 49605 174 24611
6667 1273
12654 49605 12637
52888 1251
7738 1299 8167
1251 20080
28329 6762
8943 1299 50763
49605 1299 174 13101 3356
198249
8758 15576
30844
34781 13030
35054 3356
1239 174 4637
1136
8359 3356
8455
10429 12956
9002 39821
29222 3356
327995 37271
28138 16735
51185 3356
37239 37468
52720 3549
39821
50763
23148 25152
513 6730
13030 58299 31424 1299
13237
22548 16735
8218 6461
12874
2613 6893
1221 4637 4608
20932 174
30781 59689
4637
12637
8468 3549
174 51395 174 6762 1299 12956 1273 25160 6730 16347 3356 64396 24482 6461 680 1764
25220
59689
3216 1273
6762 16735 20080
24482
35699
24611 51405
8596 48039
37497 1299
28929
16735 3549 1299
34288 15576
34177 3356
23106 3549
15547
16347
41617
4608
37468
1916
47872
13193 49463
51405
31424
1103
37271 1299
8607
25152
327960
51395
48039
59622 6730 9044
553 680
6893 6730
15576
14361
62567 1299
198385 29075 202194
25091
7575 6461
42708 1299 50304
50300
50304 57381
29075
1299 1273 12350 3356
58299
12350
9189
13101
29140
34019
12956
8167 25933
202194
1273
31122
64396
25160
6730 6730
3356 45896 3549 3356 680
20080
202032
9044
45896
1280
263584
4777
49463
6461
3549
4589
25933
680
1764
57381
