#src/zombie.py
# GMT Thu May 10 04:23:45 2018
# 
8426 6453
31463 56730 3356
15605 12874
25074 3356 9189
59891 51395
28917 8359 39821
3491 28513 3356 12389
3320 8220 8222 8447 13193 3320 3356 33891 513 25220 3303
7018 174
6720 8447
52863 6762
48526 5511
58308 29152
39821
20562 20764
196621 15576
327782 327960 37100
57821 12586
1836 13030
3252 174
29691 198249 15576
3257 8455 174 1103 22652
30132 12859
263321 7738 263584
53070 10429
13002 25091 20764
14061 1299
19151 174
286 174
8220 15547
8222
2914 50300 20080 3356 4589 9002 37497
202194 198385
3333 1136
24785 24785 174 1136
41497 174
5511 30781 3356
41095 3356
20764 34019 3216 6939 30844 2895 6661 12654 3356 20764 174 13101
12779 174
4230 28513 262757
701 1299 2497
12389 25227
29686 6453
29680 174
56730
2895
262757
37100 6453
43100 47872
28220 12956
198290 6661
29608 3356
20612 8758
20932 174
5396 6762
49605 174
8607 3356
12859 9002
6453 37271 3356 174
15435 1299
2497 4777
9304 174
3303 29222 12874 15576
12586 48039 13101
25227
22652
6661 174 24611
6667 1273
12654 47872 9002
52888 1251
7738 12956 8167
1251 20080
12874
30781 59689
198249
8758 15576
30844
34781 13030
35054 3356
1136
8447
8359 3356 41617 3216
8455
10429 12956
9002 3356
24130 7545 4608
29222
6939 25152 7545 1280
327995 37271
28138 16735
51185 174
37239 37468
52720 3549
33891 31424 553
28329 6762
513
13030 58299 1299
7545
22548 16735
8218 16347 174
49463 13193
2613 6893
5392 174
8943 1299 50763
12637 174
8468 1273
174 51395 174 29075 35699 1299 12350 31122 64396 3356 37468 24482 1916 6461 198545 29140 680
25220
59689
3216 3216 6762
6762 3356
35699
29152 198545
24611 51405
8596 48039
37497
52320 16735 1299 23106
16735 1299
34288 15576
34177 3356
20080
15547
16347
41617
4608
37468
1916
47872 12956 1299 3356
13193
50763
51405
198545
31424
1103
6461 7575
25152
327960
51395
48039
23106
553
6893 25091
15576 41562
41562 198385
14361 3356
62567 1299
198385
25091
7575
42708 1299 50304
50300
50304 57381
29075
1299 37271 1273 3356 13237
58299
12350
9189
13101
29140
34019
12956 3356
8167 25933
1273
31122
64396
25160 3356
28513
3356 45896 3549
24482
45896
1280
263584
4777
37271
3549
13237
4589
25933
680
57381
