#src/zombie.py
# GMT Thu May 10 10:35:40 2018
# 
8426 3356
31463 56730 6762
15605 3356
25074 61157 9189
59891 51395
28917 8359 39821 174
3491 28513 174
3320 13193 8222 174 3303 61157
7018 174
262757 4230
52863 6762
59414 6830
39821
196621 15576
327782 327960 37100
57821 12586
1836 13030
3252 174
29691 15576
3257 25152 51395 22652 48039 12859 14361 8447 1103 37100 9304 174 12586 15576
30132 12859
263321 7738 263584
53070 22381
13002 25091 41095
14061 1299
19151 25152 2914 174 41095
286 174
8220 5511 15547 15576
8222
2914 30781 47872 29686 25220 34177 29140 8607 12859 35699 8455 3356 4589 9002 12637 37271 174 13237 1916
31261 41617 31133
3333 1136
24785 24785 1273 1136
41497 6762
5511 48526 174
20764 41722 3216
12779 174
4230 28513
41095
29686
4134 4809 701
2497 4777 701
56730
2895 3267
6720 8447
37100
28220 12956
198290 6661
29608 3356
20612 8758
5392 3549
5396 6762
49605 174
701 174 1280 7738
12859
41722
6453 174
15435 1299
29680 174
48526
9304
3303 29222
12586
25227 31133
30844 6939
4809 22381
6661 174 24611
6667 1273
12654 25152 6939
52888 1251
7738 12956 8167
1251 20080
59689 30781
38930 1299 8283
198249 15576
8758 15576
22652
2603 1299 3267
35054 3356
1136
8447
64396 174
8359 3356
8455
10429 12956 23106
8283
3267
29222
6939 25152
25435 47176
327995 37271
51185 3356
37239 37468
52720 3549
50763 8943
28329 6762
13030 58299 31424 1299
13237
9002
22548 16735
8218 174
6830 174
2613 6893
1221 4637 4608
20932 1299
8943 1299
4637 1299
12637
174 553 15576 50300 6762 29075 1299 12350 12956 25160 16347 3356 37468 24482 37271 6461
25220
30781 34019
3216 1273
22381
6762 20080
35699
24611 51405
8596 48039
52320 16735 1299
16735
47176 15576
34288 15576
34177
20080
4777
16347
41617
31133 1299
4608
37468 1299
1916
47872
13193 49463
51405
31424
1103
6461 7575
25152
327960
51395
48039
23106
553
6893 25091
15576 3356 41562
41562 198385
14361
62567 1299
9189
25091
7575
42708 1299 50304
50300
50304 57381
29075 198385
1299 1273 1299 680
61157
58299
12350
29140
34019
12956
8167 25933
202194 198385
1273
34781 15547
198385
25160
8607
28513
3356 45896 3549
24482
45896
1280
263584
15547
49463
37271
3549
4589
25933
680
57381
