#src/zombie.py
# GMT Thu May 10 12:35:43 2018
# 
8426 3356
31463 56730 3356
15605 12874
25074 61157 9189
59891 51395
8387 3320 1764 12654
28917 8359
18881 12956 61568
3491 3257
3320 8222 8447 701 6730 13193 1299 61157 2914 3303
7018 174
262757 16735
52863 4809
59414 13030
58308 59689
39821 9002
20562 1764
196621 15576
57821 12586
3252 174
29691 57118 15576
3257 6461 13237
30132 12859
7738 8167 1239
53070 22381
13002 25091 20764
19151 174
286 1136 1103 701
8220 5511 15547
8222
2914 29686 8607 20080 35699 8455 4589 174 13237
263321 61568 263584
202194 198385
3333 1136
41497 174
5511 30781 29075 701 48526
20764 41722 25227 8732
12779 174
14061 1299
41095 3356
29686
29680 174
56730
2895 29226
12307 57118
6720 8447
37100 327693 174
28220 3549
198290 6661
29608 3356
20612 31424
20932 3356
57118
5396 3356
49605 3356
15623 58299 174
701 1280 2497 23148
12859 13237
41722
6453 3356
15435 1299
2497 4777
48526
9304 174
3303 34019 29222 12874
12586 48039 13101
25227
22652 3356
4809 22381 3549
6661 174
6667 3356
12654 13237 12654
52888 1251
31424 33891
1251 20080
12874
8732 3356
30781 59689
38930 174 8283
198249 15576
8758 15576
30844 13237
35054 3356
1239 1299 4637
1136
8359 3356 41617
8455
52720 3549
8283
29222
22381
25435 47176
327995 37271
51185 3356
37239 37468
33891 13237 553
28329 3549
513 6730
13030 1299
13237 1299 37497 25220 24482 29226 52320
9002 3356
22548 16735
8218 6461 1764 24611
49463 13193
2613 6893
1221 4637 4608
5392 3549
4637
12637 174
174 15576 174 6762 1299 12350 64396 25160 3356 37468 1916 47872 37271 29140 1764
25220
59689
8943 1299 50763
6939 3356 51395
6762
202032 1764
35699
29226
24611 51405
8596 48039
37497
52320 16735
16735 3549
47176 3356
34288 15576
61568
34177 3356
20080
15547
16347 29075
41617
4608
37468
1916
47872
13193
50763
51405
8447
1103
37271
24482
8607
25152 23148
327960 327693
51395
48039
23106 3549
553
6893 25091
15576 3356 41562
41562 198385
14361 3356
62567 3356
9189
25091
7575 6461
42708 1299 50304 57381
50300 3356
50304
29075
1299 12956 6461 3356
61157
58299
12350
13101 1764
29140
34019
12956
8167 25933
23148
198385
25160
6730 6730
3356 3356 45896 3549 680 1764
64396
327693
45896
1280
263584
4777
6461
3549
4589
25933
680
1764
57381
