#src/zombie.py
# GMT Thu May 10 09:25:12 2018
# 
8426 3356
31463 56730 6762
15605 12874
59891 51395
28917 8359
3491 12389 28513 2914
3320 8222 8447 13193 3257 1299 3303
7018 174
262757 4230
52863 6762
48526 3356
8422 3356 9189
58308 29075
12779 34019 49605 30844 13101 50300 3257 37468 174 12654 20562
20562
196621 15576
327782 327960 37100
57821 12586
1836 13030
3252 9002
29691 15576
3257 13237 29551 51395 22652 29686 31122 8455 29680 7738 41497 15435 4589 1103 12637 9304 174 29140
30132 12859
29076 2895 12389
53070 10429
13002 25091 20764
14061 1299
19151 174
286 174 1136
8220 5511 15547
8222
2914 30781 7575 37271 8607 35699 16347 9002 12637 174
263321 7738 263584
31261 12389 41617
3333 1136
41497
29551 25220
5511 3356
41095 3356
20764 3216
4230 28513
12389 25227
29686
2497 4777 701
56730
2895
6720 8447
37100 174
43100 49605
28220 3549
198290 6661
29608 3356
20612 8758
20932 1299
5396 6762
701 174 1280 7738 23148
12859 49605
6453 62567 174
15435
29680
9304
3303 29222 12874 15576
12586 48039 13101
25227
30844
6661 49605 174 24611
6667 1273
12654 49605 12637
52888 1251
7738 8167
1251 20080
28329 6762
8943 8943 1299 50763
49605 3356 28929 202032 37497 25435 1299
38930 1299 8283
198249 15576
8758 15576
22652
34781 13030
35054 3356
1136
8447
64396 174
8359 3356
8455
10429 12956 23106
8283
29222
25435
327995 37271
51185 3356
37239 37468
52720 3549
39821 9002
50763
23148 25152
513 6730
13030 31424 1299
13237
9002
22548 16735
8218 6461
12874
2613 6893
1221 4637 4608
5392 3549
30781 59689
4637 174
12637
8468 1273
174 6762 1299 58299 12350 12956 6730 3356 24482 1916 45896 6461
25220
59689
3216 1273
6762 20080 29075
24482
35699
24611 51405
8596 48039
37497
28929
16735 12956
34288 15576
34177 3356
20080
15547
16347
41617
4608
37468
1916
47872 3356
13193 13193 49463
51405
31424
1103
37271 1299
8607
25152
327960
51395
48039
23106
553 1299
6893 25091
15576 41562
41562 198385
14361 3356
62567
9189
25091
7575
42708 1299 50304
50300
50304 57381
29075 1299
1299 1273
58299
12350
13101
29140
34019
12956
8167 25933
202194 198385
1273
31122
198385
25160 3356
6730 6730
28513
3356 3549 3356 680
202032
45896
1280
263584
4777
49463
6461
3549
4589
25933
680
57381
