#src/zombie.py
# GMT Thu May 10 09:27:22 2018
# 
8426 3356
31463 56730 50300
1853 6720 1764
15605 12874
25074 3356 9189
59891 51395
28917 39821 174
3491 3257
3320 8220 8222 3257
7018 3257
262757 16735
52863 6762
59414 13030
58308 29152
39821
20562 2603
196621 15576
327782 327960 37100
57821 12586
3252 174
29691 57118 15576
3257 12956 2914 5396 22652 6461 6762 701 12859 6453 1299 30132 14361 174 12586 3356 286
30132
263321 61568 263584
53070 10429
13002 25091 20764
19151 174
286 12859 1103 2603
8220 15547
8222
2914 4713 29686 8607 12859 8455 3356 4589
31261 12389 41617
3333 1136
24785 24785 174 1136
41497 174
29551 1299 25220
41095 12859
20764 25227 41722 174
12779 174
14061 1299
12389 174
29686
29680 174
56730
12307 57118
6720
37100 174
28220 12956
198290 6661
29608 174
20612 8758
20932 174
57118
5396
15623 58299 174
701 7738 2497
12859 37497 30844 42708 12654 9002
41722
6453
15435 174
2497 4777
48526 174
9304 174
3303 12874 34019 29222 174
12586
25227
30844
5413 12654
6661 174 24611
6667 174
12654 1103
52888 1251
7738 8167
1251 20080
49605 174
38930 174 8283
198249 15576
8758 174 15576
22652
2603 1103
35054 3356
1136
64396 174
8455
10429 12956
8283
3267 2895 174
29222
25435 47176
51185 174
37239 37468
52720 3549
50763 8943
28329 6762
513 174
13030 1299 31424
13237 1299
9002
22548 16735
8218 59689 16347 174 49463
12874
2613 6893
1221 4637 4608
5392 174
4637 1299
12637 174
174 50300 51395 553 15576 174 198545 198385 29075 35699 12350 52320 16735 47176 29140 34177 25160 37468 24482 1916 47872 1280 37271 1764
25220
59689
8943 8943 1299
6762 61568 20080
35699
29152 198545
24611 51405
8596 1764
37497
52320 16735 23106
16735
47176
34288 15576
61568
34177
20080
15547
16347
41617
4608
37468
1916
47872
2895
51405
198545
31424
1103
6461 7575
25152 4713
327960
51395
23106
553
6893 25091
15576
14361
62567 1299
9189
25091
7575
42708 50304
50300
50304 57381
29075
1299
58299
12350
29140
34019
12956
8167 25933
202194 198385
327995 37271
198385
4777
25160
8607
3356 45896 3549 3356 680
24482
45896
1280
263584
4713
49463
37271
3549
4589
25933
680
1764
57381
