#src/zombie.py
# GMT Thu May 10 10:33:27 2018
# 
8426 3356
31463 56730 3356
15605 12874
25074 3356 9189
59891 51395
28917 8359 39821
18881 12956 61568
3491 174
3320 8220 8222 174 3303
7018 174
262757 4230
52863 4809 6762 12654
24490 23855 7575 24489
58308 29152
39821
196621 15576
23855 23855 136968
327782 327960 37100
57821 12586
3252 9002
29691 57118 15576
3257 12859 174
30132 12859
7738 1299 8167
53070 22381
20965 136968 1103 680
13002 25091 20764
14061 1299
19151 174
286 174 1136
8220 15547 15576
8222
2914 29686 6762 2497 20080 12859 8455 4589 29140 174 13237
263321 61568 263584
31261 3216 41617
3333 1136
41497 6762
5511 48526 174
20764 41722 25227 8732
12779 174
4230 701
41095 3356
29686
2497 4777 701
56730
12307 57118
6720 8447
37100 3356
28220 12956 28220
198290 6661
29608 3356
20612 8758
20932 3356
57118
5396 3356
49605 174
15623 58299 3356
701 23148 1280 6762
12859
59414 13030
6453 174
15435 1299
29680 174
48526
9304 174
3303 34019 29222 12874 35054
12989 22548 22381 23106 1916
12586 13101
25227
30844 6939
4809 10429
6661 174 24611
6667 1273
12654 1916
52888 1251
31424 13030
1251 20080
12874
8732 1299
28329 6762
30781 59689 3356
38930 1299 8283
198249 15576
8758 15576
22652 174
2603 1299 3267
35054
1136
8447 6762
64396 174
8359 3356
22388 7660 11537
10429 12956
8283
3267 2895
29222
6939 1299 51395 1916
25435 47176
327995 37271
51185 174
8455
52720 3549
50763 8943
23148 25152
513 6830
13030 1299
13237
9002 3356
22548
8218 174
6830 174 6830
2613 6893
1221 4637 4608
5392 3549
8943 1299
4637 1299
12637 174
174 48039 49463 15576 6762 35699 1299 12350 13101 12956 209 1273 25160 37468 24482 1916 47872
25220 3356
59689
3216 1273
22381
264911 1916
6762 37271 20080 29075 3356 1299
35699
29152 198545
24611 51405
8596 48039
263651 1916
14840 1916
16735 12956
47176 15576
34288 15576
61568
34177 3356
20080
4777
16347 3356
41617
4608
37468 1299 37239
1916 53067 27750 263152 1916
47872
41722
2895
136968
11537 27750
51405
198545 3356
263152
1103
25152
9270 9270 7660 24489
327960
51395
48039
53067
23106
553 3356
37239
6893 25091
15576 3356 41562
41562 198385
14361 209
62567 3356
9189
25091
7575
42708 1299 50304
50300 3356
50304 57381
29075
1299 1273 37271
58299
12350
13101
29140
34019
12956 3356
8167 25933
209
202194 198385
1273
198385
25160
8607 3356
3356 45896 3549
24489 24489
7660
24482
45896
1280
263584
15547
49463
37271
3549
27750
4589
25933
680
57381
