#src/zombie.py
# GMT Thu May 10 11:18:09 2018
# 
8426 3356
31463 56730 3356
15605 12874
25074 3356 9189
59891 51395
28917 8359 39821 174
3491 28513 174 12389
3320 8222 1299 3303
7018 174
6720 8447
52863 6762
48526 5511
39821
20562 42708
196621 8758
327782 327960 37100
57821 12586
1836 13030
3252 174
29691 13030
3257 49605 22652 41497 8447 9304 174 12779
30132 12859
263321 7738 263584
53070 22381
13002 25091 20485
14061 1299
19151 2914
286 174 1103
8222
2914 29140 7575 29686 50300 16347 8607 20080 35699 8455 1299 4589 9002 12637 174 1916
31261 12389 41617
3333 1136
24785 24785 1299 1136
41497
5511 174 29608
41095 3356
20764 41722 8732
12779
4230 28513 262757
12389 25227
29686
4134 4809 1299
29680 174
56730
2895 3267
262757
37100 3356
43100 29608
28220 12956
198290 6661
29608 30781 6939 6661 12654 31424 174 3356
20612 8758
5392 3549
5396 3356
49605
701 2497 174 1280 7738 23148
12859 42708 50304
41722
6453 174
15435 1299
2497 4777
9304
3303 35054
12586 48039 13101
25227
22652
4809 22381
6661 174 24611
6667 1273
12654 50304
52888 1251
7738 8167 1239
1251 20080
12874 3356
8732 1299
23148 25152
59689 30781
38930 1299 8283
198249 13030
8758 6830
30844 6939
35054
16347
1136
8447
64396 174
8359 3356
8455
52720 3549
8283
3267 1299
29222 174
6939
25435 47176
327995 37271
51185 3356
37239 42708
50763 8943
28329 6762
513 6830
13030 34288 34781 1299 58299
13237 1299
9002
22548 3549
8218 6461
6830 174 6830
2613 6893
1221 4637 4608
20932 174
20485 50304
4637 1299
12637
8468 3549
174 51395 6762 1299 12956 3356 24482 45896 6461
25220 3356
30781 34019
8943 1299
22381
6762 1299
35699
24611 51405
8596 48039
37497 50304
16735 3549
47176 3356
34288
34177 3356
20080
15547 1299
1239 1299
41617
4608
37468 1299
1916
47872 1299
13193 49463 1299
51405
31424
1103
37271 1299
25152
327960
51395
48039
23106 3549
553 3356
6893 25091
14361 3356
62567 1299
9189
25091
7575
42708 42708 50304 1299 13101
50300
50304 50304 1299 57381
29075 198385 1299
1299 1299 12350 1273 3356 680
58299
12350
13101
29140
34019
12956
8167 25933
202194 198385
1273
34781
198385
25160 3356
8607
28513
3356 3549
24482
45896
1280
263584
4777
49463
6461
3549
4589
25933
680
57381
