#src/zombie.py
# GMT Thu May 10 09:30:58 2018
# 
8426 3356
31463 56730 2914
15605 12874
25074 3356 9189
59891 51395
8387 3320 1764 12654
28917 8359 39821 174
18881 12956 61568
3491 2914
3320 8222 8447 6762 1273 701 13237 29075 3356 2914 3303 1764
7018 174
262757 4230
52863 6762
59414 6830
58308 29152
39821
20562 1764
196621 57118 8758 15576
327782 327960 37100
57821 12586
3252 9002
29691 198249 15576
3257 12956 174 13237
30132 12859
263321 61568 263584
53070 22381
13002 25091 20764
14061 2914
19151 25152 174 2914
286 1103 701
8220 5511 15547 8758
8222
2914 8607 12637 62567 174 30781 8943 7575 34177 20080 8455 9002 47872 1280 29686 2497 4589 29140 13237
31261 3216 41617
3333 1136
24785 24785 174 1136
41497 174
5511 174
20764 25227 41722 174 8732
12779 174
4230 174
41095 3356
29686
2497 4777
56730
12307 57118
6720 8447
37100 13237
28220 3549
198290 6661
29608 174
20612 31424
20932 3356
57118
5396 6762
701
12859 13237
41722
6453 174
15435 1299
29680 174
48526 3303
9304 174
3303 34019 12874 15576 29222
12586 48039 13101
25227
22652 3356
6661 174
6667 174
12654 13237 12654
52888 1251
7738 8167 1239
1251 20080
12874
8732 3356
8943 50763
49605 1764
38930 1299 8283
198249
8758
30844 13237
35054 3356
1239 174 4637
8447
1136
8359 3356
8455
10429 12956 23106
8283
29222
22381 12956
25435 47176
327995 37271
51185 174
37239 13237
52720 3549
33891 31424 13237 553
28329 3549
513 6830
13030 1299
13237 1299 37497 25220 24482 29226
9002
22548 16735
8218 49463 174 1764 24611
6830 174 6830
2613 6893
1221 4637 4608
5392 3549
30781 59689
4637
12637
174 51395 50300 198545 29075 35699 1299 12350 1916 12956 25160 3356 37468 64396 1764
25220
59689
3216 1273
6762 3356
24482
35699
29152 198545
29226 2895
24611 51405
8596 48039
37497
16735 3549
47176 15576
34288 15576
61568
34177
20080
15547
16347 29075
41617
4608
37468
1916
47872
2895
50763
51405
198545
31424
1103
25152
327960
51395
48039
23106
553
6893 25091
15576 41562
41562 198385
14361 3356
62567
9189
25091
7575
42708 1299 50304
50300
50304 57381
29075
1299 1299 680 3356
58299 1764
12350
13101 1764
29140
34019
12956
8167 25933
202194 198385
1273
198385
25160
8607
3356 45896 37271 3549 1764
64396
202032 1764
45896
1280
263584
4777
49463
37271
3549
4589
25933
680
1764
57381
