#src/zombie.py
# GMT Thu May 10 14:24:10 2018
# 
8426 3356
59891 51395
1853 6720 3356
15605 12874
25074 61157 9189
28917 174
3491 3356
3320 8220 8222 13193 6730 3356 7738 3303 61157
7018 174
262757 4230
52863 6762
48526 5511
39821 9002
20562 9002
196621 15576
327782 327960 37100
57821 12586
1836 13030
3252 174
29691 13030
3257 3356 12779 1103 22652 12586
30132 12859
263321 7738 263584
53070 22381
13002 25091 20485
14061 1299
19151 174
286 3356 1136 9002
8220 15547
8222
2914 7575 29686 50300 8455 3356 4589
202194 198385
3333 1136
41497 174
5511 3356
20764 12859 3216 37497 30844 41722 174 6661 12654 56730 8359 43100 8468 25227 8732 20764
12779
4230 3356
41095 3356
29686
29680 174
56730
2895 3267
6720
37100 12654
43100
28220 3549
198290 6661
29608 174
20612 9044
5392 3549
5396 3356
49605 1299
15623 58299 174
701 2497 3356 1280 7738 23148
12859 9002
41722
6453 3356
15435 1299
2497 4777
9304 174
3303 34019 29222 12874
12586
25227
22652
4809 22381 3549
6661 174 24611
6667 1273
12654 47872 9002
52888 1251
7738 8167
1251 20080
12874
8732 1299
23148 25152
30781 59689 3356
38930 1299 8283
198249 13030
8758 174
30844
35054 3356
1136
64396 174
8359 41617
8455
52720 3549
8283
3267 174
29222
22381
25435 47176
327995 37271
51185 174
37239 37468
50763 8943
28329 6762
513 6730
13030 34288 34781 1299 31424
13237 1299
9002 3216 51395 37271 8607 20485 25160 3356
22548 16735
8218 16347 174 1764
6830 3356 59622
2613 6893
1221 4637 4608
20932 1299
8943 1299
20485
4637 1299
12637 174
8468
174 174 29075 35699 1299 12350 52320 47872 47176 3356 37468 24482 1916 45896 29140
25220 3356
59689
3216 3216 3356
6762 3356 20080
35699
24611 51405
8596 1764
37497
52320 23106
16735 12956
47176
34288
34177 3356
59622 9044
15547
16347
41617
4608
37468
1916
47872 12956 1299
13193 49463
51405
31424
1103
8607
25152
327960
51395
23106
553 3356
6893 25091
15576 3356
14361 3356
62567 3356
9189
25091
7575
42708 1299 50304
50300
50304 1299 57381
29075 198385
1299 1273 3356
61157
58299
12350
29140
34019
12956 3356
8167 25933
1273
34781
198385
25160
6730 6730
3356 3356 3549 680
20080
24482
9044
45896
1280
263584
4777
49463
37271
3549
4589
25933
680
1764
57381
