#src/zombie.py
# GMT Thu May 10 13:10:40 2018
# 
8426 3356
31463 56730 6762
15605 12874
25074 3356 9189
59891 51395
28917 39821 174
18881 12956 61568
3491 28513 2914 2497
3320 8222 31133 8447 2497 25220 3303 33891
7018 701
262757 4230
52863 4809
59414 13030
29608 3356
39821
196621 57118 15576
327782 327960 37100
57821 12586
3252 174
29691 15576
3257 2497
30132 12859
263321 61568 263584
53070 10429
13002 25091 20764
14061 1299
19151 25152 174
286 1136 1103 2497 701
8220 5511 15547 15576
8222
2914 2914 4589 8607 37271 7575 701 2497 6762 12859 29686 8455 1299 9002 62567 174 13237 3356
31261 41617 31133
3333 1136
41497 174
5511 29075 701
20764 174 41722 25227 8732
12779 174
4230 28513
58308 29075
41095 2497
29686
2497 6661 701 4837 12654 6453 3356 20485 37100 14361 2516 13030
56730
12307 57118
6720 8447
37100
28220 3549
198290 6661
50763 8943
20612 8758
20932 3356
57118
5396 3356
701 12956 6939 701 1239 6453 174
12859
41722
6453 22652 37468 30844
8447
51405 24611
48526 174
9304 174
3303 34019 29222 12874
12586 1299
25227
22652
4809 4837
6661 24611
6667 174
12654
52888 1251
7738 8167 1239
1251 20080
8732 3356
49605 3356
38930 174 8283
198249 15576
8758 15576
30844
35054 3356
1136
1239
8455
10429 12956
8283
29222
6939 1280
25435 47176
29226 2895 20485
51185 174
37239 37468
52720 3549
33891 31424 553
28329 3549
513 6730
13030 58299 1299
13237
9002
22548 16735
8218 59689 16347 174 49463 1764
12874
2613 6893
1221 4637 4608
5392 174
20485
4637 1299
12637 174
174 51395 174 50300 35699 12350 16735 64396 25160 6730 37468 24482 1916 47872 29680 29140
25220
59689
8943 1299
6762 20080
35699
24611
8596 1764
52320 1299 23106
16735
47176 15576
34288 15576
61568
34177 3356
20080
15547
16347
41617
31133
4608
37468
1916
47872
2895
4837 4837
31424
1103
2516 4777
8607
25152
327960
51395
23106
553
6893 25091
15576 41562
41562 198385
14361
62567
9189
25091
7575
50300
50304 1299 57381
29075
1299 15435
58299
4589
12350
29140
34019
12956
8167 25933
202194 198385
327995 37271
198385
25160
6730 6730
28513
3356 45896 37271 3549 3356 680
64396
24482
29680
45896
1280
263584
4777
49463
37271
3549
15435
25933
680
1764
57381
