#src/zombie.py
# GMT Thu May 10 14:05:50 2018
# 
8426 3356
31463 56730 3356
15605 12874
25074 61157 9189
59891 51395
28917 8359
18881 12956 61568
3491 174
3320 8220 8222 6730 3356 61157 174 3303
7018 174
262757 4230
52863 6762
59414 13030
58308 29152
39821 9002
20562 9002
196621 15576
327782 327960 37100
57821 12586
3252 9002
29691 57118 15576
3257 22652 51395 29680 41497 174 12779
30132 12859
263321 61568 263584
53070 22381
13002 25091 41095
14061 1299
19151 174 2914 12654
286 174 1103
8220 15547 15576 9002
8222
2914 13237 12637 30844 29686 29140 20080 35699 8455 4589 9002 37100 174 198290 1916
31261 3216 41617
3333 1136
24785 24785 1299 1136
41497
5511 48526 174
20764 41722 3216 25227
12779
4230 174
41095 3356
29686
4134 4809 701
29680
56730
2895 3267
12307 57118
6720 8447
37100
28220 3549
198290
29608 3356
20612 8758
20932 174
57118
5396 6762
49605 174
701 174 1280 2497 7738
12859 9002
41722
6453 174 24482
15435 1299
2497 4777
48526
9304 174
3303 34019 12874 35054 15576 9002
12586 48039 13101
25227
22652
4809 22381
6661 9002 24611
6667 1273
12654 9002
52888 1251
7738 8167
1251 20080
30781 59689 3356
38930 174 8283
198249 15576
8758 15576
30844
35054
1136
8447 1299
64396 174
8359 3356
8455
10429 12956 23106
8283
3267 174
29222 174
22381
25435 47176
327995 37271
51185 174
37239 37468
52720 3549
50763 8943
28329 3549
513 6730
13030 58299 1299 31424
13237
9002 13101 20940 8607 3356
22548 16735
8218 6461
12874
2613 6893
1221 4637 4608
5392 3549
8943 8943 1299
4637 1299
12637
174 50300 6762 1299 12350 12956 16347 3356 37468 25160 6461 198545
25220 3356
59689
3216 1273
6762
35699
29152 198545
24611 51405
8596 48039
37497 20940
16735 12956
47176 15576
34288 15576
20940
61568
34177 3356
20080
15547
16347
41617
4608
37468 1299
1916
47872 3356
13193 13193 49463 1299
51405
198545
31424
1103
37271 1299
8607
25152 1273
327960
51395
48039
23106
553 3356
6893 25091
15576 41562
41562 198385
14361 3356
62567 1299
9189
25091
7575 6461
42708 1299 50304 57381
50300
50304
29075 198385 1299
1299 1273 1299 680
61157
58299
12350
13101
29140
34019
12956 3356
8167 25933
202194 198385
1273
198385
25160
6730 6730
3356 3549 45896
24482
45896
1280
263584
4777
49463
6461
3549
4589
25933
680
57381
