#src/zombie.py
# GMT Thu May 10 13:11:23 2018
# 
8426 5413
31463 56730 21396
15605 12874
25074 3356 9189
59891 51395
28917 8359
3491 2914
3320 8222 3356 2914 33891 8447
7018 6762
262757 16735
52863 6762
59414 6830
29608 3356
39821 9002
20562 25220
196621 57118 8758 15576
327782 327960 37100
57821 12586
3252 174
29691 15576
3257 1103 22652 6762
30132 12859
263321 7738 263584
53070 22381
20965 11537 680
13002 25091 41095
19151 174
286 1299
8220 8758 25220 15576 15547
8222
2914 30781 47872 174 16347 5413 37271 701 29686 4134 34177 20080 35699 8455 3356 9002 12654 25220 13237
31261 12389 41617
3333 1136
24785 24785 174 1136
41497 174
16265 38930 5413
41095 5413
20764 41722 25227 8732
12779 5413
14061 1299
58308 29152
12389 1299
29686
4134 4809
29680 8928
56730
12307 57118
6720 8447
37100 31025
28220 12956
198290 6661
50763 8943
20612 8758
20932 174
57118
5396 3356
49605 5413
701 7738 1280 2497 6762
12859 25220
41722
6453 6762
8447
2828 23148 5413 52320
2497 4777
48526 5413
9304 174
29551 25220 31025
3303 34019 12874 35054 6762 29222 174
12586 48039 13101
25227
22652
5413 6830 8607 62567 8943 42708 50300 12654 8928 20940 8359 9002 21396 4637 13030
4809 22381
6661 174 25220 24611
6667 174
12654 680 25220 6762
52888 1916
7738 1299 8167
12874
8732 1299
30781 59689
38930 8283
198249 13030
8758 6830 15576
30844 25220
35054
29140 174
1136
64396 174
8359
8455
52720 3549
8283
3267 2895 174
22388 7660 11537
29222
22381
25435 47176
327995 37271
51185 3356
24490 7575 24489
37239 37468
33891 553
23148 25152
513 6830
13030 58299 31424
13237
9002
22548 16735
8218 174
6830 6830
2613 6893
1221 4637 4608
5392 174
4637
12637 174
174 49463 51395 6762 15435 174 29075 12350 25160 37468 24482 1916 37271 198545
25220 3356 37468 25220 1299
59689
8943 8943
6762 12956 1299 3356
35699
29152 198545
24611 51405
8596 48039
37497 20940
52320 16735 23106
16735 12956
47176 15576
34288 15576
20940
34177
31025 13101
20080
15547
16347
41617
4608
37468
1916 27750
47872
2895
11537 27750
51405
198545
31424
1103
25152
9270 9270 7660 24489
327960
51395
48039
23106
553
6893 25091
15576
14361 3356
62567
9189
25091
7575
42708 50304
50300
50304 57381
29075 198385
1299
58299
4589 8928
12350
13101
8928
34019
12956
8167 25933
202194 198385
28329 3549
198385
25160
8607
3356 45896 3549 3356 680
24489 24489
7660
24482
45896
1280
263584
4777
49463
37271
3549
27750
21396
15435
25933
680
57381
