#src/zombie.py
# GMT Thu May 10 04:26:34 2018
# 
8426 6453
31463 56730 2914
15605 12874
59891 51395
28917 8359 39821 174
3491 174 12389 6762
3320 8222 8422 13193 6762 6730 8447 33891 174 25220 3303
7018 174
262757 52720
52863 4809 6762 12654
48526 5511
8422 9189
58308 29152
39821
196621 15576
327782 327960 37100
57821 12586
1836 13030
3252 174
29691 198249 15576
3257 4589 174 31122
30132 12859
29076 2895 12389
53070 10429
13002 25091 20764
19151 174
286 174 1103
8220 15547 3356 8758 15576
8222
2914 47872 7575 12637 29686 37271 50300 4134 6762 29140 20080 12859 35699 8455 9002 34177 9304 62567 8607 13237 1916
31261 12389 41617
3333 1136
24785 24785 41095 1136
41497 174
5511 30781 6762
41095 3356
20764 3216 25227
12779 174
14061 1299
12389
29686
4134 4809 12956 1273 9505
29680 174
56730
2895
6720 8447
37100 174
28220 52720
198290 6661
29608 3356
20612 8758
20932 3356
5396 3356
49605 3356
701 6762 174 7738 2497 23148
12859
6453 5392 174 24482
15435 1299
2497 4777
9304
3303 29222 12874 35054
12586 48039 13101
25227
30844 6939
4809
6661 174 24611
6667 1273
12654 52720 1916
52888 1251
7738 8167
1251 20080
12874
23148 25152
30781 59689
198249
8758 15576
22652 1299
31122
35054
1136
8447
64396 174
8359 3356
8455
10429 12956 23106
9002
29222
6939 1280 51395 1299 52720 1916
327995 37271
6421 9505 36937
51185 3356
37239 36937
52720 263584 14840 53067 3549
33891 31424 553
28329 6762
513 6730
13030 58299 34781 1299
13237
22548 16735
8218 6461
49463 13193
2613 6893
1221 4637 4608
5392
8943 1299 50763
4637 1299
12637
8468 1273
174 6762 1299 13101 12956 25160 1916 37271 16347
25220
59689
3216 1273
6762 6461 3356 1299
35699
29152 3356
24611 51405
8596 48039
37497 1299
52320 16735 1299
14840
16735
34288 15576
34177
20080
15547
16347
41617
4608
1916 1916
47872
13193
50763
51405
31424
1103
37271
8607
36937
25152
327960
51395
48039
53067
23106
553
6893 25091
15576 41562
41562 198385
14361 3356
62567
9189
25091
7575
42708 1299 50304
50300
50304 57381
29075 1299
1299 1273 1299 12350 680
58299
12350
13101
29140
12956
8167 25933
202194 198385
1273
34781
198385
25160
6730 6730
3356 45896 3549
9505
24482
45896
1280
263584
4777
6461
3549
4589
25933
680
57381
