#src/zombie.py
# GMT Thu May 10 11:25:16 2018
# 
8426 3356
31463 56730 50300
15605 12874
25074 3356 9189
59891 51395
28917 174
3491 2497
3320 8222 8447 3303 2497
7018 701
262757 4230
52863 6762
59414 13030
39821 9002
196621 15576
327782 327960 37100
57821 12586
1836 13030
3252 174
29691 15576
3257 2497
30132 12859
263321 7738 263584
53070 10429
13002 25091 20764
14061 1299
19151 25152 174
286 701
8220 5511 15547
8222
2914 47872 2914 8607 37271 50300 16347 701 2497 6762 12859 29686 8455 1299 4589 62567 174 25220 13237
31261 41617 31133
3333 1136
24785 24785 6939 1136
41497 174
5511 48526 701
41095 2497
20764 41722 8732
12779 174
4230 3356
8447 6720
29686
2497 2603 1239 6661 701 12654 10026 6453 3356 9002 14361 2516 13030 3303
56730
6720
37100 3356
28220 12956
198290 6661
29608 3356
20612 8758
5392 174
5396 6762
49605 3356
701 12956 701 6453 174
12859
41722
6453 37468 38930 30844
15435 1299
29680 174
48526
9304 174
3303 34019 12874 15576
12586 1299
25227 31133
30844
6661 174 24611
6667 1273
12654
52888 1251
7738 1299 8167 1239
1251 20080
8732 1299
30781 59689 3356
38930 8283
198249 15576
8758 15576
22652 3356
2603 3267 1103
16347
1136
64396 174
8455
10429 12956
8283
3267 2895
6939 1299
25435 47176
327995 37271
51185 3356
37239 37468
52720 3549
50763 8943
28329 6762
13030 34781 58299 1299 31424
13237
9002
22548 16735
8218 174
12874
2613 6893
1221 4637 4608
4637 1299
12637 174
10026 7575
174 49463 51395 48039 553 174 29075 35699 52320 50300 25160 37468 24482 1916 1280 29140
25220
59689
8943 1299
6762 20080
35699
24611 51405
8596 48039
52320 16735 23106
16735
47176 15576
34288 15576
34177 3356
20080
4777 2516
1239
41617
31133 1299
4608
37468
1916
47872
2895
51405
31424
1103
2516
25152
327960
51395
48039
23106
553
6893 25091
15576 41562
41562 198385
14361
62567
9189
25091
7575
42708 1299 50304 57381
50300
50304
29075
1299 1273
58299
29140
34019
12956
8167 25933
202194 198385
1273
34781
198385
25160
8607
3356 45896 3549 3356 680
24482
45896
1280
263584
15547
49463
37271
3549
4589
25933
680
57381
