#src/zombie.py
# GMT Thu May 10 04:15:22 2018
# 
8426 3356
31463 56730 3356
15605 12874
59891 51395
28917 8359
3491 3356
3320 8220 6730 8222 2914 13193 6661 8447 7738 3320 3356 33891 8422 513 25220 3303 1764
7018 3356
262757 4230
52863 6762
48526 3356
8422 9189
58308 29075
39821 9002
20562 41095
196621 15576
327782 327960 37100
57821 12586
1836 13030
3252 34019 3252 174 12654
29691 6730 198249
3257 22652 31122 29680 3356 4589 1103
30132 12859
29076 2895 12389
53070 10429
13002 25091 20764
14061 3356
19151 25152 174 2914
286 174
8220 15547 8758
8222
2914 7575 29686 50300 16347 8607 20080 35699 8455 3356 9002 62567 13237 1916
263321 7738 263584
31261 12389 41617
3333 1136
24785 24785 174 1136
41497 174
41095 3356 37100 12654
20764 174 30844 50304 37497 12654
12779 174
4230 174
12389 174 25227
29686
29680
56730
2895
6720 8447
37100
28220 12956
198290 6661
50763 8943
20612 31424
5392 3549
5396 3356
49605 3356
701 3356 1280 2497
12859 9002
6453 3356
8447
2497 4777
9304 174
3303 29222 12874 15576
12586 13101
25227
22652
6661 24611
6667 174
12654 9002
52888 1251
7738 8167
1251 20080
30781 59689 3356
38930 1299 8283
198249
8758
30844
34781 13030
35054 3356
1136
64396 174
8359 3356
8455
10429 12956 23106
8283
29222
51185 174
37239 37468
52720 3549
33891 31424 553
28329 6762
513
13030 1299
13237
9002 3356 4637
22548 16735
8218 174
12874
2613 6893
1221 4637 4608
20932 1299
4637
12637 174
8468 3549
174 51395 174 29075 1299 58299 12350 13101 16735 25160 3356 37468 24482 45896 29140
25220
59689
8943 1299
6762 3356 20080
35699
24611 51405
8596 8596 1764
37497
16735
34288 15576
34177 3356
20080
15547
16347
41617
4608
37468
1916
47872 3356
13193 49463
51405
31424
1103
8607
25152
327960
51395
23106
553
6893 6730
15576 41562
41562 198385
14361 3356
62567
9189
25091
7575
50300
50304 57381
29075 1299
1299 15435 3356
58299
4589
12350
13101
29140
34019
12956 3356
8167 25933
202194 198385
327995 37271
31122
198385
25160
6730
3356 3356 37271 3549 680 29608
29608
24482
45896
1280
263584
4777
49463
37271
3549
15435
25933
680
1764
57381
