#src/zombie.py
# GMT Thu May 10 11:12:43 2018
# 
8426 3356
31463 56730 3356
15605 12874
25074 61157 9189
59891 51395
28917 8359
3491 174
3320 8220 8222 6830 13193 6661 31133 7738 8447 33891 25220 3303 1764 61157
7018 174
262757 28666
52863 6762
24490 7575 24489
58308 29075
39821 9002
20562 2603
196621 15576
327782 327960 37100
57821 12586
1836 13030
3252 174
29691 198249 15576
3257 51395 29680 41497 4589 12637 9304 174 12779
30132 12859
7738 263321 8167
53070 10429
20965 559 513 11537 680
13002 25091 20764
19151 2914
286 174
8220 15547
8222
2914 29686 50300 8607 2497 12859 35699 9002 174 29140
263321 263584
2500 4777 7660 2500
31261 41617 31133
3333 1136
24785 24785 41095 1136
41497
5511 48526 29075 174
20764 41722 25227 8732
12779
14061 1299
41095 3356
29686
262589 28666 1239
29680
56730
2895 3267
6720 8447
37100 6453
43100 35054
28220 12956
198290 6661
29608 3356
20612 31424
20932 1299
5396 6762
49605 9002
8607
12859 2603
41722
6453 174
15435 1299
2497
48526
9304
3303 29222 12874 15576
12586 13101
25227
22652 174
6661 24611
6667 1273
12654 35054 513
52888 1251
31424 33891
1251 1916
12874
8732 1299
30781 59689 3356
198249
8758 15576
30844 21320
2603 34019 37271 1299 21320 3267 37468
35054 6730 3356 58299 6939 202032
1239 174
1136
8359 3356
8455 1299
10429 12956 23106
21320 9002 513 20940
3267
24130 7545 4608
22388 7660 11537
29222
6939 25152 7545 1280
25435 47176
327995 37271
51185 3356
37239 37468
52720 3549
33891 553
28329 6762
513 6830 559 6730 513 174
13030 34781 1299
7545
9002
22548 16735
8218 6461
6830
2613 6893
5392 3549
12637
8468 1273
174 6762 1299 13101 12956 34177 16347 3356 64396 24482 45896 6461
25220
59689
8943 1299 50763
6762 20080
24482
35699
28666
24611 51405
8596 8596 1764
37497 20940
16735 12956
47176 15576
34288 15576
20940
34177
20080
15547
16347
41617
31133
4608
37468 1299
1916 27750
47872 1299
13193 49463
11537 1103 27750
50763
51405
8447
1103
37271
25152
9270 9270 7660 24489
327960
559
51395
23106
553
6893 25091
15576 41562
41562 198385
14361 3356
62567 1299
9189
25091
7575
42708 1299 50304 57381
50300
50304
29075 1299
1299 1273 12350 13237
61157
58299
12350
13101
29140
34019
12956
8167 25933
202194 198385
1273
34781
198385
25160 3356
6730 6730
3356 3549
24489 24489
7660
64396
202032
45896
1280
263584
4777
49463
6461
3549
27750
13237
4589
25933
680
1764
57381
