#src/zombie.py
# GMT Thu May 10 13:11:46 2018
# 
8426 6453
31463 56730 3356
15605 12874
25074 3356 9189
59891 51395
8387 3320 1764 12654
28917 8359 39821 174
18881 12956 61568
3491 2914
3320 8222 8447 6461 701 13237 3356 2914 174 3303 1764
7018 174
262757 16735
52863 6762
59414 13030
58308 29152
39821
20562 6461
196621 57118 15576
327782 327960 37100
57821 12586
3252 174
29691 13030
3257 9304 6461 41497 12637
30132 12859
7738 1299 8167
53070 10429
13002 25091 20485
19151 174
286 1103 701
8222
2914 20080 8607 3356 4589 174 13237 1764
263321 61568 263584
31261 12389 41617
3333 1136
24785 24785 1299 1136
41497
5511 30781 48526 701
41095 13237
20764 41722 25227 8732
12779 174
14061 1299
12389 1299
29686 6453
2497 4777 701
56730
2895 29226
12307 57118
6720 8447
37100 174
28220 12956
198290 174
29608 3356
20612 31424
20932 3356
57118
5396 3356
701
12859 13237
41722
6453 5392 22652 29075 198545 62567 37468 174
15435 1299
29680 174
48526
9304
3303 34019 12874 35054 15576 29222
12586 48039 13101
25227
22652
6667 1273
12654 13237 12654
52888 1251
31424 33891
1251 20080
12874
8732 1299
49605 1299
38930 174 8283
198249 15576
8758 15576
30844 13237
35054
1136
64396 174
8359 3356
8455 1299
10429 12956 23106
8283
29222
25435 47176
327995 37271
51185 174
37239 37468
52720 52873
33891 13237 553
28329 3549
513 6830
13030 34288 1299 58299
13237 1299 37497 25220 24482 29226
9002 3356
22548 16735
8218 6461 16347 24611 174 202032 1764
6830 174 15547 6830
2613 6893
1221 4637 4608
5392
30781 59689
20485 1299
4637 1299
12637
174 51395 174 50300 6762 35699 1299 12956 209 3356 37468 1916 37271 29140 1764
25220
59689
8943 1299 50763
6762 20080
24482
35699
29152 198545
29226
24611 51405
8596 48039
37497
52320 16735 1299
16735 1299
47176 15576
34288
61568
34177 3356
20080
15547
16347
41617
4608
37468
1916
47872 1299
13193 49463 1299
50763
51405
198545
52873 12956
8447
1103
37271
25152 1273
327960
51395
48039
23106
553
6893 25091
15576 41562
41562 198385
14361 209
62567
9189
25091
7575 6461
42708 1299 50304
50300
50304 57381
29075 1299 198385
1299 1299 12350 12956 1273 25160 3356 1280 680
58299
12350
13101 1764
29140
34019
12956
8167 25933
209
202194 198385
1273
198385
25160
8607
3356 45896 3549 1764
202032
45896
1280
263584
4777
49463
6461
3549
4589
25933
680
1764
57381
