#src/zombie.py
# GMT Thu May 10 10:35:40 2018
# 
8426 3356
31463 56730 50300
15605 3356
25074 61157 9189
59891 51395
28917 39821 174
3491 28513 2497
3320 8220 8222 701 2497 8447 61157 3303
7018 701
262757 4230
52863 6762
59414 6830
39821
196621 15576
327782 327960 37100
57821 12586
1836 174
3252 174
29691 15576
3257 2497
30132 12859
263321 7738 263584
53070 10429
13002 25091 41095
14061 1299
19151 174
286 1103 701
8220 15547 15576
8222
2914 8943 2914 29686 8607 701 2497 6762 12859 8455 1299 4589 9002 62567 174 13237
31261 41617 31133
3333 1136
24785 24785 41095 1136
41497 174
41095 3356 2497
20764 41722 8732
12779 174
4230 28513
8447 6720
29686
2497 6830 6661 701 12654 10026 6453 3356 7738 37100 14361 2516 13030
56730
6720
37100
28220 12956
198290 6661
29608 3356
20612 8758
5392 174
5396 3356
701 12956 1280 6461 701 1239 6453 1299 23148 174
12859
41722
6453 22652 30844
15435 174
29680 174
48526 174
9304 174
3303 34019 29222 35054 15576
12586 1299
25227 31133
30844
6661 174 24611
6667 174
12654
52888 1251
7738 8167 1239
1251 20080
8732 1299
49605 174
38930 174 8283
198249 15576
8758 15576
22652
35054
1136
1239
8455
10429 12956
8283
3267 2895 3356
29222
25435 47176
327995 37271
51185 174
37239 37468
52720 3549
50763 8943
28329 6762
13030 58299 31424 1299
13237
9002
22548 16735
8218 59689 6461 16347 174 49463
6830
2613 6893
1221 4637 4608
20932 174
4637 1299
12637 174
10026 7575
174 51395 553 174 50300 29075 35699 12350 52320 34177 25160 37468 64396 24482 1916 47872 37271 29140 1764
25220 3356
59689
8943
6762 20080
35699
24611 51405
8596 1764
52320 16735 23106
16735
47176 15576
34288 15576
34177
20080
15547 34781
16347
41617
31133 1299
4608
37468
1916
47872
2895
51405
31424
1103
6461
2516 4777
25152 23148
327960
51395
23106
553
6893 25091
15576 3356 41562
41562 198385
14361
62567
9189
25091
7575
42708 1299 50304
50300
50304 57381
29075
1299
61157
58299
12350
29140
34019
12956
8167 25933
202194 198385
23148
34781
198385
25160
8607
28513
3356 45896 3549 3356 680
64396
24482
45896
1280
263584
4777
49463
37271
3549
4589
25933
680
1764
57381
