#src/zombie.py
# GMT Thu May 10 08:46:58 2018
# 
31463 56730 21396 50300
8426 3356
15605 12874
25074 3356 9189
59891 51395
28917 174
3491 3257
3320 8220 13193 8222 3303 3257
7018 3257
262757 16735
52863 6762
59414 13030
58308 29152
39821 9002
20562 2603
196621 15576
327782 327960 37100
57821 12586
1836 13030
3252 174
29691 15576
3257 701 12956 2914 5396 22652 37271 1239 8447 6762 12859 6453 1299 29680 5511 174 12586 3356 286
30132 6939
263321 7738 263584
53070 22381
13002 25091 41095
19151 25152 174
286 12859 2914 1103
8220 15547 12859 15576
8222
2914 7575 8607 8455 4589 29140 14361
31261 3216 41617
3333 1136
24785 24785 41095 1136
41497 174
29551 1299 25220
5511 48526
20764 41722 3216 25227
12779 174
14061 1299
41095 12859
29686 6453
2497 4777 701
56730
2895 3267
6720 8447
37100 12859
28220 12956
198290 174
29608 3356
20612 8758
20932 174
5396
49605 174
15623 58299 12859
701 7738
12859 30781 37497 30844 2603 42708 6661 34177 12654 21396 37239 9002 16347
41722
6453
15435 1299
29680
48526
9304 174
3303 34019 29222 174 12874
12586
25227
22652
5413 12654
4809 22381 1239
6661 24611
6667 1273
12654 8455 1103
52888 1251
7738 8167 1239
1251 20080
12874
30781 59689
38930 1299 8283
198249 15576
8758 15576
30844
2603 3267 1103
35054 3356
1239 4637
8447
1136
8455 1299
52720 3549
8283
3267
29222
22381
25435 47176
327995 37271
51185 174
37239
50763 8943
28329 6762
13030 1299 31424
13237 1299
9002
22548 16735
8218 174
49463 13193
2613 6893
1221 4637 4608
5392 174
8943 1299
4637
12637 174
174 553 15576 29075 35699 1299 12350 52320 47176 64396 25160 37468 24482 1916 47872 198545 1764
25220
59689
3216 1273
6939 1299 51395
6762 20080
35699
29152 198545
24611 51405
8596 1764
37497
52320 16735 23106
16735 1299
47176
34288 15576
34177
20080
15547
16347
41617
4608
37468
1916
47872
13193
51405
198545
31424
1103
25152
327960
51395
23106
553
6893 25091
15576 41562
41562 198385
14361
62567 1299
9189
25091
7575
42708 50304
50300
50304 57381
29075 198385 1299
1299 1280 1273
58299
12350
29140
34019
12956
8167 25933
202194 198385
1273
198385
25160
8607
3356 45896 3549 3356 680
64396
24482
45896
1280
263584
4777
37271
3549
21396
4589
25933
680
1764
57381
