#src/zombie.py
# GMT Thu May 10 10:03:33 2018
# 
8426 3356
31463 56730 6762
6661 13237 24611
15605 12874
25074 61157 9189
59891 51395
8387 3320 1764 12654
28917 8359
3491 3257
3320 701 8218 25091 44530 8222 3303 29075 34019 61157 34177 8220 29222 174 13237 3216
7018 174
262757 4230
52863 4809
59414 13030
58308 29075
39821 9002
20562 6461
196621 8758
327782 327960 37100
57821 12586
29467 44530 198290 29467
3252 174
29691 57118 15576 198249
3257 22652 29686 3356 1103 174 13237
30132 12859
263321 7738 263584
53070 22381
14061 1299
19151 25152 174
286 174
8220 15547
8222
2914 37271 8607 1299 8455 3356 4589 9002 62567 174 13237
31261 3216 41617
3333 1136
24785 24785 174 1136
41497 174
20764 174 41722 25227 8732
12779 174
4230 701
41095 3356
29686
4134 4809 701
29680 174
56730
12307 57118
6720 1853
37100 174
28220 3549
198290
29608 3356
20612 31424
5392 174
57118
5396 3356
701 1280 2497 7738 174 3356
12859 13237
41722
6453 174
15435 174
2497 4777
48526 3303
9304 174
3303 35054 12874 15576
12586 13101
25227
22652
4809 22381
1853 1764
6667 174
12654 13237 12654
52888 1251
7738 8167
1251 20080
8732 1299
49605 174
38930 174 8283
198249
8758 15576
30844 13237
35054
1136
64396 174
8359 3356
8455
52720 3549
8283
29222
22381
25435 47176
29226 2895 3216
51185 174
37239 37468
33891 31424 13237 553
28329 3549
513 6730
13030 58299 1299
13237 1299 37497 25220 24482
9002
22548 16735
8218 59689 49463 6461 16347 1764
12874
2613 6893
1221 4637 4608
20932 174
8943 1299 50763
4637 1299
12637 174
174 51395 174 50300 6762 35699 1299 12350 52320 16735 25160 6730 3356 37468 1916 47872 6461 29140 1764
25220
59689
3216
6762 3356 20080
24482
35699
24611 51405
8596 8596 1764
37497
52320 16735 23106
16735
47176 15576
34288 15576
34177
20080
15547
16347
41617
4608
37468
1916
47872
2895
50763
51405
31424
1103
37271 327995
8607
25152
327960
51395
44530
23106
553
6893 25091
15576
14361 3356
62567
9189
25091
7575 6461
42708 1299 50304
50300
50304 57381
29075 198385
1299 1299 680
61157
58299
12350
13101 1764
29140
34019
8167 25933
202194 198385
327995
198385
25160
6730 6730
3356 45896 3549 1764
202032 1764
45896
1280
263584
4777
49463
6461
3549
4589
25933
680
1764
57381
