#src/zombie.py
# GMT Thu May 10 14:23:43 2018
# 
8426 6453
31463 56730 3356
15605 12874
25074 61157 9189
59891 51395
8387 3320 9002 1764 12654
28917 8359
18881 12956 61568
3491 3356
3320 12956 8447 6762 8222 701 6453 3356 61157 174 3303 1764
7018 3356
262757 16735
52863 6762
59414 6830
58308 29075
39821 9002
20562 6461
196621 57118 15576
57821 12586
3252 9002
29691 15576
3257 174
30132 12859
263321 61568 263584
53070 22381
13002 25091 41095
19151 174
286 1103 701
8220 15547 3356
8222
2914 4713 6461 6453 20080 8607 8455 1299 4589 174 13237 1764
31261 12389 41617
3333 1136
24785 24785 3356 1136
41497 174
5511 30781 701
41095 13237
20764 41722 25227 8732 3356
12779 174
14061 3356
9002 49605 3356
12389 1273
29686 6453
4134 4809 174
29680 174
56730
12307 57118
6720 8447
28220 12956
198290 6661
50763 8943
20612 8758
20932 3356
57118
5396 3356
49605
15623 58299 3356
701 1280 2497 174
12859 13237
41722
6453 62567 174 36937
8447
2497 4777
48526 3303
9304 174
3303 34019 12874 35054 15576 29222
12586 48039 13101
25227
22652 3356
4809 22381
6661 174
6667 1273
12654 13237
52888 1251
7738 8167 1239
1251 20080
12874
8732 3356
30781 59689
38930 1299 8283
198249 15576
8758 6830
30844 13237
2603 21320 13237
35054
1136
1239 174
8359 3356
8455
52720 3549
8283
3267 2895 174
29222
22381
25435 47176
327995 37271
51185 3356
37239 37468
29608 3356
28329 3549
513 21320
13030 31424 1299
13237 1299 37497
21320
22548 16735
8218 6461 174 1764 24611
6830 174
2613 6893
1221 4637 4608
5392 3549
4637 1299
12637 174
174 50300 49463 174 6762 35699 1299 12350 3356 37468 64396 24482 1916 6461 29140 1764
25220 3356
59689
8943 1299
6939 3356 51395
6762 20080
202032 1764
35699
24611 51405
8596 48039
37497
52320 16735 1299 23106
16735 12956
47176 3356
34288 15576
61568
34177 3356
20080
15547
16347 3356
41617
4608
37468
1916
47872 3356
2895
51405
31424
1103
37271 1299
24482
36937 327693
25152 4713
327960 327693
51395
48039
23106
553 3356
6893 25091
15576
14361 3356
62567
9189
25091
7575 6461
42708 1299 50304
50300
50304 57381
29075 198385 1299
1299 15435 1273 1299 3356 680
61157
58299
4589
12350
13101 1764
29140
34019
12956
8167 25933
202194 198385
1273
198385
4777
25160 3356
8607
3356 45896 3549 1764
64396
327693
45896
1280
263584
4713
49463
6461
3549
15435
25933
680
1764
57381
