#src/zombie.py
# GMT Thu May 10 11:51:43 2018
# 
8426 3356
31463 56730 50300
15605 12874
25074 61157 9189
59891 51395
28917 1299
3491 174 12389
3320 13193 174 2914 3303
7018 174
6720 8447
52863 6762
48526 5511
58308 29152
39821 9002
196621 15576
327782 327960 37100
57821 12586
1836 20612 13030
3252 174
29691 13030
3257 174 4589 12779 29680
30132 12859
7738 1299 263321 8167 701
53070 22381
13002 25091 41095
19151 25152 13030 174 2914 6461
286 174 1103
8220 15547 3356 15576
8222 3356
2914 701 29140 7575 30844 29686 8607 6762 20080 12859 35699 3356 9002 14361 174 1916
263321 263584
31261 12389 41617
3333 1136
24785 24785 41095 1136
41497 174
29551 1299 25220
5511 174
41095 3356
20764 41722 3356
12779
14061 1299
12389 25227 29076
29686
4134 4809 701
29680
56730
2895 29076
262757 28666
37100 174
28220 12956
198290 6661
29608 3356
20612
5392 3549
5396 6762
49605 174
701 1280 2497 174
12859
41722
6453 174
8447 1299
2497 4777
9304 174
3303 29222 12874
12586 48039 13101
25227
22652 1299
4809 1299 28666 22381
6661 174 24611
6667 1273
12654 25152 6939
52888 1251
31424 13030
1251 20080
12874
30781 59689 3356
38930 1299 8283
327995 37271
8758 15576
30844
35054 3356
1239 174 4637
1136
8455 1299
52720 3549
8283
29222
22381
25435 47176
51185 3356
37239 37468
33891 3356 553
28329 6762
513 6730
13030 34288 202194
13237 1299
9002
22548 16735
8218 6461 16347
49463 13193
2613 6893
1221 4637 4608
20932 1299
4637
12637 174
8468 1273
174 6762 1299 37497 13101 12956 64396 3356 37468 24482 6461 37271
25220
59689
8943 1299 50763
6939 25152 1299 51395
6762
35699
29152 198545
28666
24611 51405
8596 48039
37497
52320 16735 1299 23106
16735 1299
47176 15576
34288
34177 3356
20080
15547
16347
41617
4608
37468 1299
1916
47872 1299
13193
50763
51405
198545 3356
15435 1299
1103
37271
8607
29076
25152
327960
51395
48039
23106
553
6893 25091
15576 41562
41562 198385
14361
62567 1299
9189
25091
7575
42708 1299 50304
50300 3356
50304 57381
29075 1299
1299 61157 12350 1273 6730
61157
12350
13101
29140
12956
8167 25933
202194
1273
198385
25160 3356
6730 6730
3356 45896 3549 3356 680
64396
24482
45896
1280
263584
4777
6461
3549
4589
25933
680
57381
