#src/zombie.py
# GMT Thu May 10 05:40:15 2018
# 
8426 3356
31463 56730 50300
6661 9002 24611
15605 12874
59891 51395
28917 8359
3491 174 3549 12389 9002 3491
3320 8222 2914 13193 6730 3356 8422 3303
7018 174
6720 1853
52863 6762
48526 3549
8422 9189
58308 29075
39821 9002
20562 9002
196621 15576
327782 327960 37100
57821 12586
1836 13030
29467 1299 197264
5580 50300 3257
3252 9002
29691 198249 15576
3257 5396 29686 37271 31122 8455 29680 41497 15435 4589 1103 12637 9304 51395 8468 174 25220 13237 29140
30132 12859
263321 7738 263584
53070 10429
13002 25091 41095
14061 1299
19151 174 2914 12654
286 174 1136
8220 15547 8758 15576 9002
8222
2914 6461 50300 8607 3356 9002 174
31261 12389 41617
3333 1136
41497
5511 29075 30781 3356 174
41095 3356
20764 3216
12779 174
4230 262757 701
12389 25227 12389
29686
29680
56730
2895 3267
262757
37100 9002
28220 12956
198290 197264
29608 174
20612 8758
5392 3549
5396
49605 174
701 1280 2497 7738 23148 174
12859 9002
6453 174 24482 3356 36937
15435
197264
9304
3303 29222 174 35054 12874
12586 48039 13101
25227
22652 174
1853 1764
6667 1273
12654 9002
52888 1251
7738 8167 1239
1251 20080
12874
23148 25152
30781 59689
198249
8758 15576
30844 9002
2603 1299 3267
34781 13030
35054
16347 174
1136
64396 174
8359 3356
8455
10429 12956 23106
9002 13101 3356 20940
3267
29222
2497 4777
327995 37271
51185 174
37239 36937
52720 3549
50763 8943
28329 6762
513 6730
13030 31424 1299
13237
22548 16735
8218 6461
49463 13193
2613 6893
1221 4637 4608
20932 1299
8943 1299
4637 174
12637
8468
174 174 6762 29075 35699 1299 58299 12350 12956 25160 1239 3356 1916 6461 680 1764
25220
59689
3216 1273
6762 20080
35699
24611 51405
8596 48039
37497 20940
52320 16735 1299
16735
34288 15576
20940
34177 3356
20080
15547
1239
41617
4608
1916
47872 1299
13193
51405
31424
1103
37271 1299
8607
36937
25152
327960
51395
48039
23106
553 3356
6893 25091
15576 41562
41562 198385
14361 3356
62567 1299
9189
25091
7575 6461
42708 1299 50304
50300
50304 57381
29075
1299 1273
58299
12350
13101
29140
12956
8167 25933
202194 198385
1273
31122
198385
25160
6730 6730
3356 45896 3549
24482
45896
1280
263584
4777
6461
3549
4589
25933
680
1764
57381
