#src/zombie.py
# GMT Thu May 10 11:19:54 2018
# 
8426 3356
31463 56730 50300
15605 12874
25074 61157 9189
59891 51395
28917 39821 174
3491 3257
3320 8220 61157 8222 3303 3257
7018 3257
262757 4230
52863 6762
59414 13030
39821
20562 1103
196621 15576
327782 327960 37100
57821 12586
1836 13030
3252 174
29691 198249 15576
3257 701 6453 8447 14361 174 25220 12586 6762 30132 1299 286 12956 2914 22652 8455 3356 5511 12859 37271
30132
7738 263321 701
53070 22381
13002 25091 20764
14061 1299
19151 174
286 12859 1103 2603
8220 15547 15576
8222
2914 7575 701 8607 12859 4589 9002
202194 198385
3333 1136
24785 24785 174 1136
41497 174
5511 30781
41095 12859
20764 41722 3216 25227
12779 174
4230 701
8447 6720
29686 6453
4134 4809 701
2497 4777 701
56730
6720
37100 6762
28220 12956 28220
198290 6661
29608 3356
20612 8758
5392 174
5396 6762
49605 174
15623 58299 12859
701 1280 23148
12859 30844 42708 37239 12654 8359 37497
41722
6453
15435 1299
29680 174
48526 174
9304 174
3303 34019 12874 35054 8455 29222
12586
25227
30844
5413 12654
4809 22381
6661 174 24611
6667 1273
12654 8455 1103
52888 1251
263321 263584
1251 20080
28329 6762
30781 59689
38930 1299 8283
198249
8758 15576
22652
2603 1103
35054
1136
64396 174
8359 41617
8455 1299
52720 3549
8283
3267 2895 174
29222
22381
25435 47176
327995 37271
51185 174
37239
50763 8943
23148 25152
13030 1299 31424
13237 1299
9002
22548 16735
8218 49463 16347 174 1764
12874
2613 6893
1221 4637 4608
20932 174
8943 8943 1299
4637 1299
12637 174
174 15576 174 50300 29075 35699 12350 47176 34177 25160 37468 24482 1916 47872 29140
25220
59689
3216 1273
6939 1299 51395
6762 20080
35699
24611 51405
8596 1764
37497
52320 16735 1299 23106
16735
47176
34288 15576
34177
20080
15547 34781
16347
41617
4608
37468
1916
47872
2895
51405
31424
1103
25152
327960
51395
23106
553 3356
6893 25091
15576
14361
62567 1299
9189
25091
7575
42708 50304
50300
50304 57381
29075 198385
1299 1273
61157
58299
12350
29140
34019
12956
1273
34781
198385
25160
8607
3356 45896 3549 3356 680
24482
45896
1280
263584
4777
49463
37271
3549
4589
680
1764
57381
