#src/zombie.py
# GMT Thu May 10 12:38:53 2018
# 
8426 3356
31463 56730 3356
1853 6720 3356
15605 12874
25074 3356 9189
59891 51395
28917 174
3491 174 12389
3320 8222 13193 6730 3356 7738 3303
7018 174
262757 28666
52863 6762
48526 3356
58308 29075
12779 37271 174 3303 30844 12654
20562 49605
196621 8758
327782 327960 37100
57821 12586
1836 20612 13030
3252 9002
29691 13030
3257 9304 174 1103
30132 12859
263321 7738 263584
53070 22381
13002 25091 20764
19151 174
286 3356
8222
2914 7575 29686 50300 16347 8607 20080 8455 4589 9002 174 13237 29140
31261 12389 41617
3333 1136
24785 24785 41095 1136
41497 174
41095 3356
20764 41722 3216
14061 1299
12389 25227
29686
4134 4809 701
29680 174
56730
2895 3267
6720
37100 3356
43100 49605
28220 12956
198290 6661
50763 8943
20612
5392 174
5396 6762
701 1280 2497 3356 7738 174
12859 49605
41722
6453 37468 174
15435 1299
2828 174 23148
2497 4777
9304
3303 35054 12874
12586 48039 13101
25227
22652 3356
4809 22381 28666 3549
6661 174
6667 1273
12654 49605
52888 1251
7738 8167
1251 20080
12874
28329 6762
49605 34019 25435 13101 51405 1299 3356 9002 202032 37497 13030 28929
38930 1299 8283
198249 13030
8758 174 6830
30844
2603 1299 3267
35054
3216 6762
1136
8455
52720 3549
8283
3267
29222 3356
22381
25435
327995 37271
51185 3356
37239 37468
39821 9002
29608 3356
23148 25152
513 6730
13030 34288 202194 34781 1299 58299 31424
13237
9002 3356 9002
22548 16735
8218 174
6830 174
2613 6893
1221 4637 4608
20932 174
30781 59689 3356
4637 1299
12637 174
8468 3549
174 51395 6762 35699 1299 12350 52320 64396 3356 37468 24482 1916 47872
25220 3356
59689
8943 1299
6762 20080 29075
24482
35699
28666
8596 48039
37497
28929
52320 16735 23106
16735 1299
34288
34177 3356
20080
15547 3356
16347
41617
4608
37468
1916
47872
13193 49463
51405
31424
1103
8607
25152
327960
51395
48039
23106
553 3356
6893 25091
14361 3356
62567 3356
9189
25091
7575
42708 1299 50304
50300
50304 1299 57381
29075 198385 1299
1299 1273 3356
58299
12350
13101
29140
34019
12956 3356
8167 25933
202194
1273
34781
198385
25160 3356
6730 6730
3356 3356 45896 3549 680
64396
202032
45896
1280
263584
4777
49463
37271
3549
4589
25933
680
57381
