#src/zombie.py
# GMT Thu May 10 05:40:15 2018
# 
8426 3356
31463 56730 6762
6661 2497 24611
15605 12874
59891 51395
28917 174
3491 28513 12389 3549 2497
3320 8222 8422 3303 2497
7018 701
262757 4230
52863 6762
48526 3549
8422 9189
58308 29152
39821 9002
196621 15576
327782 327960 37100
57821 12586
1836 13030
3252 9002
29691 198249 15576
3257 2497
30132 12859
29076 2895 12389
53070 10429
13002 25091 41095
14061 2914
19151 174
286 1103 701
8220 15547 8758 15576 2497
8222
2914 37497 2914 29686 6461 701 2497 8607 12859 8455 1299 4589 47872 5511 62567 174 13237
263321 7738 263584
31261 12389 41617
3333 1136
24785 24785 174 1136
41497 174
5511 30781
41095 3356
20764 3216
12779 174
4230 28513
12389 25227 12389
29686
2497 1273 701 12654 6453 3356 4637 9002 37100 14361 1239 2516 8928
56730
6720 1853
37100
28220 12956
198290 174
29608 3356
20612 8758
5392 174
29140 174
5396 6762
49605 3356
701 12956 1280 701 6762 6453 7738 23148 174
12859
6453 22652 36937 30844
15435 1299
29680 8928
9304 174
3303 174 29222 12874 35054
12586 1299
25227
22652
1853 1764
6667 1273
12654
52888 1251
7738 8167 1239
1251 20080
12874
23148 25152
30781 59689
198249
8758 15576
30844
34781 13030
35054
16347 8218
1136
64396 174
8455
10429 12956
9002 3356
29222
327995 37271
51185 3356
37239 36937
52720 3549
50763 8943
28329 6762
513 6730
13030 58299 31424 1299
13237
22548 16735
8218 6461 49463
49463
2613 6893
1221 4637 4608
20932 3356
8943 1299
4637
12637 174
8468 3549
174 51395 48039 174 50300 29075 35699 12350 52320 34177 25160 6730 24482 1916 680 1764
25220 3356
59689
3216 1273
6762 20080
35699
29152 3356
24611 51405
8596 48039
37497
52320 16735 23106
16735
34288 15576
34177
20080
15547
1239
41617
4608
1916
47872
2895
51405
31424
1103
37271 3356
2516 4777
8607
36937
25152
327960
51395
48039
23106
553 3356
6893 25091
15576 41562
41562 198385
14361
62567
9189
25091
7575 6461
42708 1299 50304
50300
50304 57381
29075
1299 1273 31122
58299
12350
8928
12956
8167 25933
202194 198385
1273
31122
198385
25160
6730 6730
28513
3356 45896 3549
24482
45896
1280
263584
4777
6461
3549
4589
25933
680
1764
57381
