#src/zombie.py
# GMT Thu May 10 11:50:04 2018
# 
8426 5413
31463 56730 21396
15605 1267
25074 61157 9189
59891 51395
28917 8359
1267 5413
3491 6762
3320 8222 13193 1299 61157 3303 3356
7018 1299
262757 16735
52863 6762
59414 6830
39821 9002
20562 25220
196621 15576
327782 327960 37100
57821 12586
1836 13030
3252 9002
29691 15576
3257 1299 1103
30132 12859
29076 2895 8359
53070 22381
20965 11537 680
13002 25091 20764
19151 174
286 1299
8220 15547 15576 5413
8222
2914 30781 8943 47872 8447 5413 29686 16347 34177 31133 12654 35699 8455 3356 4589 2497 12637 174 25220 13237 29140
263321 7738 263584
31261 41617 31133
3333 1136
24785 24785 41095 1136
41497 174
47872
20764 25227 8359 174 41722
12779 174
14061 1299
41095 5413
29686
4134 4809 701
29680 8928
56730
2895
6720 8447
37100 31025
28220 12956
198290 6661
50763 8943
20612 8758
5392 174
29140
5396 3356
49605 9002
31400 12586 31025
701 7738 6762
12859 25220
41722
6453 1299 6762 22652
8447
2828 23148 5413 52320
2497 4777
48526 5413
9304 174
3303 29222 35054 6762
12586 48039 13101
25227
30844 25220
5413 6830 8607 4637 62567 42708 50300 6667 12654 8928 20940 8359 9002 6939 21396 13030
4809 22381
6661 174 24611
6667
12654 680 25220 6762
52888 1251
7738 1299 8167
1251 20080
59689 30781
38930 174 8283
198249 13030
8758 6830 15576
22652
35054
1136
64396 174
8359
8455
52720 3549
8283
29222
6939 1280 51395
25435 47176
327995 37271
51185 174
37239 37468
29608 3356
23148 25152
13030 58299 31424
13237
9002 34288
22548 16735
8218 6461
11096 11537 20080
6830
2613 6893
1221 4637 4608
20932 174
4637
12637
174 24482 37271 6762 25160 1299 37468 12350 1916
25220 29551 3356 1299 37468
30781 34019
8943
22381
6762 12956 28329 20080 3356 1299
35699
24611 51405
8596 48039
37497 20940
52320 16735 23106
16735 1299
47176 15576
34288
20940
34177
31025 29551 680 13101
20080
15547 34781
16347
41617
31133
4608
37468
1916
29551
13193 49463
11537
51405
31424
1103
37271
25152
327960
51395
48039
23106
553 3356
6893 25091
15576 41562
41562 198385
14361 3356
62567
9189
25091
7575 6461
42708 50304
50300
50304 57381
29075 1299
1299 6461 15435
61157
58299
4589
12350
13101
8928
34019
12956
8167 25933
202194 198385
28329
34781
198385
25160
8607
3356 45896 3549
24482
45896
1280
263584
4777
49463
6461
3549
21396
15435
25933
680
57381
