#src/zombie.py
# GMT Thu May 10 09:21:49 2018
# 
8426 3356
31463 56730 6762
15605 12874
25074 61157 9189
59891 51395
28917 8359 39821
3491 174 12389
3320 8220 8222 8447 13193 6661 6730 1299 61157 25220 3303
7018 174
6720 8447
52863 6762
48526 5511
58308 29075
39821
20562 42708
196621 15576
327782 327960 37100
57821 12586
1836 13030
3252 9002
29691 15576
3257 29686 12779 41497 4589 1103 12637 9304 174 13237 29140
30132 12859
263321 7738 263584
53070 22381
13002 25091 20764
14061 1299
19151 174
286 174
8220 15547 15576
8222
2914 47872 7575 37497 16347 8607 35699 8455 9002 14361 62567 174
31261 12389 41617
3333 1136
24785 24785 1299 1136
41497
5511 30781 1273 6762 29075 174 29608
41095 3356
20764 41722 3216 25227
12779
4230 174 262757
12389
29686
4134 4809 701
29680 174
56730
2895 3267
262757
37100 6453
43100 29608
28220 6762
198290 6661
29608 34019 174 12654 3356 24611 6939
20612 8758
5392 3549
5396 3356
49605 174
701 174 7738 2497
12859 50304
41722
6453 174 1299
8447
2497 4777
9304
3303 12874 35054 15576 29222 174
12989 23106 6762
12586 48039 13101
25227
22652 174
4809 22381
6661
6667 1273
12654 50304
52888 1251
7738 8167
1251 20080
12874
30781 59689
198249 15576
8758 15576
30844 50304
2603 1299 3267
35054
1136
64396 174
8359 3356
8455
52720 3549
9002
3267
24130 7545 4608
29222
6939 25152 7545 1280
25435 47176
327995 37271
51185 174
37239 37468
50763 8943
28329 6762
513 6730
13030 58299 34781 31424 1299
7545
22548 16735
8218 6461
49463 13193
2613 6893
20932 174
8943 1299
12637
8468 1273
174 51395 50300 29075 1299 3356 37468 24482 1916 45896 6461
25220
59689
3216 1273
22381
6762 16735 6762 20080
35699
24611 51405
8596 48039
37497
16735
47176 15576
34288 15576
34177 3356
20080
15547
16347
41617
4608
37468 1299
1916
47872
13193
51405
31424
1103
37271 1299
8607
25152
327960
51395
48039
23106
553 3356
6893 25091
15576 41562
41562 198385
14361
62567
9189
25091
7575
42708 1299 13101 50304
50300
50304 1299 50304 57381
29075
1299 1299 15435 12350 680 3356
61157
58299
4589
12350
13101
29140
34019
8167 25933
202194 198385
1273
34781
198385
25160 3356
6730 6730
3356 3549
24482
45896
1280
263584
4777
6461
3549
13237
15435
25933
680
57381
