#src/zombie.py
# GMT Thu May 10 11:58:35 2018
# 
8426 3356
31463 56730 50300
15605 12874
25074 3356 9189
59891 51395
28917 39821 174
3491 1299
3320 1299 3303
7018 5511
6720 8447
52863 6762
48526 3356
29608 5511 43100 6939 3356 12654
39821
20562 42708
196621 15576
57821 12586
1836 174
3252 174
3303 12874
29691 15576
3257 29686 13237 8455 8447 7738 8468 8928 1299 1103
30132 12859
263321 7738 263584
53070 22381
13002 25091 174
19151 174
286 1299
8222 3356
2914 5511
31261 12389 41617
3333 1136
24785 24785 174 1136
41497 174
5511 1299 6762
41095 3356
20764 41722 174 8732
12779 174
14061 3356
701 1299 2497
12389 174
29686
29680 174
56730
262757 16735
37100 327693 174
43100
28220 3549
198290 6661
50763 8943
20612 8758
20932 3356
5396 3356
8607 3356
12859 50304
41722
6453 1299
8447
2497 4777
9304 174
12586 48039 13101
25227 31133
30844 50304
4809 22381 3549
6661 174 24611
6667 174
12654 50304
52888 1251
7738 8167
1251 20080
12874
8732 3356
49605 174
198249 15576
8758 15576
22652 3356
35054 3356
1136
64396 174
8455
52720 3549
9002 3356
3267 2895 3356
24130 7545 4608
29222 3356
6939 25152 7545 1280
25435 47176
51185 174
37239 37468
33891 31424 3356
28329 6762
513 174
13030 1299 34781
7545
22548 16735
8218 59689 16347 174 49463
49463
2613 6893
8928 4589
5392 174
12637 174
8468
174 50300 51395 31133 15435 15576 174 29075 35699 1299 58299 12350 37497 52320 16735 34177 25160 553 37468 24482 1916 47872 29140
25220 3356
59689
8943 1299
22381
6762 20080
24482
35699
24611 51405
8596 48039
37497
52320 23106
16735
47176 15576
34288 15576
34177
20080
15547 3356
16347
41617
31133
4608
37468
1916
47872
2895
51405
31424
1103
6461 1299 7575
25152
327960 327693
51395
48039
23106
553
6893 25091
15576
14361 3356
62567 3356
9189
25091
7575
42708 34019 42708 50304 1299 13101
58308 29075
50300 3356
50304 1299 50304 57381
29075 198385
1299 3356 1299
58299
4589
12350
13101
29140
34019
8167 25933
202194 198385
327995 37271
34781
198385
25160
3356 3356 45896 37271 3549 680
327693
45896
1280
263584
4777
37271
3549
13237
15435
25933
680
57381
