#src/zombie.py
# GMT Thu May 10 12:31:35 2018
# 
8426 3356
59891 51395
15605 12874
25074 61157 9189
28917 39821 174
3491 12389 3257
3320 8220 8222 13193 3257 6730 8447 33891 7738 25220 3303 61157
262757 16735
52863 6762
48526 174
39821
20562 2603
196621 8758
327782 327960 37100
57821 12586
1836 174
3252 9002
29691 6730 198249 15576
3257 12859 12956 2914 5396 22652 6461 15435 701 6762 5511 6453 1299 2828 14361 174 12586 3356 286
30132 6939
7738 263321 8167 701
53070 10429
13002 25091 20485
19151 174
286 1103
8220 12859 15576 15547
8222
2914 29686 12859 8455 4589 9002
263321 263584
31261 12389 41617
3333 1136
24785 24785 174 1136
41497 174
16265 12859 38930
5511 30781
41095 12859
20764 41722 25227 8732
12779 174
14061 1299
12389
29686
2497 4777 701
56730 1103
2895 3267
6720 8447
37100 12859
28220 12956
198290 6661
29608 3356
20612 8758
5392 174
5396
49605 174
15623 58299 12859
701 1280
12859 37497 30844 2603 37239 20485 4637 9002 12654
41722
6453
15435
2828 23148 52320
29680 174
9304 174
3303 34019 29222 12874
12586
25227
22652
5413 8468 8607 12654
6661 174 24611
6667 1273
12654 8455 1103
52888 1251
31424 33891
1251 20080
12874
8732 1299
28329 6762
30781 59689
38930 8283
198249
8758 15576
30844
2603 3267 1103 25160
35054 3356
1136
64396 174
8455
52720 3549
8283
3267
29222
6939 1299
25435 47176
327995 37271
51185 174
37239
10429 12956
33891
23148 25152
513 6730
13030 1299 34781
13237 1299
9002
22548 16735
8218 16347 174
49463 13193
2613 6893
1221 4637 4608
20932 3356
20485
4637
12637 174
8468
174 51395 553 174 50300 29075 35699 12350 16735 34288 34177 37468 24482 1916 47872 29140 1764
25220
59689
8943 1299 50763
6762 20080
35699
24611 51405
8596 1764
37497
52320 16735 23106
16735
47176 15576
34288
34177
20080
4777
16347
41617
4608
37468
1916
47872
13193
50763
51405
8447
1103
6461 7575
8607
25152
327960
51395
23106
553
6893 25091
15576
14361
62567 1299
9189
25091
7575
42708 1299 50304 57381
50300
50304
29075 198385
1299 1273
61157
58299
12350
29140
34019
12956
8167 25933
202194 198385
1273
34781
198385
25160
6730 6730
3356 45896 37271 3549 3356 680
24482
45896
1280
263584
15547
37271
3549
4589
25933
680
1764
57381
