#src/zombie.py
# GMT Thu May 10 06:11:05 2018
# 
31463 56730 21396 50300
8426 5413
1853 6720 1764
15605 12874
59891 51395
28917 8359 39821
3491 12389 28513 2914 3549
3320 8222 1299 3303 7738
7018 1299
6720
52863 6762
48526 3549
8422 5413 9189
58308 59689
39821
20562 5413
196621 15576
327782 327960 37100
57821 12586
1836 13030
3252 9002
29691 15576
3257 1299 174 12586
30132 12859
263321 7738 263584
53070 10429
13002 25091 20764
14061 2914
19151 174
286 174
8220 15547 8758 15576 5413
8222
2914 12637 14361 25220 30781 8943 7575 5413 6661 12654 35699 1299 34177 25160 8455 3356 20080 47872 29686 37271 16347 2497 4589 29140 13237 1764
31261 12389 41617
3333 1136
24785 24785 41095 1136
41497 174
41095 5413
20764 8359
12779 174
4230 28513 262757
12389 25227
29686
29680 8928
56730
262757
37100 5413
28220 3549
198290 6661
29608 174
20612 8758
5392 174
29140
5396 3356
49605 5413
8607 5413
12859 25220
6453 174 1299 22652 36937
15435 174
2828 5413 52320
2497 4777
9304 174
3303 29222 12874
12586
25227
30844 25220
5413 8218 6830 20932 34019 62567 8468 42708 6667 12654 29075 37497 8928 31122 8359 9002 6939 43531 51185 21396 1103 4637 13030 1764
6661 24611
6667
12654 680 25220 6762
52888 1251
7738 8167 1239
1251 20080
12874
30781 59689
198249 15576
8758 15576
22652
2603 1299 3267
31122
35054 3549
16347
1136
64396 174
8359
8455
10429 12956
9002
3267 2895
29222
6939 25152 1280 51395
28138 16735
51185
37239 36937
52720 3549
50763 8943
28329 6762
513 6830
13030 58299 34781 31424
13237
22548 16735
8218
6830 6830
2613 6893
1221 4637 4608
20932
4637
12637
8468
174 1916 49463 1299 12350 174 680 45896
25220 1299 3356
59689
8943
6762 1239 1299 3356
35699
24611 51405
8596 1764
37497
52320 16735 23106
16735
34288 15576
34177
20080
15547
1239
41617
4608
1916
47872
43531 24482
2895
51405
31424
1103
36937
25152
327960
51395
23106
553 680
6893 25091
15576 41562
41562 198385
14361
62567
9189
25091
7575
42708 50304 57381
50300
50304
29075
1299
58299
12350
8928
34019
12956 3356
8167 25933
202194 198385
327995 37271
34781
198385
25160
28513
3356 3549
24482
45896
1280
263584
4777
49463
37271
3549
21396
4589
25933
680 680
1764
57381
