#src/zombie.py
# GMT Thu May 10 04:58:47 2018
# 
8426 3356
31463 56730 50300
1853 6720 3356
15605 12874
59891 51395
28917 174
3491 2914
3320 8220 8222 8422 2497 3320 7738 33891 513 25220 3303
7018 701
262757 28666
52863 6762
48526 174
8422 9189
58308 29075
39821 9002
196621 15576
327782 327960 37100
57821 12586
1836 13030
3252 9002
29691 15576
3257 2497
30132 12859
263321 7738 263584
53070 10429
13002 25091 20764
19151 174
286 1103 701
8220 15547
8222
2914 8943 37497 2914 8607 701 2497 6762 12859 29686 8455 1299 4589 62567 174 13237 3356
31261 3216 41617
3333 1136
24785 24785 174 1136
41497 174
20764 3216 25227 8732
12779 174
14061 1299
41095 2497
29686
4134 4809 2497
2497 6661 6939 4657 7738 1273 701 12654 10026 6453 3356 9002 37100 14361 2516
56730
6720
37100
28220 12956
198290 6661
29608 3356
20612 8758
20932 174
5396 6762
701 12956 6461 1239 701 6453 23148 174
12859
6453 37468 30844
15435 1299
29680 174
9304 174
3303 35054 12874 15576
12586 1299
25227
22652 3356
4809 28666
6661 174 24611
6667 1273
12654
52888 1251
7738 8167
1251 20080
8732 1299
23148 25152
49605 174
38930 1299 8283
198249 15576
8758 15576
30844
2603 1299 3267
31122 174
35054
16347 8218
1239 4637
1136
8455
10429 12956
9002 3356
3267 2895
29222 3356
6939 51395
327995 37271
51185 174
37239 37468
52720 3549
33891 31424
28329 6762
513
13030 58299 34781 1299
13237
8283
22548 16735
8218 59689 6461 49463
12874
2613 6893
1221 4637 4608
5392 174
8943 50763
4637
12637 174
10026 7575
8468 3549
174 50300 174 29075 35699 12350 34177 25160 64396 1916 45896 1280 37271 29140 680 1764
25220
59689
3216 1273 6762
6762 20080
35699
28666
24611 51405
8596 1764
37497
52320 16735 1299 23106
16735
34288 15576
34177
20080
15547
50763
41617
4608
37468
1916
47872 3356
2895
4657 24482
51405
31424
1103
37271
2516 4777
25152
327960
51395
23106
553 3356
6893 25091
15576 3356
14361
62567
9189
25091
7575
42708 1299 50304 57381
50300
50304
29075 198385
1299 1273
58299
12350
29140
12956
8167 25933
202194 198385
1273
34781
198385
25160
8607
3356 3549
64396
24482
45896
1280
263584
4777
49463
6461
3549
4589
25933
680
1764
57381
