#src/zombie.py
# GMT Thu May 10 12:38:53 2018
# 
8426 6453
31463 56730 50300
15605 12874
25074 61157 9189
59891 51395
28917 174
3491 5511 12389
3320 8220 8222 8447 13193 31133 6730 1299 7738 25220 3303 61157
7018 5511
262757 28666
52863 6762
48526 1273
58308 29075
39821 9002
20562 42708
196621 15576
327782 327960 37100
57821 12586
1836 174
3252 174
29691 198249 15576
3257 5511 29686 8455 1103 22652
30132 12859
263321 7738 263584
53070 22381
13002 25091 20764
19151 174
286 1299
8220 15547
8222
2914 7575 8607 2497 1299 4589 9002 5511
31261 41617 31133
3333 1136
24785 24785 174 1136
41497 174
5511 12956 6762 3356 701 6453 1299 4637 174 3303 29608
41095 3356
20764 41722 3216
12779 174
14061 1299
12389 25227
29686
262589 174 28666
29680 174
56730
2895 3267
6720 8447
37100 1299
43100 29608
28220 12956
198290 6661
50763 8943
20612 8758
5392 174
5396 3356
4134 4809 701
701 23148
12859 50304
41722
6453
8447
2497 4777
9304 174
3303 12874 35054 15576 29222
12586 48039 13101
25227
22652
4809 22381
6661 174
6667 1273
12654 29608 50304
52888 1251
7738 8167
1251 20080
23148 25152
49605 9002
38930 174 8283
198249
8758 15576
30844 50304
35054
3216 1273
1136
8455
52720 3549
8283
3267 174
29222
22381
327995 37271
51185 174
37239 37468
29608 34019 3356 24611
28329 6762
513 6730
13030 58299 42708 31424 34781 1299
13237 1299
9002
22548 16735
8218 59689 16347 174
12874
2613 6893
1221 4637 4608
20932 174
4637
12637 174
8468 1273
174 50300 51395 553 174 29075 35699 1299 12350 52320 64396 25160 47872 37468 24482 1916 45896 29140
25220
59689
8943 1299
6762 20080
35699
28666
24611 51405
8596 48039
37497 50304
52320 16735 23106
16735
34288 15576
34177 3356
20080
15547
16347
41617
31133
4608
37468
1916
47872
13193 49463
51405
31424
1103
8607
25152
327960
51395
48039
23106
553
6893 25091
15576 41562
41562 198385
14361 3356
62567 1299
9189
25091
7575
42708 1299 13101 50304
50300
50304 50304 1299 57381
29075
1299 1280 37271 1273 1299 3356 15435 680
61157
58299
4589
12350
13101
29140
34019
12956
8167 25933
202194 198385
1273
34781
198385
25160
6730 6730
3356 3549
64396
24482
45896
1280
263584
4777
49463
37271
3549
15435
25933
680
57381
