#src/zombie.py
# GMT Thu May 10 08:46:58 2018
# 
8426 3356
59891 51395
1853 6720 1764
15605 12874
25074 9002 9189
28917 174
3491 9002
3320 8220 8222 2914
7018 2914
262757 4230
52863 6762
59414 13030
58308 29075
39821 9002
20562 9002
196621 15576
327782 327960 37100
57821 12586
1836 13030
3252 174
29691 6730 198249
3257 2914
30132 12859
263321 7738 263584
53070 10429
13002 25091 41095
14061 1299
19151 25152 174
286 2914 1103
8220 15547
8222
2914 8943 12956 6762 8607 701 1239 8455 1299 4589 9002 6453 6461 174 12654 3356
31261 12389 41617
3333 1136
24785 24785 6939 1136
41497 174
16265 38930 9002
41095 8607
20764 174 41722 25227
12779 174
4230 9002
12389 174
29686 6453
29680 174
56730 51945
6720
37100 9002
51945 174
28220 12956
198290 6661
29608 3356
20612 9044
5392 174
5396 9002
15623 58299 174
701 7738 1280 2497
12859 9002
41722
6453
15435 1299
2497 4777
48526 174
9304 174
29551 1299 25220
3303 34019 29222 174 12874
12586 13101
25227
6661 9002 174 24611
6667 174
12654 8607 9002
52888 1251
7738 1299 8167
1251 20080
49605 174
38930 8283
198249
8758 15576
22652 3356
35054 3356
1239 4637
1136
8455
10429 12956
8283
3267 2895 174
29222
6939 47872 8607 51395
25435 47176
6730 6893 174 59622
51185 174
37239 37468
52720 52873
50763 8943
28329 6762
13030 1299 31424
13237 1299
9002 42708 13101 20940 8607 14361 37468 680
22548 16735
8218 59689 16347 174 49463 1764
12874
2613 6893
1221 4637 4608
20932 174
4637
12637 174
174 50300 553 15576 174 29075 35699 12350 52320 16735 34177 25160 64396 37468 24482 1916 37271 29140
25220
59689
8943
6762 3356 20080
35699
24611 51405
8596 1764
37497 20940
52320 23106
16735
47176 15576
34288 15576
20940
34177
59622 9044
15547
16347
41617
4608
37468
1916
47872
2895
51405
52873 12956
31424
1103
6461 7575
25152
327960
51395
23106
553
6893
15576
14361
62567 1299
9189
25091
7575
42708 50304
50300
50304 57381
29075 198385
1299
58299
12350
13101
29140
34019
12956 3356
8167 25933
202194 198385
327995 37271
198385
25160
8607 3356
3356 45896 3549
64396
20080
24482
9044
45896
1280
263584
4777
49463
37271
3549
4589
25933
680
1764
57381
