#src/zombie.py
# GMT Thu May 10 13:09:09 2018
# 
8426 3356
31463 56730 50300
15605 1764
25074 3356 9189
59891 51395
8387 3320 1764 12654
28917 8359
18881 12956 61568
3491 2914
3320 12956 8222 2914 701 13237 1299 174 3303
7018 3356
262757 4230
52863 6762
59414 13030
39821 9002
20562 6461
196621 8758
327782 327960 37100
57821 12586
1836 13030
5580 50300 3257
3252 174
29691 198249 15576
3257 8447 29686 12779 8455 1299 15435 12637 25220 12586
30132 12859
263321 61568 263584
53070 10429
13002 25091 41095
14061 1299
19151 25152 174
286 1103 701
8220 5511 15547 8758 15576
8222
2914 7575 8607 20080 35699 3356 4589 9002 14361 62567 174 13237
31261 41617 31133
3333 1136
24785 24785 6939 1136
41497 174
5511 30781 29075 701 48526
20764 41722 8732
12779
4230 3356
41095 13237
29686
29680 174
56730
6720 8447
37100 13237
28220 12956
198290 6661
50763 8943
20612 8758
5392 3549
5396 3356
49605 3356
701 1280 2497 7738
12859 13237
41722
6453 37468 174
8447
2497 4777
48526
9304 174
3303 29222 35054
12586 48039
25227 31133
22652 3356
6661 174 24611
6667 1273
12654 13237 12654
52888 1251
7738 8167
1251 20080
8732 1299
59689 30781
38930 174 8283
198249
8758 15576
30844 13237
2603 13237 3267
35054
1239 174 4637
1136
8359 3356
8455
52720 3549
8283
3267 2895
29222
6939 1299
25435 47176
327995 37271
51185 3356
37239 13237
10429 12956 23106
29608 3356
28329 6762
13030 1299 31424
13237 1299 37497
9002
22548 16735
8218 6461 174 202032 1764
49463 174
2613 6893
1221 4637 4608
20932 174
4637
12637
174 51395 174 1299 12350 16735 64396 3356 24482 1916 47872 29140 1764
25220
30781 34019
8943 8943 1299
6762 3356 1299
24482
35699
24611 51405
8596 48039
37497
16735
47176 15576
34288 15576
61568
34177 3356
20080
15547 34781
16347 29075
41617
31133 1299
4608
37468
1916
47872
2895
51405
31424
1103
37271 3356
25152
327960
51395
48039
23106
553 3356
6893 25091
15576 41562
41562 198385
14361
62567
9189
25091
7575
42708 1299 50304
50300
50304 57381
29075
1299 12956 1273 3356
58299 1764
4589
12350
29140
34019
12956
8167 25933
202194 198385
1273
34781
198385
25160 3356
8607
3356 3356 45896 3549 1764 680
64396
202032
45896
1280
263584
4777
6461
3549
15435
25933
680
1764
57381
