#src/zombie.py
# GMT Thu May 10 14:02:11 2018
# 
31463 56730 21396 50300
8426 5413
15605 12874
25074 2914 9189
59891 51395
28917 8359 39821
3491 2914
3320 8222 3356
7018 1299
262757 4230
52863 4809
59414 6830
29608 3356
39821
20562 25220
196621 8758
327782 327960 37100
57821 12586
3252 9002
29691 57118 15576
3257 3356
30132 6939
263321 7738 263584
53070 22381
20965 11537 680
13002 25091 20764
14061 3356
19151 174
286 1299
8220 25220 8758 15576 15547
8222
47872 6939
2914 8447 12637 25220 3303 30781 5413 6661 12654 35699 1299 34177 16347 3356 29686 37271 8455 2497 4589 29140 37100
202194 6939
3333 1136
24785 24785 6939 1136
41497 174
16265 38930 5413
5511 29075 1299
20764 41722 8359 25227
12779 5413
4230 3356
58308 29152
41095 5413
29686
4134 4809 701
2497 4777
56730
12307 57118
6720 8447
37100
28220 3549
198290 6661
50763 8943
20612 8758
20932 31025
57118
5396 3356
49605 5413
701 6762
12859 25220
41722
6453 3356
8447
2828 5413 52320
29680 8928
48526 5413
9304 174
3303 35054 12874 6762
12586 48039 13101
25227
30844 6939
5413 8943 6830 42708 6667 12654 8607 8359 21396 1103 62567 8928 13030 9002
4809 22381
6661 25220 24611
6667
12654 6762 680 25220 13101
52888 1916
7738 1299 8167 1239
12874
16347
59689 30781
38930 8283
198249 15576
8758
22652 3356
35054
29140
1136
64396 174
8359 41617
8455
52720 3549
8283
24130 7545 4608
29222 3356
6939 25152 1280 51395 25220 7545
25435 47176
29226 2895 25220
51185 174
37239 37468
33891 31424 25220 553
28329 3549
513 6830
13030 58299
7545
9002
22548 16735
8218 6461 49463
6830 6830
2613 6893
5392 3549
12637
174 6762 25160 198545 1299 37468 12350
25220 37497 29551 13237 1299 24482 3356
30781 34019
8943
22381
6762 20080 1299 1239 3356
35699
29152 198545
24611 51405
8596 48039
37497
52320 16735 23106
16735
47176 15576
34288 15576
34177
31025 29551 680 13101
20080
4777
1239
41617
4608
37468
1916 27750
29551
2895
11537 27750
51405
198545
31424
1103
37271 327995
25152
327960
51395
48039
23106
553
6893 25091
15576 41562
41562 198385
14361 3356
62567
9189
25091
7575 6461
42708 50304 57381
50300
50304
29075
1299 6461 15435 3356
58299
4589
12350
13101
8928
34019
8167 25933
327995
198385
25160
8607
3356 45896 3549
24482
45896
1280
263584
15547
49463
6461
3549
27750
13237
21396
15435
25933
680
57381
