#src/zombie.py
# GMT Thu May 10 10:08:27 2018
# 
8426 3356
31463 56730 6762
1853 6720 1764
15605 12874
25074 61157 9189
59891 51395
28917 8359
3491 1299
3320 8220 8222 13193 1299 61157 174 3303
7018 174
262757 4230
52863 6762
59414 6830
39821 9002
20562 42708
196621 8758
327782 327960 37100
57821 12586
1836 13030
3252 174
29691 15576
3257 29551 51395 22652 48039 13237 8455 29140 9304 174 12779 12586
30132 12859
263321 7738 263584
53070 22381
13002 25091 20764
14061 1299
19151 174
286 174 1103
8220 15576
8222
2914 30781 50300 7575 12637 29686 6661 8607 35699 16347 1299 4589 9002 37100 62567 174 1916
31261 41617 31133
3333 1136
24785 24785 1273 1136
41497 6762
29551 25220
5511 174 48526 3356 4134 29608
20764 41722 3216 25227
12779
4230 701
41095 3356
29686
4134 4809
29680 174
56730
2895 3267
6720
37100
43100 29608
28220 12956
198290 6661
50763 8943
20612 8758
5392 3549
5396 3356
49605 3356
15623 58299 3356
701 1280 2497 7738 23148 174
12859 50304
41722
6453 1299
15435 1299
2497 4777
48526
9304
3303 34019 12874 35054 15576 29222
12586
25227
30844 50304
4809 22381
6661 24611
6667 1273
12654 29608 50304
52888 1251
7738 8167
1251 20080
12874
23148 25152
30781 59689
38930 1299 8283
198249 15576
8758 6830
22652
2603 1299 3267
35054
3216 6762
1136
8359 3356
8455
10429 12956 23106
8283
3267
29222
22381
25435 47176
327995 37271
51185 3356
37239 37468
52720 3549
29608 174 3356
28329 6762
13030 31424 1299
13237
9002
22548 16735
8218 6461
6830 15547 1299
2613 6893
1221 4637 4608
20932 174
4637 1299
12637
174 6762 1299 12350 12956 209 64396 3356 37468 24482 45896 37271 1764
25220
59689
8943 1299
6762 6762 31133 20080 29075
35699
24611 51405
8596 48039
37497 50304
16735 12956
47176 15576
34288 15576
34177 3356
20080
15547 34781
16347
41617
31133
4608
37468 1299
1916
47872 3356
13193 49463
51405
31424
1103
37271 1299
25152
327960
51395
48039
23106
553 3356
6893 25091
15576
14361 209
62567
9189
25091
7575
42708 50304
50300
50304 1299 50304 57381
29075 198385 1299
1299 1299 1273 3356 6461 680
61157
58299
12350
29140
34019
12956
8167 25933
209
202194 198385
1273
34781
198385
25160 3356
8607
3356 3549
64396
24482
45896
1280
263584
4777
49463
6461
3549
4589
25933
680
1764
57381
