#src/zombie.py
# GMT Mon Oct  1 05:16:17 2018
# 
16685 22356 16685 4230
7018 174
6720 8447
35699 174
22356 28634
15605 1267
29075 15576 20764
12389 25227 1299
3333 12859
52888 1251
22381 53070 4809
20612 31424
29226 2895 20485
8167 7738 25933
3491 64050 7738 174 28513 3356
22652 3257
3356 8426 3549 9002 174 41095 1299
29608 20764
680 1299
7545 24130 6939
49605 20764
3549 28220 5392 9304 16735
4809 4134
29686 3257
4230 28513 262757 9002
6939 15685 34019 262317 53067 25152 1280 20764 202032 57111 28929 264911 37640 263075 14840 13760 45896 263152 263508
20932 1299
28634
12637 174
53067
47692 33891
8758 15576 196621
8896 50304
37100 327782 20764
29222 3303
39392 33891 29504
51405 24611
20485 3216
24611 6661
12654 20764 9002
38001 20764
198290 6661
29680 8220
8220 15547 20764
513 6730
8607 9002
327782 327960
39821 9002
264911
34177 20764
28917 1299
136620 59891 20764
5392
196621
9304
56730 31463
15576 29691 198385 21232 34288 198249
4608 24130
20562 9002
43578 1299
6461 174 8218 7575
6667 1273
263152
23106 52320
34019
25091 6893 20764
3257 31742 29140 5396 12586 174
30781 59689 20764
3252 174
35054 3303
39351 42708
1299 8943 1273 29551 174 15435 14061 8455 13030 42708 1299 8447
33891 553 31424 20764
198385 202194
29551 25220
31463 20764
12859 30132 20764
28929
38930 8283 16265
53070
21232
14840
24130
1251 20080
174 41497 6762 6730 3303 286 19151 20764 3320 2914 58299 6453 64463 12350
25160 20764
8943 50763
25933
16735
31742
4777 2497
1916 2914
59414 13030
13193 13193 3320 49463
14061
3320 8222 47147
12779 20764
35369 2914
58299
13760
29691 57118
553
59689
202032
37497 20764
34288
262317
395152 14007
16265 20764
263075
52720 37468
25220
16347 20764
25227
45896
20764 37468 50304 1267 51185 48526 1103 30844 43531 39122 37239 3216 41722 6661 52320 13237 50300
8426
20080 6762
8447
9002 852 2914 4134
202194
2914 2497 3303 15562 37271
50304 57381
42708
286
50763
30132
50877 6762
25152
2895
49463
15435
29504
6762
15562
1103
6881 15685
198249
3216
1273
59891
4134
47147
37640
5396
48526
13237
57821 12586
8222
37271
41095
51185
31424
852 14007
6893 2613
3303
28220
37239
24482 43531
8455
327960
8283
8218
12307 57118
37468
262757
15547
6453
64463
50300
1267
41497
13030 1836
64050
12586
57118
19151
57381
12350
7575
30844
14007
15685
43531
39122
52863 52320
2497
41722
7738
1280
29140
57111
2613
263508
52320
1836
28513
6661
6730 6730
