#src/zombie.py
# GMT Mon Oct  1 06:04:54 2018
# 
263584 263321
16685 22356 16685 4230
6762 8732 3257 20080 29075 3333 61568 31463 50877
6720 1853
35699 174
22356 28634
15605 12874
14907 38930
29075 15576 174
202032 47692
3333 12654 1136
1103 2603 12654 286
20612 9044
29226 2895 20485
6894 2497
8167 7738 25933
3491 64050 3257 41095 28513 7738
22652 3257
3356 3257 8426 3549
29608 57111
680 1299
49605 174
3549 52873
29686 6453
14061 1299
4230 28513
20932 174
28634
37468 52720 174
47692 33891 12654
205206 16245
8896 174
37100 327782 12859
29222 3303
39392 174 29504
51405 24611
12552 39351 12859
20485 12859
12654 5413 12859 57111
29680 174
38001 41095
39351
1136 24785
8220 3320 15547
2603 30844
513 6730
12874 3303
52873
8607 2914
327782 327960
39821 28917
34177 174
28917 174
136620 59891 12859
33891 3320
5392 174
196621 8758
9304 174
56730 31463
59622 9044 6730
15576 29691 198385 21232 8758 34288 198249
1221 4637 4608
4608
20562 12859
61568 263321
43578 174
6461 3257 7575
6667 174
23106 52320
23148 25152 701
25091 12859
3257 5400 30132 701 7018 6453 6881 12859 2497 3320 5396 12956 2914 5511 174 1299 286
30781 5511 59689
3252 174
35054 3303
198290 6661
1299 38930 16735 29551 13030 8943 12586 4637 49375 15435 52320 50304 13237 1299
1764 35369 174 8218 1853
198385 202194
40191 174 395766
29551 25220
31463
12859 13030 41095 2914 6939
38930 8283
53070 10429
21232
1251 52888 20080
174 553 16245 24785 37271 12637 51185 24482 3303 48526 19151 6661 8218 12389 37497 64463 41497 29140 1836 6730 174 25160 16735 31742 1916 12779 50300 13760 12350
25160
8943 50763
2895
16735 262757
31742
13237
39540 57118 12307
8222 3320
59414 13030
5413 2914
3320 47147 3303
12779
5400 2110
58299 13030
13760
263321
29691 57118
553
59689
37497
12637
266534 18881
395152 14007
52720
25220
16347 8218
25227 12389
20764 8732 41722
12389
8426
20080
9002 2914
50877
2914 8455 15562
6939 14007
4637
286
50763
30132
9044
202194
25152
25933
49463 8218
7738
29504
7018
15562
52888
5511
6881
198249
8732
50304
24611 6661
701 2497 1280
59891
47147
5396
48526
4777 2497
57821 12586
12956 28220 10429 18881
16245
24785 24785
1916
37271
41095
51185
31424 13030
6893 2613 6730
3303
49375
28220
24482
8455
327960
8283
8218
12307
262757
15547
395766
2110 39122
6453
8758
64463
50300
41497
13030
1853
64050
12586
57118
19151
12350
7575
34288
30844
14007
35369
39122
52863 52320
2497
41722
15435
1280
29140
57111
2613
52320
1836
10429
18881
28513
6661
6730 6730
