#src/zombie.py
# GMT Mon Oct  1 06:33:41 2018
# 
37468 6453
50620 174
2857 8365
12989 22548 16735
37640 6939
264911 10429
57821 12586
62567 6453
174 13002 6762 3356 1299 25160 6453 7018 19151 286 3257 6461 1239 20764 64396 12779 2914
43100 20764
286 8596
198249 13030
29551 25220 3257
28917 1299
22652 3356
8359 20764 3356 41722
52863 6762
56730 31463
41722
2914 2497 37271 4844 8365 16347 20080 7575 30844 50300 6661 9002 30781 1916 8447
8447 6720
15435 1299
8455 8283 13030
12859 9002
1280 1299
513 6730
37497 6939
31133 6762 31261
20080 1251
16347
31463 21396
15547 3356
1257 3333 1239
41497 3257
50300
12586 3257
8218 6461
16735 3549
15576 6772 196621
12779
5539 8763 21385
8607 6939
51395 3257 59891
7018
3356 553 37271 8426 4230 6730 21385 25074 3549 6939 20764 29608 20932
37271 37239
4844 37989
8763
15685 1299 6881
49463 13193
21385
6661 198290
12874 3303 15605
25074 9189
42708 1299 50304
3257 29680 29686 9304 1103 29140 29636 12637 4589 31122
47872 44217
6881
202032 6939
44217 6762
50304 57381
8596
48526 1273
18881 52873 12956
12637
2497 25152
34019 3303
34288 13030
1916
37989
12307 59414
58299 13030
23106 10429
1103
21396 6762
50763 8943
48166 9002
31261 41617
20612 1836
1251 28571
680 1299
22548
28571
31424 6939
9002 49605 12654
30781 59689
7575
64396
1836 13030
49605
13030 35369 202194 6939 6772 59414
8758 6939
12956 6762 10429 6939
8283
14061 1299
3333
8928 10026
3549
9189
263075 6939
198290
52873 52720
13193 1299
20932
59414
263651 6939
52720
202194
25160
262317 6939
4589
29686
9304
51405 20764
29636
29075 6762 198385 1299
3320 3303 6939
6939 263152 20764 5396 53067 12654
25220
29608
41617
5396
6762
6893 25091 2613
25091 13002
59891
2613
10026 1299
263152
198385
553
25152
29680
15605
53067
1299 8943 1273
1239
8426
196621
29140
6720
30844
59689
13002
6667 1273
24482 6453
8365
4230 262757
6730 6730
1273
6772
6453
262757
31122
35369
8943 8943
6461
53070 10429
57381
20764 12654
3303
19151
12654
37239
10429
