#src/zombie.py
# GMT Mon Oct  1 04:15:18 2018
# 
52873 18881 52720
1916 174
22548 16735
14061 19151
7018 3356
34781 13030
59891 51395
12654 6939 25152
25160 174
49605 1299
2603 19151 1103
24611 51405 6661
29075 6762 50620
1836 13030
5396 6762
6453 3356 30844
8426 3356
4230 28513 262757
3303 35054 29222 174 15576 3320 12874
8468 3549
6461 19151 8218
2613 6893
57381 50304
7738 3320 263321
3320 3356 4809 33891 6730 8220 6661
16735 6762 28138
8455 3257
57821 12586
34177 3356
30844
50300 5580
6893 25091
35054
680 553 3356
56730 31463
37239 4809
6730 513 6730
13002 20764 25091
16347 8218
8758 20612 15576
2895 3267
48526 1273
8422 3356 9189
3356 20764 47872 3549 3356 8222 9002 8283 174 29608 19151 2914 14361 1299 6762
51405
1853 6720 1764
58299 13030
4777 2497
1221 4637 4608
29608
49463 8218
13030 51395 1299
53070 12989
286 1136 174 19151
1764 8596 8218
19151 2497 4637 9002 25152 4589 6667 41095 174 19151 1280 7575
3252 174
8220 15547
25220 3257
28220 6762
9189
12956 18881 174
263584 263321
52720
39821 9002
41497 174
25152 6939 3257
12859 3257
1273 3216 174
8222
6720
4589
9304 3549
18881
6939 30132
202194 198385
29691 15576
41095
50763 8943
5580 3257
15435 3257
12989 6762
24482 174
4608
58308 59689
50304 174
8943 2914
262757
20932 1299
3549 25933 5392
51185 174
64396 174
28513 3491
3491 174
34288 15576
12874 15605
12350 1299
31424 33891
29140 3257
59689 8218
13237 1299
51395
8596
15547
6661 174 198290
3216 20764
28329 6762
29680 3257
9002
12586 3257
20080 6762
22652 3257
5392
25933
701 2497 174
31463 6762
33891
174 3257 12779 6762 45896 2914 1299 3267 35699
29686 3257
263321
1103
198290
28138
15605
20764
8218
7575
327995 37271
45896
513
57118 196621
4637
41562 198385 15576
3257 31122
35699
1136 3333
6667
4809
29222
196621 15576
2914 8607
553
20612
1299 28917 62567
12779
8607
198249 15576
2497
37271 6762
31122
50620
198385
3333
8283
47872
25091
3267
6762
15576
30132
1280
14361
28917
62567
