#src/zombie.py
# GMT Mon Oct  1 08:29:40 2018
# 
10429 12956 27715
29680 174
31742 174
3549 3356 16735 52873 263702
1273 1299 6667
3356 15547 8896 174 20676
34019 3303
16735 266534 174
5396 6939
25220 2914
12586 57821 20676
513 6830
41722 20764
12779 3257
3333 12859
50300 31463
51395 59891 174
31424 6939
8732 1299 20764
30781 59689 2914
34288 13030
196621 15576
49463 13193
23106 52320
51405 24611
12989 6762 22548
29691 13030
14061 1299
262317 6939
8447 6720 3320
6762 60501 174 31463 41497 30844
263508 6939
37468 6453 1299 52720
5511 29608 5511 174
13193 1299
15547
41497
1916 1251 2914 52888
20495 8455
20676
37271 6453 37239 174
47692 33891
16347 8218
13030 202194 59414 1299 8455 198249 14907 35369 58299 199714 1836 21232
263152 6939
24611 6661
58299
5400 2914 2110
680 1299
6939 12654 262757 57111 2516 264911 2613 53067 8607 64463 37640 263075
37989 4844
7575 2914
286 174
20080 2914
2497 4777 25152 2914 701
2914 8365 29140 174 29636 15562 1280 35266 9002 12637 25091
2516 6894
8455 8283
8283
701 174
29208 6881 3257
15435 1299
47147 3320
199714 206356
25152
263702
2857 8365
12956 174
37640
35369
8758 9002
43100 57111
33891 3320 39392 34549
37100 6453 328145
12654 9002 57111
15576 6453 198385
4777
48526 6453
24482 4657
19151 174
1280
20612 1836
39392 29504
9002 12859 49605
29504
59414 12307
8426 6453
57821
8218 6461
6667
57111 202032 174
1299 42708 52320 8943 7473 553 28917 50304 29075 4637 16245 174
4844 7473
30844
14907
28571 1251
50304
262757
12637
205206 16245
52320 52863
42708 39351 57381
6881
21232
3257 9304 1103 174 31122
57381
16245
2110 39122
328206 328145
38001 4657
25091
3303 3320 12874
15562
264911
50763 8943
52720
12307
49605
7018 174
6894
50877 174
202194
28634 22356
198385
22652 174
50620 174
198249
8365
6461 174
28917
60501
198290 6661
206356
37239
6453 29686 174
6720
52873
1836
29140
174 25160 6830 3491 6661 3320 20932
20932
29608
31463 56730
8607
27715 22356
39351
20764
52863
35266
3491 4657
29075
1103
15605 12874
34549
263075
202032
6830 6830
4657 4637
553
12874
9304
59689
8943
2613
7473
12859
52888
25160
31122
1251
56730
29636
22356
328145 328145
39122
22548
53067
266534
59891
6661
3320
8896
64463
29686
4637
