#src/zombie.py
# GMT Mon Oct  1 06:20:18 2018
# 
263584 263321
263321 61568
49605 9002
7018 3356
6720 6939
37497 6939
12637 9002
262317 6939
39351 20764
15605 9002
395152 63297
29075 20764
12307 6939
3333 20764
52888 1916
52720 6939
12956 28220 10429 9002
20612 9044
16347 20764
45896 41095
29691 6939
59689 20764
8426 41095
3491 9002
22652 41095
20764 12654 37468 28917 56730 34288 2613 51185 51405 50763 49375 30844 25220 6939 39122 198290 4766 8283 8222 29140 29608 15547 47147 34177 13760 29686 20932
3356 41095 35054 3549 1280
29608
680 9002
20080 6939
3549
9002 31424 196621 8455 47692 8758 41497 15435 21232 12350 1103 35699 12654 6667 23106 2497 48526 30132 29680 41722 6453 12779 21320 8218 9304 59414 3257 8607 40191 5396 553 1836 2914 286 13237 37271 50300
50877 6939
2914 15562 6762
6939 4608 264911 202032 263075 43578 24482 263152 34019 327960 28929 202194 50304 64463 37640 198385 63297 53067 8896 59891 49463 29222 57821 29504 6762 7575 198249 25160 38001 25933 263651 31742 5392 1916 52873 57111 14061 263508 14840 35369 58299
56730
20932
28634 22356
202194
37468
63297
8455
53067
47692
8758
8896
25152 3257
2895 41722
49463
29222
15435
51405
29504
6762 61568
35699
15562
1103
12654 3252 41722 25091 41095
6881 3257
198249
38001
31424
50304
29680
14840
59891
5392
21320 513
19151 41095
52873
8607
47147
37640
5396
22356 41095
48526
34177
50300
13237
28917
12779
513
196621
8222
9304
1280
37271
263075
41095 16735 13030 9044 12859 20562 52320
51185
35369
4608
264911
20562
61568
43578
59414
6667
263152
23106
28220 28220
34019
24482
4766 64050
30132
327960
25091
8283
8218
202032
49375
3257
3252
15547
395766 40191
9044
553
35054
198290
6453
64463
263651
198385
40191
41497
13030
64050
29686
50763
12859
28929
2497 4777
53070 10429
21232
12350
7575
34288
30844
262757 16735
286
39122
52863 52320
25933
16735
41722
57821
31742
4777
25220
1916
29140
57111
14061
2613
263508
52320
1836
10429
58299
13760
25160
