#src/zombie.py
# GMT Mon Oct  1 05:45:43 2018
# 
16685 22356 16685 4230
6762 174
6720 8447
35699 2914
22356 28634
15605 12874
29075 15576 174
202032 57111
3333 1136
1103 3257
22381 53070 4809
57866 8283 1299
4657 24482 38861
29226 2895 20485
15935 29504 1299
8167 7738 25933
3491 174 41095 28513 1299
22652 1299
3356 8426 12874 3549 8222 9002 5396 174 35054 41095
29608 57111
680 1299
49605 3257
3549 28220
4809 4134
4230 262757 28513
6939 24785 30844 1280 1299 202194
58308 29152
28634
31424 13030
47692 33891
8758 15576 196621
8896 50304
37100 3257 327782
29222 3303
51405 24611
20485 1299
12654 31742 12779 9002 57111
29680 174
38001 41095
39351 42708
1136 24785
513 174
12874
52873 12779
62240 136620 1299
8607 2914
327782 327960
39821 28917
34177 2914
50300 2914
28917 1299
136620 59891
1764 3257 35369
5392 174
196621
9304 3257
56730 51945
15576 198385
1221 4637 4608
4608
20562 12779
198545 174 29152
43578 1299
20612 1836
23106 52320
16347 2914
25091 2914 6893
6893 2613
3257 41497 8455 31742 37271 12637 29140 15435 3252 12779 29208 174 29686
30781 2914 59689
3252
35054
198290 6661
1299 33891 37468 29551 12586 4637 51945 7473 13030 6327 174 8447 8732 8943 16735 1273 13193 13237 15547 1299 31742 14061 3320 48526 52320 47147 5400 42708
33891 553
198385
1916 2914
29551 25220
29686
12859 30132 57111
28929 57111
53070
21232 13030
51945
7473 64050
1251 52888 20080
174 701 37497 51185 7738 12350 7018 174 286 19151 4134 8218 57111 50877 20932 2914 58299 6453 64463 6661
286
8943 50763
2895
16735
701 2497
31742
4777 2497
39540 57118 12307
8222
59414 13030
13193 49463
14061
3320 3303
12779
5400 2110
58299
13760 2914
25160 2914
29691 13030 57118
553
59689
37497
34288 13030
395152 63297
52720 37468
25220
6327 63297
25227 12389
12637
20764 8732 41722
12389 1273
8426
20080 2914
9002 2914
50877
2914 7575 15562
50304 42708 57381 57111
42708
4637 38861
50763
63297
30132
202194
25152 1273
25933
49463
7738
29208 6881
29504
7018
15562
52888
6881
198249 13030
8732
24611 6661
1273 6667
59891
4134
47147
5396
48526
20932
13237
57821 12586
24785 24785
38861
37271
41095
51185
37468
24482
3303
28220
37239 57111
19151
8455
327960
8283
8218
12307
6667
262757
15547
2110 39122
6453
64463
29152
41497
13030 1836
64050
12586
57118
57381
12350
7575
30844
35369
8447
39122
2497
41722
15435
1280
29140
57111
2613
52320
1836
28513
6661
