#src/zombie.py
# GMT Mon Oct  1 03:57:12 2018
# 
52873 18881 52720
1916 2914
22548 16735
14061 1299
7018 701
34781 13030
198545 29152 174
59891 51395
53070 10429
37239 4809
29075 174
5396 3356
6453 2497 57866 22652
701 2497 5511 12956 4134 286 6762 174 702 2914 1280 701 23148
8468 3549
3252 702
48039 8596 3320
16735 174 28138
57821 12586
3491 3356 28513
30844 6939
35054 3303
174 49463 25160 19151 6667 45896 2914 12350 12779 6661 12637 29140 29680 41497 31122 50620 50300 24482 64396 5392 9304 680 6730 28917 20932 174 35699 8218
35699
2895 3267
29691 57118 15576
3356 3356 2497 1853 9002 51185 8426 3549 49605 34177 3267 41095 29608 31463 680
51405 24611
1853 6720
28917
4777 2516
13030 2497 1299 1836 58299
9189 8422
30132 12859
45896
8943 2914 50763
8220 5511 15547
1239 2497 4637 7738 2914
12956 18881 10429
52720
12859 2914
3216 20764 1273
5511 30781 48526 2914
6939 2497 51395 24785
50300
15435 3257
37271 4809 327995
24482
24611 6661
4230 28513 262757
52863 6762
198385 202194 41562
8426
19151
327995
59689 30781
13237 1299
15547
29680
3333 1136
20080 2914
5392
25933 3549
31463 56730
29152 58308
263321 263584 7738
1103 2603
58299
7575 10026
31424 33891
42708 50304 1299
513 6730
57118
50763
41562 15576
12779
10026 2497
41095
2914 2497 4589 6762 29686 2914 16347 1299 62567 8607
553 680
7738
1299 8732 12586
8607
198249 15576
8732 20764
2497 3320 9002 1273 2603 3257 12654 14361 2516 6661
263584
4637 1221
34177
29222 3303
15576 196621 3303 34288 8758
14361
12874 3303 15605
62567
25160
57866 8283
47872 6762
24785 1136 24785
262757
34288
56730
2613 6893
30781
3320 33891 3303 8222 25220 8422
8455 3257
2603
1836
6893 25091
680
13002 20764 25091
8758 20612
48526
8422
20764
1221 4608
28513
49463
286
25220
28220 3549
23148 25152
12637
39821 9002
41497
25152
18881
1273
8222
64396
4589
9304
33891
202194
4608
50304 57381
20932
3549 16397
51185
16397 263075
4134 4809
12350
49605
29140
8596
6661 198290
28329 6762
9002
6720
12586
22652
57381
6730 6730
29686
702
29608
198290
28138
15605
2516
8218
51395
263075
3257
1136
6667
4809
6762
10429
196621
12654
20612
16347
58308
31122
50620
8283
25091
3267
3303
1280
