#src/zombie.py
# GMT Mon Oct  1 05:06:18 2018
# 
16685 22356 16685 4230
6762 8732 20080 41497 50877 29075 31463 174
6720 8447
22356 28634
15605 12874
29075 15576 198385 1299 58308
202032 57111
3333 1136
1103 3257
22381 53070 4809
20612 1836
15935 29504 1299
8167 7738 25933
3491 64050 41095 174 28513
22652 1299
3356 37497 41095 51185 8426 8607 30781 3549 6730 5396 35054 174 20932
29608 57111
680 1299
49605 3257
3549 52873 5392 9304
4809 4134
29686 2914
4230 28513
6939 63297 202194 1280 51395 25152 1299 57111
20932
28634
12637 2914
47692 33891
8758 15576 196621
8896 174
37100 327782 6453
29222 3303
51405 24611
35699 2914
12654 31742 12779 8607 57111
1273 24785 48526 1299 12389 6667
38001 41095
39351 42708
1136 24785
513 6730
12874 3303
52873
8607 2914
327782 327960
39821 28917
34177 174
28917 1299
5392
196621
9304
56730 51945
15576 29691 34288 21232
1221 4637 4608
4608
20562 12779
43578 174
6461 174 8218 7575
6667
23106 52320
3267 2895 174 3267
25091 2914
6893 2613 6730
3257 12779 31742 12586 174
30781 59689
3252 174
35054
198290 6661
1299 33891 37468 13030 37271 15547 38930 15435 29551 12350 553 174 8447 8943 16735 7738 31742 42708 1299 13193 14061 3320 15685 4637 52320 47147 5400 13237 51945
33891
198385
29551 25220
31463 50300
12859 12779 30132
28929 57111
29680 174
38930 8283
53070
21232
51945
1251 52888 20080
174 12956 24482 19151 6730 7018 3303 2914 701 16735 6453 6661 57111 64463 58299 13760 286
286
8943 50763
2895
16735 262757
31742
4777 2497
8222 3320
59414 13030
13193 49463
14061
3320 3303
51395 59891
12779
5400 2110
58299
13760
25160 2914
29691 198249 57118
553
59689
37497
34288
395152 63297
52720 37468
25220
16347 2914
25227 12389
20764 8732 41722
12389
8426
20080
9002 2914
202194
2914 8455 1916 29140 15562
50304 42708 57381
42708
4637
50763
63297
30132
50877
25152
25933
49463
7738
29504
7018
15562
52888
6881 15685
198249
8732
31424 13030
24611 6661
701 4134 2497
59891
4134
47147
5396
48526
58308
13237
57821 12586
12956 28220
24785 24785
1916
37271
41095
51185
37468 37239
24482
3303
28220 28220
37239
19151
8455
327960
8283
8218
12307 57118
262757
15547
2110 39122
6453
64463
50300
41497
13030 1836
64050
12586
57118
57381
12350
7575
15685
8447
39122
2497
41722
15435
1280
29140
57111
2613
52320
1836
28513
6661
6730 6730
