#src/zombie.py
# GMT Mon Oct  1 05:57:48 2018
# 
52873 18881 52720
1916 2914
22548 3549
14061 1299
7018 174
34781 13030
8447 3320 6720
53070 10429
37239 4809
29075 174 50620
5396 3257
6453 3356
701 4134 1280 174 702
8468 3549
6461 174 8218
3252 702
48039 12586 8596
16735 52320 28138 12956
57821 12586
3491 174 12389
30844 9002
35054 3303
35699 174
2895 29076
29691 57118 15576
3356 3356 47872 4230 3549 51185 8426 41095 19151 2914 12956 8607 30781 3320 9002 34177 1299 31463 680 174 29608 8359
51405 24611
1853 1764
28917 39821 8359
4777 2497
13030 51395 1299 1836 58299
9189 8422
1764 3320
19151 174 12654
8943 1299 50763
8220 3320 15547
12956 174 9002 18881 10429 28220
41497 174
12859 30132 9002
50300 174
15435 3257
37271 4809 327995
8222 3320
24611 6661
4230 262757
52863 4809
8426
12874 3303 15605
327995
59689 58308 30781
12350 174
15547
2613 25091
29680 174
3333 1136
20080 2914
5392 174
25933 26615
31463 56730
263321 263584 7738
1103 3257
29076 12389
20562 9002
58299
198385 202194 41562
262317 10429
31424 33891
42708 57381 1299
513 3320
57118
50763
41562 15576
12779 3257
30132
41095 24785
2914 7575 2497 174 4713 9002 3320 14361 4589
553 33891
7738 3320
1299 174 20932 1273 50304 62567 8422
8607
198249 15576
2497
263584
4637 1221 174
26615 6762 26615
29222 3303
13193 3320 49463 13193
15576 196621 3303 34288 8758
14361
62567
25160 174
12389
4589
47872
24785 1136 24785
262757
34288
56730
7575
30781
3320 3320 4809 33891 3303 25220 6661
59891 51395
8455 3257
34177
1836
680
13002 20764 25091
8758 20612
8359 20764
8422
20764
1221 4608
49463
286 174
13101 12586 9002
25220
28220
34019 3303
12637 3257
39821
52720
4713 25152
25152
18881
1273 6667
24482 174
6720
9304 3257
33891
202194
48526 174
4608
50304
20932
3549 16397
51185
52320 3257
16397 263075
4134 4809
13237 3257
49605 3257
29140 3257
8596
6661 198290 9002
28329 6762
9002 12654
12586
22652 3257
57381
174 3257 6762 16347 64396 38930
29686 3257
702
29608
198290
28138
38930 8283
15605
8218
51395
263075
3257 31122
1136
6667
4809
6762
10429
196621
12654
64396
20612
16347
58308
31122
50620
8283
25091
3303
1280
