#src/zombie.py
# GMT Mon Oct  1 06:19:01 2018
# 
1916 6939
14061 6939
7018 3356
34781 6939
8447 20764 6720
30844 6939
25160 6939
37239 6939
29075 20764
1836 20764 20612
5396 6939
34288 20764
56730 6939
20932 20764
2613 6939
21320 513 6939
16735 6939
59891 6939
8455 20764
57821 6939
263152 6939
8763 6939
680 553 6939
8426 6939
174 20764 3257
16347 20764
48526 20764
29636 6939
3356 20764 15576 2914 6453 1280
263651 6939
52888 6939
1853 6939
28917 20764
29608 6939
49463 6939
53070 6939
286 6939
6881 6939
202032 6939
19151 6939
6453
25220 20764
4844 6939 37989
34019 20764
13030 198249 20764 35369
41497 6939
25152 6939
12859 20764
1273 6939
24482 6939
6720
198385 6939
9304 6939
6939 6695 52863 8283 31424 59689 8596 7575 264911 28329 29680 20080 15547 58299 29691 28571 20764 262317 263075 57118 37640 22652 8607 2497 2857 51405 31122 50620 64396 6762 202194 15435 52720 37271 8928 62567
202194
29691
12654 20764 25091
50763 20764
37989
52720
37271
50304 20764
47872 20764
52863
20764 42708 12779 6667 49605 12874 6661 9002 4589 29686 1103 29140 8218
64396
51405
12874 15605
49605
29140
59689
8596
15547
6661 198290
264911
28329
29680
3333 1103
20080
22652
57381 42708
513
9189 6695
35369
29686
58299
1103
198290
15605
8218
7575
262317
31424
42708
263075
57118
4589
3257
12779
6667
37640
196621 15576
2914
553
15435
20612
8607
198249
2497
6695
31122
50620
8928
9002
8283
25091
6762
28571
15576
1280
2857
62567
