#src/zombie.py
# GMT Mon Oct  1 05:44:03 2018
# 
7018 174
6720 8447
15605 12874
18747 174 263702
14907 13030
29075 198385 34019 174
202032 6939
3333 12859
1103 3257
20612 1836
4657 38001 3491
6894 174
3491 174
22652 174
3356 8426 3549 9002 2914 174 20764 6939
29608 5511
680 1299
49605 174
3549 52873
20495 8455
4230 262757 9002
20932 174
31424 6939
6730 513 174 6730
53067 6939
47692 33891
205206 16245
8896 174
28634 22356
39392 174 29504
51405 6939
12654 20764 9002 6939
38001
198290 6661
29680 174
513
12874 3303
52873
1299 33891 8943 1273 13030 28917 15435 14061 15547 50304 174 49375 20676
8607 6939
28571 1251
264911 6939
50300 31463 174
28917
263702
196621 15576
9304 3257
56730 31463
15576 174
6461 174 8218 7575
6667 174
263152 6939
23106 52320
34019
25091 2914
29636 174
3257 174
30781 2914 59689
4844 2914 37989
39351 174
13101 34549 174
51395 59891 174
33891
198385
50620 174
29686 2914
12859 9002
53070 10429
21232 13030
1251 52888 1916
174 553 12956 6762 16245 37271 12637 24482 3303 19151 25512 6661 20764 50877 2914 6453 286 39122 37468 41497 49463 29140 12779 5511 174 25160 31122 16735 31742 1916 3320 64463 48526 2857
6939 262317 22548 263075 52720 30844 6939 16735 1280 20764 57111 2613 37640 9002 5396 4635
8943 50763
59891
16735 52320 263508
31742
1916
59414 13030 12307
14061
3320 47147
12779
35369 13030
58299 13030
25160
29691 13030
553
59689
12637
262317
266534 18881
263075
52720
25220 2914
16347 2914
45896 9002
20764
8426
20080 2914
9002 37271 8758 4635 41722 2914
202194 13030
4635
2914 2497 15562 8447
50304
286
50763
8455 8283 13030
50877
25152 19151
49463
57821 12586
29504
6762
15562
52888
5511 5511
6881 25512
198249 13030
31122
1273
47147
37640
5396
48526
4777 2497
12956 10429 18881
16245
34549
37271 37239
37468
22356 27715
3303
49375
37239
19151
25512
8283
8218
12307
262757
15547
27715 10429
6453
8758
64463
20676 12586
41497
13030 34288 1836
31463
12586
24482
22548
7575
34288
30844
8447
39122
52863 52320
2497
37989
41722
15435
1280
29140
57111
2613
263508
52320
1836
10429
2857
6661
18881
