#src/zombie.py
# GMT Mon Oct  1 05:57:48 2018
# 
52873 18881 52720
1916 2914
22548 16735
14061 1299
7018 701
34781 13030
8447 3320 6720
53070 10429
37239 4809
29075 174
5396 3356
6453 2497 701 22652
10026 7575 2497
8468 3549
25220 3356
3252 702
48039 8596 3320
16735 52320 174 28138 1299
57821 12586
3491 3356 2497 28513
30844 6939
35054 3303
35699 174
2895 3267
29691 57118 15576
3356 680 2497 47872 1853 20932 3549 3356 8426 9002 51185 34177 58308 31463 41095 29608 14361 30781 8359
51405 24611
1853
263321 263584 7738
4777 2516
13030 2497 1299 58299
9189 8422
30132 12859
19151 174
8943 1299 50763
8220 5511 15547
12956 18881 701 28220 10429
52720
12859 2914
3216 20764 1273
5511 48526 2914
6939 2497 51395 701
50300 174
15435 174
37271 4809 327995
24482 174
24611 6661
4230 28513 262757
52863 4809
8426
12874 3303 15605
327995
59689 30781
12350 174
15547
2613 25091
29680 174
3333 1136
20080 2914
5392 174
25933 26615
31463 56730
28917 39821 8359
1103 286
58299
198385 202194 41562
262317 10429
31424 33891
42708 57381 50304 1299
513 21320
57118
50763
41562 15576
12779 174
41095 2497 24785
2914 2497 4713 4589 1299 6762 174 29686 2914 701 16347 6461 8607
553 680
7738 2497
1299 31122 1273 8455 2603 13237 52320 12586 62567
8607
198249 15576
2497 4637 3320 12654 3257 2603 701 4837 2516 6661
263584
4637 1221
4809 3320 4837
26615 6762 26615
29222 3303
13193 3320 49463
15576 196621 3303 34288 8758
14361
62567
25160 174
34177
47872
24785 1136 24785
262757
34288
56730
7575
21320 2603
30781
3320 33891 3303 8222 8422
59891 51395
8455
2603 3267
1836 174
4837 4837
680
13002 20764 25091
8758 20612
8359
8422
20764
1221 4608
28513
49463
286 701
6461 8218
28220
34019 3303
12637 174
39821
41497 174
4713 25152
25152
18881
1273 6667
8222
6720
4589
9304 174
33891
202194
48526
4608
50304
20932
3549 16397
51185
52320
16397 263075
13237
49605 9002
29140 174
8596
6661 198290 174
28329 6762
9002
12586
22652
57381
174 701 50620 64396 174 1280 38930
29686
702 701
29608
198290
28138
38930 8283
15605
2516
8218
51395
263075
3257
1136
6667
701 701
6762
10429
196621
12654
64396
20612
16347
58308
31122
50620
8283
25091
3267
3303
1280
