#src/zombie.py
# GMT Mon Oct  1 03:50:17 2018
# 
50620 6939
8422 1299 9189
24611 3549 51405
12989 22548 23106 16735
264911 6939
57821 12586
62567 1299
57463 29686 6939
174 64396 3356 37271 25512 19151 29140 2857 174 48526 2914 25160 29636 4230 680 6730 29075 41497 50300 20764 29608 12779 31122
43100 9002
286 2914
198249 13030
28917 6939
22652 3356
8359 3356 41617
52863 6939
56730 31463
2914 3356 4844 1273 8283 1103 6461 1239 6939 6661 12654 8607
20485 13002 4635
15435 6939
8455 9002
12859 9002
1280 701
513 6730
37497 6939
20080 6939
16347 8218
31463 3356 50300
25512 6881
1257 3333 1239
41497
50300
12586 20676
8218 6461
16735 3549
2497 701
12779
5539 8763 21385
8607 3356 12654 6939
13002 25091
3356 701 7018 20676 1299 6762 680 20932 14061 3257 3549 6939 25220 15547 9002 30781
37271 37239 6939
4844 37989
8763
49463 13193
21385 6939
6661 198290
4635 9304 6939
29140
3257 4589
47872 12713
6881
202032 6939
262317 6939
8596 9002
48526
12637 6939
15576 6772 196621
34019 30781
34288 13030
15605 6939
37989
50304 42708
58299 13030
23106
1103
50763 9002
34781 13030
28329 3549
20612 1836
1251 28571 6939
680 680 553
22548
28571
9002 8928 12654 6453 6720
30781 59689
7575 6461
64396
6762
1836 13030
49605 6939
13030 35369 202194 6939 6772
8758 6939
31424 6939
8283
14061
3333
8928
3549 52720
9189
263075 6939
198290
13193 1299
20932
37640 6939
263651 6939
52720
59689
25160
4589
29686
9304
51405
29636
29075 198385
1916 6939
6939 5396 263152 24482 29680 8426 59891 6461 30844 53067 12654 53070
25220
29608
41617
5396
701
6893 25091 2613
25091
59891
2613
12713 1273
263152
198385
553
25152 19151
29680
19151
42708 1299 57381
2857
1299 1273
1239
196621
53067
20676
6720
30844
202194
7018
6667 1273
24482
8426
6730 6730
1273
6772
6453
262757 4230
31122
35369
4230
6461
53070
57381
20764
12654
37239
15547
