#src/zombie.py
# GMT Mon Oct  1 06:04:04 2018
# 
64396 6939
52863 6762
1836 6939
13030 35369 6939
1853 6720 6939
8758 6939
12956 10429 6939
22548 3549
196621 6939
14061 3356
29680 6939
174 7018 19151
3549 3356 28329 52720
198249 6939
263075 6939
22652 3356
2613 6939
2857 6939
2914 6939
41617 9002
263651 6939
34019 6939
12859 6939
1280 19151
4230 262757 3356
202194 6939
20080 25152 1251
263152 6939
29075 6939
28329
1916 19151
6939 29608 59689 50620 24482 8426 202032 2497 6762 31424 3356 37271 8763 6667 49463 12654 6881 34288 262317 8218 9002 6453 34781 1273 20612 52320 20764 15547 7575
29608
16735 25152
2497
53067 10429
53070 10429
6762
31424
3356
264911 10429
37271
8763
34288
62567 6453
49463
19151 25152
25152 3257 1273 12654
20764
3257
6881
50620
262317
6720
59689
7018
6667
24482
8426
23106 52320
9002
6453
262757
35369
34781
1273
20612
10429
1251 28571
52320
28571
202032
8218
12654
52720
15547
7575
