#src/zombie.py
# GMT Mon Oct  1 04:55:25 2018
# 
20612 1836
50620 6939
8422 1299 9189
2857 6939
12989 22548 16735
59689 30781
264911 10429
57821 12586
62567 2914
174 6762 7018 3356 12956 6453 29680 286 3257 1239 64396 41497 13002 1299 24482 25160 16347 9304 29075 6461 2914 20764 21320 12779
43100 9002
286
198249 15576
28917 1299
22652 3356
198290 6661
56730 31463
2914 37271 4844 19151 29140 25220 1916 2497 8455 20080 29686 31463 29636 1764 50300 4589 6661 9002 30781 8607 7575
12713 1273 47872
15435 1299
8455
12859 9002
1280 1299
513 6730
37497 6939
31133 1299 31261
20080 1251
16347
31463
25512 1299 6881
15547 1299
1257 3333 1239
12637 6939
50300
12586 20676
8218 6461
16735 262757 1299
2497
12779
5539 8763 21385
8607
7018
3356 3549 20764 29608 6939 9002
37271 37239 1299
4844 37989
8763
49463 13193
21385 6939
6661
29140
3257 1103
47872
6881
52863 6762
262317 6939
8596 1764
48526 1273
41497
15576 34288 6772 1299 196621
34019 30781
34288
15605 6939
37989
50304 42708 1299 57381
58299 13030
23106 10429
1103
50763 8943
34781 13030
31261 41617
38930 1299 8283
1251 28571
680 1299
22548
28571
31424 6939
9002 12654
30781
7575
64396
1836 13030
49605 6939
13030 35369 1299 6772
1853 21320 6720
8758 6939
12956 10429
8283
14061 1299
3333
8928 10026
3549 28329 52720
263075 6939
13193 1299
20932 6939
37640 6939
263651 6939
1764
52720
202194 198385
25160
4589
29686
9304
51405 6939
29636
29075 198385 1299
28329
1916
6939 10026 263152 20764 202032 59891 8426 30844 53067 12654 5396
25220
202032
21320
41617
5396
6762
6893 25091 2613
25091 13002
59891
2613
10026
263152
198385
553 1299
25152 19151
29680
19151
42708 1299
1299 20676 6730 8943 1273 31122
1239
196621
53067
20676
6720
30844
9189
13002
6667 1273
29608
24482
8426
6730 6730
1273
6772
6453
262757
31122
35369
8943 8943
6461
53070 10429
57381
20764 12654
12654
37239
10429
