Class	Node Name
2.000000	37468
2.000000	37271
2.000000	50620
2.000000	13030
2.000000	2857
1.000000	12989
1.000000	22548
1.000000	16735
1.000000	264911
2.000000	6939
2.000000	57821
2.000000	12586
2.000000	62567
1.000000	174
1.000000	64396
1.000000	6667
1.000000	1836
1.000000	1299
1.000000	25512
1.000000	25160
1.000000	6730
1.000000	12779
1.000000	19151
1.000000	29636
2.000000	29075
1.000000	41497
1.000000	50300
1.000000	1764
1.000000	31122
1.000000	12637
1.000000	1916
2.000000	286
1.000000	12874
1.000000	6762
1.000000	15605
2.000000	198249
2.000000	15576
1.000000	28917
1.000000	22652
1.000000	3356
1.000000	8359
1.000000	20764
2.000000	198290
1.000000	2914
1.000000	56730
1.000000	31463
2.000000	41722
2.000000	9002
1.000000	4844
2.000000	15435
2.000000	8455
1.000000	12859
1.000000	1280
1.000000	513
2.000000	37497
2.000000	20080
2.000000	29691
2.000000	57118
1.000000	6881
1.000000	15547
1.000000	1257
1.000000	3333
1.000000	1239
2.000000	16347
2.000000	20676
1.000000	8218
1.000000	6461
1.000000	12956
1.000000	2497
1.000000	701
1.000000	8607
1.000000	13002
1.000000	25091
1.000000	44217
1.000000	14061
1.000000	20932
1.000000	1853
1.000000	37989
2.000000	8763
2.000000	49463
2.000000	43531
2.000000	8596
2.000000	3257
1.000000	47872
1.000000	202032
2.000000	12307
2.000000	48526
1.000000	18881
1.000000	52873
2.000000	8220
2.000000	196621
2.000000	34019
2.000000	34288
1.000000	50304
1.000000	42708
1.000000	58299
1.000000	23106
1.000000	10429
2.000000	1103
2.000000	50763
2.000000	48166
1.000000	20612
1.000000	1251
1.000000	28571
2.000000	680
1.000000	31424
2.000000	41617
2.000000	49605
1.000000	7575
2.000000	12654
2.000000	9189
1.000000	29608
2.000000	4589
1.000000	8758
2.000000	8283
1.000000	263075
2.000000	37640
1.000000	263651
1.000000	35369
1.000000	52720
2.000000	59689
1.000000	262317
2.000000	29686
2.000000	9304
2.000000	51405
1.000000	198385
1.000000	59891
2.000000	1273
2.000000	25220
2.000000	8928
2.000000	2613
1.000000	263152
2.000000	25152
2.000000	29140
2.000000	30844
2.000000	24482
2.000000	8426
2.000000	6453
1.000000	262757
1.000000	5396
2.000000	553
1.000000	53067
2.000000	37239
1.000000	52863
2.000000	29680
1.000000	202194
1.000000	57381
1.000000	7018
1.000000	6720
1.000000	53070
