#src/zombie.py
# GMT Mon Oct  1 04:01:07 2018
# 
263584 263321
16685 22356 16685 4230
6762 2914 61568 1299 5396
6720 8447
35699 174
22356 28634
15605 12874
14907 38930
29075 15576 198385 174
12307 57118
3333 12859
1103 3257
22381 53070 4809
20612 1836
29226 2895 20485
6894 2497
8167 7738 25933
3491 64050 7738 28513 41095 1299
22652 6453
3356 8426 553 8455 25091 41095 3356 680 30781 3549 9002 16347 1299
29608 12654 5511 34019
680
49605 174
3549 52720 52873
4809 4134
29686 6453
4230 28513
20932 174
28634
37468 174
47692 6453
205206 16245
8896 174
37100 327782 6453
29222 3303
39392 174 29504
51405 24611
20485 1299
12654 15562 6881 50304
38001 41095
198290 6661
29680 174
8220 3320 15547
5392 174
12874 3303
52873
8607 2914
327782 327960
39821 28917
34177 174
28917 174
513 6730
196621 8758
9304 174
56730 31463
6830 1299 59414
15576 29691 8758 21232 34288
1221 4637 4608
4608
20562 29208
61568 263321
43578 174
6461 1299 7575
25220 29551
23106 52320
23148 25152 701
34019
25091
1239 4637 1299
6893 2613 6730
3257 34549 15435 29551 12586 13237 1299
30781 59689
3252 174
35054 3303
39351 174
1299 8732 5511 12956 701 7018 174 3320 13030 2914 50304 6453 286 6939
1764 35369 174
198385 202194
40191 174 395766
1916 174
29551
31463 50300
12859 50304 30132
38930 8283 174
53070
21232
1251 52888 20080
174 12779 16245 37497 12637 51185 20764 24482 3303 6667 19151 25512 6661 8218 12389 1836 50877 64463 50300 41497 51395 49463 29140 6730 174 25160 39122 16735 31742 52320 48526 58299 13760 12350
6939 63297
8943 2914 50763
25933
16735 262757
31742
4777 2497
8222 3320
59414
14061 6453
3320 47147 3303 8447
51395 59891
12779
35369
58299
13760
25160
29691 198249 57118
553
59689
37497
12637
266534 18881
395152 63297
52720
29208 6881 15685 57111
16347
25227 12389
20764 8732 41722
8426
20080 2914
9002
50877
2914 15562 4134 49375
50304 30844 6661
4637
286
50763
63297
8455
202194
25152
2895
49463
7738
6730 6730
7018
15562
52888
5511 12956
6881 15685 25512
198249
8732
24611 6661
701 2497 1280
59891
4134
47147
5396
48526
13237
57821 12586
12956 28220 18881
16245
34549
37271 6453
41095
51185
31424 13030
24482
3303
49375
28220
19151
30132
327960
8283
8218
12389
6667
262757
15547
395766
6453
8758
64463
50300
263321
41497
13030
64050
12586
57118
12350
7575
34288
30844
15685
8447
25512
39122
52863 52320
2497
41722
15435
1280
29140
57111
2613
52320
1836
18881
28513
6661
29504
