#src/zombie.py
# GMT Mon Oct  1 06:09:20 2018
# 
328206 328145
6762 8732 41497 3320 30844 12654 174 31463 3356
6720 8447
15605 12874
264911 6939
202032 6939
3333 12859
52888 1251
20612 1836
4657 38001 3491
3491 174
22652 3356
3356 174 37271 8896 29608 8426 6774 30781 3549 15547 48526 6453
29608
680 1299
8365 2914 2857
49605 3257
3549 16735 263702
20495 8455
29686 6453
4230 262757 174
20932 57111
31122 3257
37468 1299
53067 6939
47692 33891 12654 6939
8758 13030
8896
28634 22356
39392 33891 29504
51405 24611
12654 9002 13030 12779 57111
43100 57111
1273 6667 1299
38001
198290 6661
29680 3257
8220 15576 3320
513 6730
12874 3303
62240 136620 1299
8607 6939
28571 1251
29075 1299
50300 174
28917 1299
263702
136620 136620 59891
196621 15576
9304 3257
56730 31463
15576 198385
6461 174 8218 7575
6667
263152 6939
23106 52320
34019 3303
29504
25091 2914
29636 2914
3257 12956 1103 31742 12779 174
30781 59689
4844 2914 37989
39351 42708
1299 8943 13030 14061 42708 15435 16735 15685 52320 2914 174 5400 20676
33891 553 3320
198385
29551 25220 3320
50620 6939
31463
12859 13030
53070 10429
21232 13030
1251 20080
174 19151 7018 701 37271 6730 12779 2914 6453 286 25160
6939 263075 262317 57111 22548 37640 5396 52720 64463
8943 50763
59891
16735 263508
31742
1916 2914
59414 13030 12307
13193 3320 49463
14061
3320 47147 6661 3303 8447
12779 2914 57111
35369 13030
58299 13030
25160
29691 13030
553
59689
12637 2914
262317
263075
52720
25220
16347 2914
45896 9002
20764 8732 41722
8426
6774 328145
20080 2914
9002 2914 6453
50877 57111
2914 2497 29140 1280 15562
50304 42708 57381
42708
286
50763
8455 8283 13030
202194 13030
25152 2497
49463
15435
6730 6730
7018
15562
1103
328145
6881 15685
198249 13030
8732
24611 6661
701 2497
47147
37640
5396
48526
4777 2497
12956 10429
37271 37239
31424 57111
22356 27715
3303
37239
19151
8283
8218
12307
262757
15547
2110 39122 5400
6453 24482
64463
20676 12586
41497
13030 34288 1836
12586 57821
24482
22548
57381
7575
34288
30844
15685
5400
8447
39122
52863 52320
2497
37989
41722
57821
1280
29140
57111 2613
2613
263508
52320
1836
10429 27715
2857
6661
27715
