#src/zombie.py
# GMT Mon Oct  1 06:10:21 2018
# 
52873 18881 52720
1916 2914
22548 16735
14061 1299
7018 2914
34781 13030
198545 29152 174
8447 3320 6720
53070 10429
37239 4809
29075 174 50620
5396 6762
6453 2914
701 1280 2497 702 2914
8468 3549
3252 702
48039 12586 8596
29551 31025 25220
16735 52320 28138
57821 12586
3491 2914
24785 1136 41095 24785
35054 3303
6730 513 174 6730
35699 2914
2895 3267
29691 57118 15576
3356 14361 2914 3303 25220 3549 1299
51405 24611
1853 1764
263321 263584 7738
7660 22388 9270
4777 2497
13030 31424 51395 58299 5413 1299 1836
9189 8422
30132 12859
19151 174
8220 5413 15547
1239 7738 2914
12956 18881 28220 10429 6762 2914
52720
12859 25220
29152 58308
50763 8943
15435 1299
37271 4809 327995
8222 3320
24611 6661
4230 28513 262757
24489 24490 24489 9270
198385 202194 41562
43531 24482 5413
64396 174
6777 8426 5413
12874 3303 15605
327995
59689 30781
12350 174
15547
59891 51395
3333 1136
20080 2914
5392 3549
25933 3549
31463 56730 21396
6939 5413 25152
58299
1103 3257
20562 5413
7575 24490
262317 10429
31424
42708 50304 5413
513
57118
4637 1221 5413
4589 2914
41562 15576
41095 13002 5413
2914 47872 25220 5413 28513 25160 3257 4134 6762 1764 12654 1299 16347 12637 30781 8455 174 29686 29140
553 680
7738
1299 3320 286 174 25220 2603 62567
8607 5413
198249 15576
2497
263584
31025 13101
8928 5413 29680
26615 6762 16397
29222 3303
15576 196621 3303 34288 8758
14361
62567
2828 52320 5413
30844 5413
25160
34177 174
47872
8943 5413
262757
34288
56730
52863 4809
2613 25091
30781 34019
3320 680 13237 3303
8455
2603 3267
1836
680 20965 680 12654 174
8426
13002 25091
8758 20612
8359 28917 12654
9270 9270
20965 11537
20764 174
1221 4608
28513
5413 12654 49605 21396 8218 9002 50300 51185 16265 48526 8422
49463 174
28917 39821
286
13101 12586
16265 38930
25220 12654
28220
34019
12637
39821
41497 174
25152
18881
50300
24482
6720
9304 174
202194
48526
8422
4608
50304 57381
20932 174
3549
51185
52320
16397 263075
4134 4809
13237
49605
29140
11537 22388
24490
21396
6661 198290 174
28329 6762
8596
9002
12586
3303
22652 3257
57381
174 174 29608 12779 6667
29686
702
29608
198290
28138
38930 8283
15605
8218
51395
263075
3257 31122
1136
6667
4809
6762 12654
10429
196621
12654
20612
12779
16347
58308
31122
50620
22388
8283
25091
3267
29680
1764
1280
