#src/zombie.py
# GMT Mon Oct  1 07:10:34 2018
# 
37468 37271
50620 6939
2857 6939
8447 6720 6939
37640 6939
24785 8763 6939
264911 6939
57821 6939
62567 6939
174 6762 7018 3356 1299 701 25160 16347 6453 19151 286 3257 6461 1239 20764 64396 2914
43100 9002
286 1103
198249 6939
28917 6939
22652 3356
198290 6661
56730 51945
41722 12389
2914 29636 8455 4844 6661 9002 30781 12637
12989 53070 6939
15435 6939
8455
12859 6939
1280 6939
513 6730
29608 3356
31133 31261 6939
20080 6939
16347
15547 6939
1257 3333 1239
41497 6939
50300 6939
8218 6461
16735 22548 262757 6939
2497 701
12779 3257
8607 6939
9189 6939
3356 3549 9002
37271 6939
4844 37989
8763
49463 6939
4657 24482 6939
51945 6939
12874 15605 6939
3257 4589 29680
47872 6939
6881 6939
202032 6939
262317 6939
8596 1764
48526 6939
18881 52873 12956
12637
15576 6939 196621
34019 30781
34288 6939
15605
37989
50304 6939
58299 6939
23106 10429
1103
50763 6939
34781 13030
31261 41617
20612 6939
1251 28571 6939
680 1299
22548
28571
1273 6667 1299
30781
7575 6939
64396
701
1836 13030
49605 6939
13030 1299 12654
8758 6939
12956 10429 6939
14061 6939
3333
8928 10026
3549 28329
263075 6939
12389 6939
20932 6939
41617
263651 6939
1764 35369 6939
52720 52873
59689 6939
25160
4589
29686 6939
9304 6939
51405 6939
29636
29075 6939
28329
1916 6939
6939 59891 1299 37497 202194 30844 6939 25220 5396 31424 25091 2613 10026 263152 25152 29140 198385 6730 31122 57381 53067 12654 37239
25220
52863 6762
6661
5396
6762
31424
25091
59891
2613
10026
263152
198385
57381
25152
29680
19151 12654
53067
1299 553
1239
196621
29140
6720
30844
202194
7018
6667
24482
8426 6453
6730 6730
9002 12654
6453
262757
31122
35369
37497
6461
53070
553
20764
52873
12654
37239
10429
