#src/zombie.py
# GMT Mon Oct  1 08:15:33 2018
# 
3257 6461 174 1103 3356 1299 8607 4589 29686
29680 174
18881 12956 52873
198249 15576
3356 20676 174 2914 1299 8732 6830 8607 37271 9002 6939 28917 6762 25074 3549 1836 4230 286 1239 15547 701 1853 6453 25220 21320 48166 30781 50300 7018
29208 15685 6939
57118 196621
1257 3333 1239
6881 15685
25091 13002 6893
9002 8359 12654 43100
59689 30781
31424 6939
12654 8607 42708 2914 6939
6762 12956
51405 24611
513 6830
50300
13002 20764
14061 1299
21396 6939 31463
1103
31463 56730
47872 12713
1239
8758 6939
12779 174
3303 15576 12874 3320 34019
8763 5539
48166
57821 12586
30781
57381 42708
263075 6939
50304 42708
8943 50763 1299
196621 15576
59891 6939
2914 20080 174 8607 1916 5511 8455 6939 3320 4844 52320
202194 198385
286
202032 6939
6830 6830
37271
8455
6939 263152 12859 8607 21385 4657 13193 264911 5396 31122 37239 28329 22652 8426 703 37640 262317 58299 50620
3320
29608 174
50763
23148 701 25152
25074 9189
13030 1299 34781
3549 24611 4809
5396
20080 1251
4230 262757
8359 20764
12956
263674 28329
34019
28329
22652
6453
7018
50620
553 680
10026 8928 1299
6661 198290 174
19151 174
198290
35369 174
703 701
52873 52720
29140 174
20676 12586
29686
263152
16735 52320 12989
1299 1273 38930 62567 42708 15435
8732 20764
8426
37989 4844
34288 15576
1280 701
8928
174 64396 174 41497 680 29075 20932 6667 2857 9304 29636 25160 48039 198385
28571 1251
12586
28917
12874 15605
1273 12713
49605 42708
52320
1836 20612
15576 29691
16347 8218
6461 7575 8218
12713
31122
37239
15547
7575
41497
1853 6720 21320
4589
25220
21320
52863 4809
29636
20932
262757
8607
34781
48039 8596
4844
2857
58299
49463 13193
8283 38930
53070 12989
30844 42708
43100
3333
5539 21385
6893 2613
62567
20612
21385
6667
680 680
5511 48526
29691
15605
56730
2497 701
13193
24482 4657
29075
2613
264911
4809
12859
1251
198385
25152
8596
15685
262317
701
42708
1916
15435
9189
37640
4657
25160
64396
38930
24611
20764
52720
8218
6720
12989
48526
9304
