#src/zombie.py
# GMT Mon Oct  1 05:09:01 2018
# 
57821 12586
1916 2914
14061 1299
7018 174
34781 13030
8447 6939 6720
2914 30781 174 20080 8455 4844 4589 6661
53070 12989
263152 6939
37989 4844
8763 5539
5396 6939
701 1280 174 2497 23148
6461 7575 174 8218
20932 3356
2613 6893
21320 174 1853
30781 34019 59689
3320 3303 6939
16735 12956
59891 6939
8455
3549 3356 52720
29680 174
8943 1299 50763
20485 13002 1299
50300 5580 31463
6893 25091
680 553 3356
8426 6939
35369 13030
13002 25091
16347 8218
29691 198249 15576
29636 174
20764 174
263651 6939
52888 1251
1853
28917 3356
6830 513 6830 1299
29608 5511
49463 174
20676 3356 12586
25160 174
286 174
8422 3356 9189
34288 15576
202032 6939
19151 174
6453 174 29686 62567
25220 3356
37239 37271
4844
12956 6939
23148 25152
34019
13030 1299 1836
15685 6881 29208
41497 3257
25152
12859 6939 3333
1273 6667 1299
24482 4657
6720
9304 174
5511 5511 6939 174 48526
31463 56730
6939 3356 52863 51405 263075 1251 262317 12779 37640 12654 12874 1299 8607 4657 264911 28329 31122 21385 30844 58299 29208 12989
202194 198385
12989
50763
5580 3257
29075 174
52720
37271 3356
29208
8928 1299
50304 57381 42708
47872 44217
52863
3356 9002 22652 44217 174 15576
64396 174
3333
12874 15605
49605 43100 12654 9002
29140 174
59689
8596 48039
15547 1299
6661 198290
4657
264911
28329
48526
9002
31424 12779
12586
20080
22652
56730
57381
263075
44217
9189
174 3257 12779 6762 1299 48039 50620 198385 174 15435 2857
30844
58299
1103 3257
1251 28571
198290
38930 8283 1299
15605
8218
7575
262317
1836 20612
42708 1299
48039
5539 21385
513
57118 196621
4589
3257 12779
12779 12654 12779
6667
37640
196621 15576
12654
553
15435
20612
1299
8607
198249
2497
6881
51405
31122
50620
29686
198385
21385
8283
25091
43100
6762
28571
15576 3303
3303
1280
2857
62567
