#src/zombie.py
# GMT Mon Oct  1 04:12:23 2018
# 
263584 263321
6762 8732 41497 37271 50877 12874 3356 57111 20080 29075 5396 174 31463
6720 8447
22356 27715 28634
15605 12874
14907 1299
29075 15576 198385 1299
12389 25227 1273
3333 12859
1103 9002
20612 1836
8167 7738 25933
3491 64050 41095 174
22652 6453
3356 8359 12956 25091 8896 41095 51185 29222 8426 49605 3549 35054 6730 9002 5400 174 34177
29608 20764
680 1299
49605
3549 16735 9304 52720 5392 52873
29686 2914
20932 1299
28634
31424 13030
53067 6939
47692 33891
205206 6939
8896
37100 327782 6453
29222
39392 3257 29504
51405 24611
35699 2914
12654 41722 3252 41095 20764 9002
25160 1299
701 174 2497 1280 23148
8359 28917
38001 41095
198290 6661
29680 174
513 6830
12874
52873
8607 2914
327782 327960
39821 28917
264911 6939
34177
28917
5392
196621 8758
9304
56730 31463
6830 174 6830 59414
15576 29691 21232 8758 34288 198249
1221 4637 4608
4608
20562 41095
61568 263321 18881
43578 1299
6461 174 8218
6667 1273
263152 6939
23106 10429
23148 25152
34019 6939
25091
3257 174
30781 2914 59689
3252 174
35054
39351 42708
1299 33891 553 13030 14061 12586 4637 15547 29551 37468 42708 174 49375 8447 1273 31742 13237 8222 13193 47147 15685 52320 48526 50304 13760 1299 6939
33891
198385 202194
40191 174 395766
29551 25220
31463
12859 41095 30132
28929 6939
53070 10429
21232
14840 6939
2895 41722
1251 52888 20080
174 12956 37497 12637 19151 12350 7018 24482 6661 20764 64463 2914 58299 6453 286
6939 63297 262317 20764 37640 263075 202032 51395 263508
25933
16735 262757
31742
13237
8222
59414
13193 49463
14061
51395 59891
12779 2914
35369 2914
58299
13760
263321
29691 57118
553
59689
37497
12637
262317
266534 18881
395152 63297
263075
52720
25220
16347 2914
25227
45896 41095
20764 8732 50763 41722 30844 8283 6661
8426
20080
9002 15435 2497 8455 6453
50877
2914 1916 29140 7575 15562 50300
50304
42708
4637
286
50763
63297
30132
202194
25152
59891
49463
7738 12956
29504
7018
15562
52888
6881 15685
198249
8732
24611 6661
1273
15435
47147
37640
5396
48526
4777 2497
12956 28220 10429 18881
1916
37271
41095
51185
37468
6893 2613 6730
49375
28220 28220
19151
8455
327960
8283
8218
202032
262757
15547
395766
27715 10429
2110 39122 5400
6453
8758
64463
50300
41497
13030 1836
64050
12586 57821
24482
57118 12307
12350
7575
34288
30844
15685
5400
8447
39122
52863 52320
2497
41722
57821
1280
29140
57111
2613
263508
12307
52320
1836
10429
18881
6661
6730
