#src/zombie.py
# GMT Mon Oct  1 04:04:44 2018
# 
52873 52720 12956
1916 174
22548 16735
14061 1299
196621 57118 8758 15576
34781 13030
8447 3320 6720
12654 3252 20764 41095 9002
7575 2914
53070 10429
49605 1299
37239 4809
24611 51405 6661
29075 58308 174
30844 20764
8220 3320 15547
701 3356 2497 702 1280 6461 3491
8468 3549
25220 3320
4608 1221
7018 174
2613 25091
57381 50304
30781 5511 59689
3320 3356 8222 2914 4809 33891 702 3303 13193 8422
16735 41095 262757 28138
59891 51395
8455 1299
57821 12586
8943 1299 50763
1836 174
50300 2914
35054 3549
680 553 174
16347 2914
8426 6453
20932 1299
6730 513 174 6730
13002 20764 25091
8607 2914
8758 20612 15576
2895 20764
48526 1299
8422 9189
20764 8732 3216 174 28917 20764 6661
51405
6939 3356 51395
1853 1764
58299 13030
4777 2497
1221 4637
29608 174
49463 13193
2497
25160 174
286 1136 3356 1103
13101 3216 12586
20080 2914
1764 2914
19151 174 25152
6453 3356 29686
6461 8218
28220 12956
1239 3356 4637
12956 10429 9002
263321 263584 7738
13030 1299
38930 174 8283
52720
25152
12859 30132 9002
1273 6667 1299
8222
6720
4589 3257
9304 174
5511 3356
33891 31424
202194 198385
29691 15576
50763
15435 3257
37271 4809 327995
24482 174
13193
58308
50304 42708
47872 2914
262757
52863 4809
3549 3356
64396 174
16397 263075 26615
3491
15547
13237 1299
34019 3303
31424
29140 174
59689
12350 174
51395
8596 48039
34288 15576
6661 198290 174
3216 3216 6762
28329 6762
29680 174
7738 41095
9002 2914
12586 48039
3303 29222 15576 41095
22652 3356
56730 31463
25933 6762
263075
31463 6762
9189
174 3356 12779 3252 50620 174 35699
29686
702 3252
1103
198290
28138
20562 3252
8218
3252
262317 10429
327995
42708 1299
48039
513
57118
4637
41562 198385 15576
3257 3356 31122
35699
8732 1299
6667
4809 1299
41095 3356
10429
3356 2914 14361 1299 6762
2914 34177 1299
553
20612
1299 62567
12779
34177
198249 15576
1136 3333
26615 6762
263584
31122
50620
198385
3333
8283
25091
6762 6762
62567
15576
30132
1280
14361
28917
29222
