#src/zombie.py
# GMT Mon Oct  1 04:31:02 2018
# 
37468 174
198385 29075 202194
29691 57118 15576
2857 174
12989 22548 16735
24785 20562 1299
264911 6939
57821 12586
62567 2914
24611 3549 51405
174 64396 12637 37271 19151 29140 3257 198290 174 20932 1916 25160 1280 6730 48526 8422 9304 29075 41497 20764 29608 12779 31122
286 1299 1103
12874 3303 15605
198249 15576
28917 6939
15685 29208 6881
198290
56730 31463
41722 9002
2914 29636 3257 1299 4844 20080 29686
8447 6720 6939
15435 6939
34019 3303
12859 29208 16347 20562 29075 8943 3257 47872 6939 4589 13193 12654 30844
1280
513 6730
37497 6939
1299 6762 7018 13030 14061 6453 3257 6461 6939 42708 16735 1273
20080
12956 18881 10429 6939
31463 21396 50300
15547 6939
1257 3333 1239
41497
50300
12586 20676
8218 6461
16735 262757 6939
2497 3257
12779
5539 33891 8763
8607 6939
7018
3356 680 3549 3257 8426
37271 37239 3257
4844 37989
8763
50620 6939
49463 13193
8422 9189
43531 8596 6939
42708 50304 57381
3257 1764 5511 1239 3320 22652 3303
47872
6881
52863 6762
50304
8596
48526
18881 52873
12637
15576 8220 196621
4589
34288 9002
1916 1251
37989
12307 57118
58299 6939
23106 10429
5511 30781
1103
50763 8943
48166 9002
57118
20612 1836
1251 28571
680
22548
28571
31424 6939
1273 6667
30781 59689
7575 6939
64396
1836 13030
49605 9002
13030 8455 8758 6939 12654
8758
16347
8283 8455
14061
3333
8928 29680 6939
3549
9189
263075 6939
21396 6939
52720 52873
52873
13193
20932
37640 6939
263651 6939
1764 35369
29208
20676 6939
59689
25160
262317 6939
29608
29686
9304
51405
8220 6939
29636
29075
23148 25152 6939
3320 3303
6939 263152 59891 53067 24482 9002 33891 25220 202032 12654
25220
202032
41617 9002
33891 553
6762
6893 25091 2613
25091 13002
59891
2613
263152
20562
553
22652
25152
29680
15605
53067
8455
1239
196621
29140
6720
30844
202194
13002 20764
6667
24482
8426
6730 6730
9002
6453
262757
31122
35369
8943
6461
53070 10429
57381
20764 20764
3303
19151
12654
37239
10429
