#src/zombie.py
# GMT Mon Oct  1 05:57:06 2018
# 
52873 18881 52720
1916 174
22548 16735
14061 1299
7018 3356
34781 13030
59891 51395
53070 10429
37239 4809
29075 3320 58308 16347 174 50620
5396 3356
6453 6453 174 29686 3356 29608
701 3356 2497 1280 702 2914
8468 3549
6461 7575 174 8218
3252 702
48039 12586 8596
16735 174 12956 28138
57821 12586
3491 2914
30844 20764
35054 3303
35699 174
2895 3267
29691 57118 15576
3356 3549 51185 3257 4134 286 41095 2914 1239 12956 8607 3320 9002 1299 3216 5511 6762 174 14361
51405 24611
1853 6720 1764
28917 8732 39821 8359
4777 2497
1103 286
13030 31424 1299 58299
9189 8422
30132 12859
19151 174 25152
8220 5511 15547
1239 4637
12956 18881 28220 10429
263321 263584 7738
12859 20764
3216 3216 20764
5511 30781 48526
6939 20764 51395
50763 8943
15435 1299
37271 4809 327995
24482 174
24611 6661
4230 262757 9002
52863 4809
198385 202194 41562
8426 6695
12874 3303 15605
327995
59689 30781
12350 174
15547
29680 174
3333 1136
20080 6762
5392 174
25933 26615
31463 50300 56730
58299
52720
20562 20764
2613 6893
262317 10429
31424
42708 50304 1299
513 3320
57118
4637 1221
4589 2914
41562 15576
41095
2914 47872 9002
553 680
7738 3320
1299 8455 2603 8943 8732 174 62567 13237 38930 8359 8422
8607
198249 15576
8732 20764
2497
6695 20764
26615 6762 16397 26615
34177 174
6762 28329
15576 196621 3303 34288 8758
14361
62567
25160 174
8943
47872 12654 3320
262757
34288
56730
7575
30781
3320 1764 3320 3303 8222 25220
8455
2603 3267
1836 174
6893 25091
680 174
13002 20764 25091
8758 20612
8359 20764
8422
20764 20932 31122 20764 13101 49605 174 12654 6661
1221 4608
49463 174
286
13101 12586
25220
28220 28220
34019 3303
12637 174
39821
41497 174
25152
18881
50300 174
8222
64396 174
9304 174
202194
48526
4608
50304 57381
20932
3549
51185
16397 263075
4134 4809
13237
49605
29140 174
8596
6661 198290 174
28329
9002 1136 12654
6720
12586
3303 29222
22652 3257
57381
174 12779 6667 174
29686
702
29608
198290
28138
38930 8283
15605
8218
51395
263075
3257
1136
6667
4809
29222
10429
196621
12654
20612
12779
16347
58308
31122
50620
8283
25091
3267
263584
1764
1280
