#src/zombie.py
# GMT Mon Oct  1 04:23:22 2018
# 
52873 18881 52720
1916 2914
22548 3549
14061 3356
7018 5511
34781 13030
8447 3320 6720
53070 10429
29075 58308 174
5396 3356
6453 174
701 4134 2497 1299 702
8468 3549
25220 50304
3252 702
48039 8596 3320
16735 52320 28138 12956
57821 12586
3491 28513 174 12389 3356
24785 1136 6939 24785
50300 42708
35054 3303
35699 174
2895 29076
29691 57118 174
3356 30781 20932 3549 8426 9002 49605 34177 22652 8732 5511 31463 174 29608 1299 8359 8607
51405 24611
1853 1764
263321 263584 7738
4777 2497
13030 198249 51395 58299 29608 1299 1836
9189 42708
1764 8218
45896 174
8220 3320 15547
12956 5511 174 18881 10429 28220
52720
12859 50304
5511 6762 174 29608 2914 1299 3257
6939 50304 25152 1280 29608 7545
50763 50304
15435 50304
37271 4809 327995
24482 174
24611 6661
4230 28513 262757
52863 6762
198385 202194 42708 41562
8426
12874 3303 15605
327995
59689 30781
19151 174
15547
59891 51395
3333 1136
20080 2914
5392 3549
25933 3549
31463 56730
28917 39821 8359
1103 50304
29076 12389
13237 1299
20562 50304
58299
7575 6461
31424 50304
42708 57381 50304 41095 42708 29686 31025 1299
513 3320
57118
41562 15576
12779 174
30132 50304
41095
2914 174 4589 1299
553 680
7738 3320
1299 3320 8222 50304 174 52320 6461 62567
6762 28329 174
8607
198249
1136
2497
263584
7545 24130
31025 12586
29222 3303
4608 24130
15576 3303 8758 196621
62567
25160 174
12389
4589
47872 50304
262757
34288 29608
56730
2613 6893
30781
3320 3320 3303 13193 6661
8455 50304
34177
1836
6893 25091
680 174
13002 20764 25091
8758 20612
48526 174
20764 8732
49463 13193
286 174
6461
28220
34019 29608
12637 174
39821
41497 174
25152
18881
24130
8222
64396 174
9304 174
202194
8359
13193
50304 29140 8283 6667 174 12654
20932
3549
51185 174
52320
28513
4134 4809
12350 174
49605
29140
8596
6661 198290
28329
9002
6720
12586
22652
57381
174 29680 50620 174 8218
29686
702
29608 43100 12654
198290
28138
15605
8218 16347
51395
3257 31122
8732
6667
4809
29680
10429
196621
12654
20612
16347
58308
31122
50620
8283
25091
43100
3303
1280
