#src/zombie.py
# GMT Mon Oct  1 06:09:59 2018
# 
263584 263321
6762 41497 50877 174 5396
6720 8447
22356 27715 28634
15605 12874
14907 1299
29075 15576 1299
202032 35054
3333 12859
1103 11537
20612 1836
29226 2895 12389
15935 29504 1299
8167 7738 25933
3491 174 41095 28513
22652 1299
3356 8426 3549 6730 37497 174 34177 41095 35054 51185
680 20965
49605 9002
3549 5392 9304
29686 2914
11096 20080 11537
4230 262757 28513
6939 25152 51395 1280 1299 202194
20932 1299
28634
37468 1299
22388 7660 11537
47692 33891
205206 42525
8896 174
11537 20965
37100 327782 174
29222 3303
51405 24611
35699 2914
24611 6661
12654 35054 513
1273 48526 3216 6667 12389 1299
38001 41095
39351 42708
29680 174
2603 8607 20562 30844 21320 12859 28917
559 513 20965
513 513 6730 20965 174 6830 21320
12874 3303
52873 52720 12956
8607
327782 327960
39821 28917
34177
28917 1299
42525 1299
5392
196621 8758
9304
4637 1221 1299
6830 1299
15576 198385 8758 6453
1221 4608
4608
20562
61568 263321 18881
43578 1299
6461 174 8218
6667
23106 10429
25091 2914
3257 12586 174
30781 2914 59689
3252 174
35054 6730 64463
198290 2914
1299 33891 13030 553 29551 15435 12350 7473 174 11404 8447 8943 51945 16735 8455 42708 8222 31742 49375 13193 14061 47147 52320 15547 5400 50304 13237 37271
33891
198385
40191 174 395766
29551 25220
20965 21320
51395 59891
12859 30132
53070 10429
21232 13030
51945 56730
7473 64050
1251 52888 20080
174 12956 7018 19151 3320 2914 6453 286 701
286
8943 50763
25933
16735
31742
13237
39540 57118 12307
1916 20080
59414 13030
13193 49463
14061
3320 3303
12779 2914
5400 2110
58299 13030
13760 2914
25160 2914
29691 13030 57118
553
59689
37497
12637 2914
266534 18881
395152 63297
52720
25220
16347 2914
25227 12389
10429 12956 27715
9270 9270 7660 24490
20764 3216 41722
24490 24490 7575
8426
20080 2914
9002 2914
50877
2914 29140 50300 15562 35369 29208
50304
42708
56730
50763
63297 11404
30132
202194
25152
2895
49463
7738 12956
29208 15685
29504
7018
15562
52888
6881 15685
198249 13030
3216
701 2497
59891
21320 6661
15435
47147
5396
48526
7660
4777 2497
57821 12586
12956 28220 18881
8222
37271
41095
51185
31424 13030
24482 6453
3303
49375
28220
6893 2613 6730
8455 8283
327960
8283
8218
12307
262757
15547
395766
27715
2110 39122
6453
8758
64463
50300
263321
41497
13030 34288 1836
64050
12586
57118
19151
12350
7575
34288
30844
15685
35369
8447
39122
52863 52320
2497
41722
12389
1280
29140
2613
52320
1836
11404
18881
28513
6661
6730 6730
