#src/zombie.py
# GMT Mon Oct  1 04:55:18 2018
# 
1916 27750 1251
14061 1299
7018 6939
34781 25091
59891 6939
559 20965 21320 3303 12654
12654 513
25160 2603
12389 1273 48166
2603 21320 8365 42708 12859 8426 8928 21385 50304 286 6762 8943 2914 15435 29208 8359 8607
27750 11537
37989 4844
30844 21320
5396 6939
8220 5511 15576
701 1273 2497 703 23148
25220 29551
263674 28329
52863 6762
2613 6893
21320 6939 9002 13193 6661
30781 5511 34019 59689
3320 174 6453 513 3303 6461 3257
16735 6939 262757
8455 3257
57821 12586
263152 6939
8763 5539
6893 25091
264911 6939
680 20965 553
8426
174 198385 19151 6830 37271 64396
13002 20764 25091
16347 8218
10764 11537 5511
8359 20764
29636 3257
20965 1853 1103 11537 24490
20764
8365 2857
1251 28571
1853 6720
28917 6939
7660 22388 17579
8943 50763
17579 24489
6830 6939 2914 513 6830 1299 8422
29680 8928
49463 13193
53070 12989
286
8422 9189
6881 15685
34288 15576
202032 6939
19151
29691 15576
6453
6461 8218
37239 37271
4844 2914
23148 25152
52720 6939
13030 35369 1299 1836
15685 29208
41497 3257
25152
12859
1273 1299
29551 31025
6720
48166
15605 12874
9304 4635
5511 5511 29608 48526
31463 50300 6939 56730
6939 4635 262317 31424 263075 51405 22652 37640 29075 10026 15547 28329 50620 31025 24482 53067 58299 1280 703 12989
202194 198385
48526
50300
29075
12989
29208
24482
13193
50304
47872 44217
262757
24489 24490
198385
64396
51405
12874 3303
34019
49605 9002
29140 3257
59689
11537 22388
24490
15547
6661 198290
53067
28329
8596 48039
9002 2914
3333 1103
31424
12586 31025
20080 2914
22652
56730
57381 42708
263075
44217 6762
9189
35369
29686 3257
58299
1103
198290
38930 8283 1299
703
8218
4635 1836
7575 22388
262317
1836 20612
42708
48039 31025
5539 21385
513 513
57118 196621
50763
4589 3257
3257 6667 31122 12779
12779
6667
10026 8928
6762
29608
196621 15576
2914 62567
553
15435
20612
1299
8607
198249 15576
2497
37271
31122
50620
22388
31025
8928
21385
8283
25091
37640
28571
15576 3303
3303
1280
2857
62567
