#src/zombie.py
# GMT Mon Oct  1 06:01:46 2018
# 
52873 18881 52720
1916 174
22548 16735
14061 1299
7018 174
34781 13030
8447 3320 6720
53070 10429
37239 4809
29075 58308 1299 50620
5396 3356
6453 3356
701 4134 3356 2497 174 702 1280 23148
8468 3549
6461 7575 174 8218
3252 702
48039 12586 8596
16735 12956 28138
57821 12586
4589 3257
30844 6939
35054 3303
174 3356 51185 25160 3257 286 13101 6762 19151 12350 1239 1299 20932 12637 29680 41497 1273 24482 64396 3491 9304 5511 680 174 28917 35699
35699
2895 3267
29691 57118 15576
3356 6939 3549 8426 41095 19151 2914 12956 6762 3320 9002 50300 34177 1299 25074 5511 31463 49605 29608 14361
51405 24611
1853 1764
58299 13030
4777 2497
13030 51395 1299 1836
9189 25074
1764 3320
45896 3549
8220 3320 15547
1239 4637
12956 18881 28220 10429
52720
12859 30132 9002
3216 20764 1273
5511 30781 48526
6939
1273 6667 1299
15435 1299
37271 4809 327995
24482
24611 6661
4230 28513 262757
52863 6762
198385 202194 41562
8426
3491 28513
12874 3303 15605
327995
59689 30781
12350
15547
29680
3333 1136
20080 6762
5392 3549
25933 3549
31463 56730
263321 263584 7738
1103 3257
20562 9002
2613 6893
31424 33891
42708 57381 50304 1299
513 6730
57118
50763 8943
41562 15576
12779 3257
30132
41095
2914 8607 3320 9002
553 33891
7738 3320
1299 2603 8943 38930 62567
8607
198249 15576
2497
263584
4637 1221
34177
29222 3303
4608 1221
15576 196621 3303 34288 8758
14361
62567
25160
8943
47872 6762
262757
34288
56730
7575
30781
3320 8222 33891 3303 6730 25220 13193 6661
59891 51395
8455 3257
2603 3267
1836
6893 6730
680
13002 20764 25091
8758 20612
48526
20764
1221
28513
49463 13193
28917
286 1136
13101 12586
25220
28220
23148 25152
12637
39821 9002
41497
25152
18881
50300
8222
6720
9304
33891
202194
13193
50304
20932
3549
51185
19151 12654
4134 4809
13237 3257
49605
29140 3257
8596
6661 198290 9002
28329 6762
9002 12654
12586
22652 3257
25074
57381
6730 6730
29686 3257
702
29608
198290
28138
38930 8283
15605
8218 16347
51395
3257 31122
1136
6667
4809
6762
10429
196621
12654
64396
20612
16347
58308
31122
50620
8283
25091
3267
3303
1280
