#src/zombie.py
# GMT Mon Oct  1 06:30:09 2018
# 
52873 18881 52720
1916 2914
22548 3549
14061 3356
7018 701
34781 13030
198545 3356 29152
8447 3320 6720
53070 10429
37239 4809
29075 174 50620
5396 3356
6453 701
701 3356 4230 6830 1299 4134 286 6762 174 702 2914 1280 7738 1239 6461
8468 3549
25220 3356
3252 6661 174 702 12654
48039 12586 8596
16735 28138 1299 3549
57821 12586
3491 3356
24785 1136 1273 24785
35054 3303
35699 174
2895 3267
29691 57118 15576
3356 3356 47872 1853 3549 8426 25160 34177 51185 41095 8220 30781 3320 9002 22652 12956 5511 31463 680 174 14361 8359
51405 24611
1853
263321 263584 7738
4777 2497
6830 513 6830
39821 28917
9189 8422
30132 12859
19151 174
8220 15547
1239 4637
12956 18881 174 10429
41497 174
12859 9002
53067 10429
5511 48526
29152 58308
1273 6667 1299
15435 1299
37271 4809 327995
24482 174
24611 6661
4230 262757
52863 4809
198385 202194 41562
8426
12874 3303 15605
327995
59689 30781
12350 174
15547
3216 3216 20764 13101 28917
29680 174
3333 1136
20080 2914
5392 3549
25933 3549
31463 56730
58299 13030
1103 286
20562 41095
7575 2914
31424 33891
42708 50304 1299
513
57118
50763 8943
41562 15576
12779 174
41095 3303 12654
2914 2497 3320 4713 9002 8455 4589 29686 8607 16347
553 680
7738
1299 3267 13030 49605 13237 8943 62567
8607
198249 15576
2497
263584
4637 1221
29222 3303
15576 196621 3303 34288 8758
14361
62567
25160
34177
47872
30844 20764
262757
34288
56730
2613 25091
30781
3320 33891 702 3303 8222 8422
59891 51395
8455
8943
1836 13030
680
13002 20764 25091
8758 20612
8359 20764 28917
8422
20764 174 12654
1221 4608
49463 174
28917
286
13101 12586
6461 8218
28220 3549
34019 3303
12637 174
13030 51395
52720
4713 25152
25152
18881
50300 174
8222
6720
4589
9304 3549
33891
202194
48526
4608
50304 57381
20932 174
3549 16397
51185
16397 263075
4134 4809
13237
49605
29140 174
8596
6661 198290 174
28329 6762
9002 12654
12586
22652
57381
174 3257 6762 31122 64396 174 29608 38930
29686
702
29608
198290
28138
38930 8283
15605
8218
51395
263075
3257
1136
6667
4809
6762
10429
196621
12654
64396
20612
16347
58308
31122
50620
8283
25091
3267
3303
1280
