#src/zombie.py
# GMT Mon Oct  1 04:15:46 2018
# 
37468 37239 1299 6453
24611 6661 51405
8447 6720 3320
57821 12586
198249 13030
28917 1299
22652 3257
198290 6661
34177 2914
8455 1299
48039 12586 8596
20080 1251 2914
31463 56730 3356
13101 12586 20764
50300 3356
8218 174
16735 22548 12956
12779 3257
8607 2914
30132 12859
37271 327995 9002
12350 1299
7738 263321 8167 3320 6453
3257 51395 3356 5396 41497 9304 29680 1103
47872 1299
263584 263321
41497
15576 47176 41562 6453 8220 196621
51185 174
3491 3491 3356 12389
23106 10429
50763 8943
28329 6762
38930 1299 8283
22548
30781 59689 2914
2895 3267
4777 2497
64396 174
47176 25435
8758 8220
41722 20764
3216 20764 31261 1273
41617 31261
3333 1257
3549 3356 4809
4637 1221 1239
29222 3303
37100 6453 327782
25227 12389
25160 174
9304
25074 9189 61157
29075 1299 58308
23148 25152 2828
1916 2914
20562 20764
52863 6762
6893 25091 2613
25091 13002
59891 51395
25152
29680
15605 12874
34019 20764
1239 3356 1257
2828 3356
12389
25435
7018 3356
327782 327960
8426 6453
6730 6730 3320 513
1273 1299 8468 6667
5392 6453
4608 1221
262757 28666
53070 10429
57381 50304
20764 13002 43100 12654 8220
3303 12874 3320
52873 52720 12956
7575 2914
37239
15547 8220
29691 13030
25933 8167
35054 3356
3252 9002
58299 13030
12874
174 3356 37497
43100
286 3356
45896 3356
56730
61157 3320
33891 3320 553
2914 35699 29686 19151 14361 29140 16347 3356 2497 4589 6661 9002 12637
15435 1299
1299 3356 49605 14061 62567 1299 13237 48526 2603 50304 1280 20932 8943 680 42708
12859 9002
1280
513
37497
16347
3267 2603
1257
8167
12586
263321
51395
9189
3356 6762 12956 6453 41095 3320
49463 13193
28666 4809
29140
327995
13237
8596
48526
12637
2497
34288 13030
50304 42708
28220 12956
1221
1103
34781 13030
31261
1251 52888
42708
9002 39821 12654
1836 20612 13030
49605
13030 202194 31424 41095
12956 10429
20612
8283
14061
13193 3320
20932
41095 12654
41562 198385
2603
202194
327960
29686
51405
8220 3320
3320 25220 8222
25220
29608 6453
6661
52888
5396
8222
6762
31424
35699
2613
62567
198385
553
19151
39821
58308
196621
6720
30844 6453
59689
6667
24482 6453
8468
14361
680
6453 6453
52720
8943
4809
4589
12654
13002
10429
