#src/zombie.py
# GMT Mon Oct  1 06:19:01 2018
# 
52873 52720 12956
1916 174
22548 16735
14061 1299
7018 1299
34781 42708
8447 50304 6720
12654 50304 29608
25160 42708
37239 36937
29075 29608
1836 50304 20612
5396 6762
8220 50304 8758
34288 29608
8468 50304
6461 7575 1299
34177 29608
7575
21320 513 2603
7738 1299 263321
37179 50304 327984
59891 51395
8455 50304
57821 12586
2603 50304
30844 50304
1251 52888 20080
35054 3356
680 553 174
16347 50304
56730 42708
20932 50304
8607 2914
35699 174
2895 3267
29691 57118 174
3356 14361 174 1299 3549
51405 29608
52888
1853 1764
263321 263584
327984
1221 4637 4608
12350 29608
1103 50304
49463 29608
39821 9002
53070 10429
286 1299
1764 50304
19151 174
3252 42708
6453 36937 174
25220 50304
28220 6762
9189 42708
12956 174 10429
22652 174
34019 29608
12637 50304
13030 198249 51395 58299 29608
20562 50304
41497 174
25152 6939
12859 50304
8758 196621
8222 1299
262589 28329 174
64396 174
9304 29608
36937
6939 50304 202194
202194
48526 50304
41095 42708
50300 50304
15435 50304
52720
37271 327995 1299
24482 29608
4608
50304 47872 42708 51185 20080 52320 50763 12779 6667 31424 30132 13237 1299 29140 3333 8283 57381 3267 174 62567 8218
47872
52863 4809
50763
3549 25933
51185
8426 29608
3491 174
4134 4809 1299
13237
49605 29608
29140
59689 29608
52320 16735
51395
8596 42708
15547 42708
5511 29608
2613 29608
28329
29680 174
3333
6720
12586 31025
4777 2497
20080
3267
5392 174
57381
58308 29608
174 20764 4637 6762 2914 174 29222 15605
29686 42708
58299
29608 31122 50620 43100 198290
198290
28138 16735
25933
15605
20764
8218
198385 42708
262317 10429
31424
42708 42708 9002 31025 28917 25091
513
57118
4637
4589 2914
3257 1299
12779
6667
4809
6762
10429
196621
2914 2497 1299
553
20612
1299 1280
16735
198249
2497
263584
31122
50620
31025
9002
8283
25091
43100
29222
327995
30132
1280
14361
28917
62567
