#src/zombie.py
# GMT Mon Oct  1 06:18:14 2018
# 
52873 18881 52720
1916 174
22548 16735
14061 1299
7018 2914
34781 13030
8447 3320 6720
53070 10429
37239 4809
29075 58308 174 1299 50620
5396 3356
6453 8426 29686 2914
701 2497 702 2914
8468 13101 3549 6661 30844 12654
25220 3320
3252 702
48039 12586 8596
16735 12956 28138
57821 12586
4589 3257
30844
35054 3356
35699 174
2895 29076
29691 57118 15576
3356 20764 41095 3320 20932 3549 51185 9002 1299 29222 174 2914 6461 14361 12956 8607
51405 24611
1853 1764
263321 263584 7738
4777 2497
26592 16397 3549
13030 1299 58299
9189 8422
30132 12859
19151 174
8220 5511 15547
1239 4809 2914
12956 7738 10429 2914 18881 28220
52720
12859 9002
5511 30781 48526 2914
6939 1280 7545 51395 8607
1273 6667 1299
15435 1299
37271 327995 1299
24482 174
24611 6661
4230 28513 262757
52863 4809
198385 202194 41562
8426
3491 28513 12389 2914
12874 3303 15605
327995
59689 30781
13237 1299
15547
29680 174
3333 1136
20080 6762
5392 174
25933 26615
31463 50300 56730
58299
1103 3257
29076 12389
20562 9002
24130 4608 7545
2613 6893
262317 10429
31424 33891
42708 50304 1299
513 3320
57118
50763 8943
41562 15576
12779 174
41095
2914 47872 3257 4134 286 6762 12654 8607 2497 3320 4713 9002 1299 174 16347
553 680
7738
1299 8943 24785 8732 49605 62567
8607 12654
198249 15576
8732 20764
2497
263584
7545
26615 6762 26615
6762 28329
4608
15576 196621 3303 34288 8758
14361
62567
25160 174
12389
34177 174
47872
24785 1136 24785
262757
34288
56730
7575 6461
30781
3320 33891 3320 3303 8222 13193 8422
59891 51395
8455 3257
8943
1836 174
6893 25091
680 174
13002 20764 25091
8758 20612
48526
8422
20764
28513
49463 13193
28917 39821 174
286
13101 12586
6461 8218
28220
34019 3303
12637 174
39821
41497 174
4713 25152
25152
18881
50300 174
8222
6720
9304 174
33891
202194
13193
50304 57381
20932
3549
51185
16397 263075
4134 4809
12350 174
49605
29140 174
8596
6661 198290 174
28329
9002 12654
12586
3303
22652 3257
57381
174 1764 64396 174 29608 38930
29686
702
29608
198290
28138
38930 8283
15605
8218
51395
263075
3257 31122
1136
6667
4809
29222
10429
196621
12654
64396
20612
16347
58308
31122
50620
8283
25091
1764
1280
