#src/zombie.py
# GMT Mon Oct  1 06:13:03 2018
# 
29608 5511
50620 174
8422 9189 174
2857 174
12989 53070 6939
22548 16735
264911 6939
57821 12586
62567 19151
174 64396 198385 16347 6453 29680 174 22652 198290 12956 20932 1916 31133 25160 41497 29636 29075 2914 50300 21320 12779 6762 3356 49463 19151 29140 3257 1299 1239 48039 48526 12637 7018 24482 1280 6730 680 5511 52320 3303 1273 31122
286 19151
12874 3303 15605
198249 13030
28917 1299
22652
198290
56730 31463
49605 9002
2914 12956 25220 20080 19151 8607 30781
12713 1273 47872
15435 1299
8455 8283 13030
28666 262757 4809
12859 6939
1280
513 6730
37497 6939
31133 31261
20080
16347
31463 50300
25512 1299 6881
15547 1299
1257 3333 1239
41497
50300
12586 20676
8218 6461
16735 1299 4809 6939
2497 19151
12779
5539 8763 21385
8607
3320 3303 6939
51395 3257 59891
13002 20764 25091
3356 20676 8426
37271 6939
4844 37989 6939
8763
49463
6939 31424 37640 8758 10026 263152 19151 4635 25152 263075 30844 263651 262317 37239 51405 28329 23148 21385 202032 12654 5396
4635 9304
29140
37239
3257
47872
6881
52863 6762
50304 42708 57381
8596 48039
48526
18881 52873 12956
12637
15576 6772 196621
34019 3303
34288 13030
15605
37989
262317
58299 13030
23106 52320
5511 5511
1103 2603
50763 8943
34781 13030
31261 41617
20612 1836
1251 28571 1916
52320
53067 10429
28571
14061 1299
31424
1273 6667 1299 25152
30781 59689
7575 6461
64396
1836 13030
680 680 553
13030 1299 35369 6772
1853 21320 6720
8758
12956 10429
8283
41617
3333
8732 20764 1299
8928 10026
9189
263075
52873 52720
8426
20932
37640
263651
59689
25160
4589 19151
29686 6453
9304
51405
29636
29075
28329
23148 25152
1916
21385
25220
202032
21320
5396
4809
6762
2603 19151
25091 6893
59891
2613 6893
10026
263152
198385 202194
553
25152 12654 19151
29680
19151 6461 9002
42708 1299
1299 8943
1239
196621
20676
6720
30844
202194
7018
6667
24482
48039
6730 6730
9002
6772
6453
262757
52720
35369
8943
6461
53070
57381
20764
3303
6893
12654
31122
10429
