#src/zombie.py
# GMT Mon Oct  1 06:30:56 2018
# 
1916 6939
14061 1299
7018 2914
34781 13030
8447 6939 6720
12654 2497
25160 174
8943 2914 50763
37989 4844
30844 6939
34288 15576
6461 2914 8218
20932 6939
2613 6893
30781 5511 59689
3320 513 3303 2497 3320 8422
16735 12956
59891 51395
8455 13030
3549 3356 52720
57821 6939
2603 2914 1103
8763 5539
50300 5580 31463
6893 25091
680 553 3356 680 174
8426 3356
174 198385 29636 41497 29140 64396 24482 174 49463 12779 9304 1764 2914 35369 37271 2857 29075 6661
13002 20764 25091
16347 6939
48526 6939
29636
3356 2497 9002 21385 22652
51405 6939
52888 1251
1853 1764
28917 6939
21385 5539
29608 5511
49463
53070 12989
286 2914
8422 9189
1764 8596 6939
202032 6939
19151 2914
6453 2914
25220 6939
37239 37271
4844 2914
12956 6939
23148 6939 25152
34019 3303
13030 51395 1299 1836
41497
25152
12859 3257 3333
1273 6667 1299
24482
6720
9304
5511 5511 2914
31463 56730
6939 262317 52863 263075 1251 28329 10026 49605 7575 264911 2497 31122 50620 20080 263152 15547 44217 37640 29686 58299 15435 8607 29208 12989
202194 198385
12989
50763
5580 3257
29075
52720
37271
29208 6881
50304 42708
47872 44217
52863
20764 8732
64396
198385
12874 3303 15605
49605
29140
59689
51395
8596
15547
6661 198290
264911
28329
29680 8928
3333
29691 15576
20080
22652
56730
57381 42708
263075
44217
9189
35369
29686
58299
1103
1251 28571
198290
38930 8283 1299
15605
8218
7575
262317
1836 20612
42708 1299
5539
513
57118 196621
4589 2497
3257 2914
263152
8732 1299
6667
10026 8928
37640
196621 15576
2914 2497 8928 1299 6762 2914 1280
553
15435
20612
1299 62567
12779
8607
198249 15576
2497
6881
31122
50620
8928
9002
8283
25091
6762
28571
15576 3303
3303
1280
2857
62567
