#src/zombie.py
# GMT Mon Oct  1 05:16:03 2018
# 
262375 14840 3549 263152
136620 136620 59891 62240
49605 1299
59689 8218
6720 1853
12637 3257
262317 6939
266534 16735
59414 13030 12307
15605 3356
2857 8365
14907 1299
29075 1299
202032 6939
3333 3257
52888 1916
22381 53070 16735
57866 8283 6453
16347 2914
45896 19151
29691 15576
6894 2516
8426 3356
20612 1836
3491 174
22652 3356
15685 6881 1299
34019 13193
20764 41722 3356
3356 39122 8455 1853 12586 56730 8896 2516 15576 3549 15547 6730 9002 1836 174
29608 6453
680 1299
8365 2914
20080 2914 1251
3549 22548 24611 52720 263702 52873 23106
9002
20495 8455
15547
2914 2497 25091 1280 1916 12859 29636 4844 7575 15562 198290 174 50300
50304 57381 1299
56730
6939 19151 1273 53067 8607 2613 37640 263075 264911 1299 6939
20932 1299
202194 198385
37468 6453
8455
53067
47692 6453
205206 42525
50877 6762
25152 12654 19151 1273
2516
49463 8218
34549 1299
39392 3257 29504
51405 24611
6730 513 6730
7018 174
15562
1103 3257
12654
6881
198249 13030
29680 3257
31122 3257
38001 6453
39351 12552
24611
1273 174 1299 6667
14840
59891
8943 50763 1299
52873
62240 1299
8607
6762 52863 41497 30844 22356 174
37640
28571 1251
48526 1299
4777 2497
28917 1299
57821 12586
263702
42525 1299
12779 3257
513
196621 15576
9304 3257
198385 15576
1916
37271 37239 6453
263075
15576 21232 3257
52720
50763
264911
12552 1299
6461 174 8218
25220 1299
263152
23106
37239
19151 174
25091
8283
50620 174
8218
12307
6667
3257 31742 29686 29140 174
262757 16735
4844 37989
553 1299
47147 1299
198290
6453 174 14061 24482 6453
1299 13030 34288 15435 174 16735 13193
64463 174
50300
29636
8896
41497
13030 35369 58299
1853
12586
29686
24482
12859
22548
53070
21232
57381
28634 22356
7575
34288
30844
1251
174 57111 25160 286
286
39122
52863
2497
16735 263508
37989
41722
15435
31742
1280
29140
57111
13193
14061
2613
263508
22356
1836
35369
58299
25160
29504
