#src/zombie.py
# GMT Mon Oct  1 05:45:00 2018
# 
52873 18881 52720
1916 2914
22548 3549
14061 1299
7018 174
34781 13030
198545 29152 174
20080 2914
53070 10429
37239 4809
29075 1299 50620
5396 3257
6453 3356
701 1280 174 2497 702
8468 9002
25220 3320
3252 702
16735 28138 1299 3549
57821 12586
3491 174 28513
30844 9002
35054 3549
35699 174
2895 3267
29691 57118 15576
3356 20764 47872 3320 9002 51185 8426 3549 34177 8732 5511 4134 6762 174 41095 14361
51405 24611
1853 9002
28917 39821 8359
4777 2497
1103 3257
13030 51395 1299 1836 58299
9189 8422
30132 12859
19151 174 12654
8220 3320 15547
1239 4637 174
12956 18881 174 28220 10429
263321 263584 7738
12859 9002
5511 30781 48526
29152 58308
50300 2914
15435 1299
37271 4809 327995
24482 174
24611 6661
4230 28513 262757
52863 4809
198385 202194 41562
8426
12874 3303 15605
327995
59689 30781
12350 174
15547
29680 174
3333 1136
59891 51395
5392 3549
25933 3549
51945 56730 9002
58299
52720
20562 9002
2613 25091
262317 10429
31424 33891
42708 57381 50304 1299
513 3320
57118
50763 8943
41562 15576
12779 3257
41095
2914 174 9002 4589
553 33891
7738 3320
1299 31122 1273 8943 49605 174 62567 38930 8422
8607 9002
198249 15576
8732 20764
2497
263584
4637 1221
34177
6762 28329 174
4608 1221
15576 196621 3303 34288 8758
14361
62567
25160 9002
4589
47872
262757
34288
56730
7575 6461
30781
3320 33891 3320 3303 8222 13193 6661
8455 3257
8943
1836
680 174
13002 20764 25091
8758 20612
8359 9002
8422
20764
1221
28513
49463 13193
286 1136 174 9002
13101 12586 174
6461 174 8218
28220
34019 3303
12637 3257
39821
41497 3257
25152 1273
18881
1273 6667
8222
64396 174
9304 3549
33891
202194
48526
13193 13193
50304
20932 174
3549 16397
51185
16397 263075
4134 4809
13237 9002
49605
29140 3257
8596 9002
6661 198290 9002
28329
9002 12654 6720
6720
12586
22652 174
57381
174 3257 29222 3267 174 29608
29686 3257
702
29608
198290
28138
38930 8283
15605
8218 16347
51395
263075
3257
1136
6667
4809
29222
10429
196621
12654
20612
16347
58308
31122
50620
8283
25091
3267
3303
1280
